// Start Time: Unknown
// Update Rate: 100.0Hz
// Filter Profile: human (46.1)
// Option Flags: AHS Disabled ICC Disabled 
// Firmware Version: 4.0.2
PacketCounter	SampleTimeFine	Mat[1][1]	Mat[2][1]	Mat[3][1]	Mat[1][2]	Mat[2][2]	Mat[3][2]	Mat[1][3]	Mat[2][3]	Mat[3][3]
51869		-0.079553	0.064349	-0.994751	-0.996131	0.032260	0.081750	0.037351	0.997406	0.061534
51870		-0.079584	0.064411	-0.994745	-0.996137	0.032019	0.081769	0.037117	0.997410	0.061614
51871		-0.079657	0.064473	-0.994735	-0.996140	0.031761	0.081828	0.036870	0.997414	0.061694
51872		-0.079716	0.064554	-0.994725	-0.996143	0.031537	0.081876	0.036656	0.997416	0.061791
51873		-0.079787	0.064638	-0.994714	-0.996144	0.031357	0.081939	0.036487	0.997416	0.061887
51874		-0.079886	0.064759	-0.994698	-0.996139	0.031253	0.082036	0.036400	0.997411	0.062012
51875		-0.079974	0.064860	-0.994685	-0.996133	0.031204	0.082125	0.036365	0.997406	0.062113
51876		-0.080051	0.064998	-0.994669	-0.996125	0.031243	0.082210	0.036420	0.997396	0.062245
51877		-0.080174	0.065066	-0.994655	-0.996116	0.031201	0.082333	0.036391	0.997393	0.062312
51878		-0.080265	0.065140	-0.994643	-0.996113	0.031077	0.082419	0.036280	0.997392	0.062392
51879		-0.080356	0.065186	-0.994632	-0.996111	0.030919	0.082502	0.036131	0.997394	0.062448
51880		-0.080455	0.065210	-0.994623	-0.996110	0.030722	0.082589	0.035942	0.997399	0.062484
51881		-0.080581	0.065224	-0.994612	-0.996112	0.030380	0.082695	0.035610	0.997408	0.062523
51882		-0.080726	0.065266	-0.994597	-0.996102	0.030319	0.082838	0.035562	0.997407	0.062564
51883		-0.080903	0.065314	-0.994580	-0.996095	0.030092	0.083003	0.035350	0.997411	0.062624
51884		-0.081055	0.065334	-0.994566	-0.996084	0.030046	0.083152	0.035316	0.997411	0.062642
51885		-0.081204	0.065365	-0.994552	-0.996071	0.030067	0.083304	0.035349	0.997408	0.062667
51886		-0.081327	0.065394	-0.994540	-0.996059	0.030095	0.083430	0.035386	0.997406	0.062689
51887		-0.081403	0.065422	-0.994532	-0.996055	0.030031	0.083503	0.035329	0.997406	0.062719
51888		-0.081493	0.065458	-0.994522	-0.996050	0.029957	0.083590	0.035264	0.997406	0.062758
51889		-0.081564	0.065444	-0.994517	-0.996052	0.029733	0.083647	0.035044	0.997413	0.062761
51890		-0.081601	0.065445	-0.994514	-0.996054	0.029591	0.083674	0.034905	0.997417	0.062772
51891		-0.081622	0.065473	-0.994510	-0.996058	0.029419	0.083686	0.034737	0.997421	0.062814
51892		-0.081665	0.065487	-0.994506	-0.996059	0.029278	0.083721	0.034600	0.997424	0.062838
51893		-0.081726	0.065458	-0.994503	-0.996059	0.029134	0.083772	0.034458	0.997430	0.062819
51894		-0.081742	0.065482	-0.994500	-0.996060	0.029066	0.083784	0.034393	0.997430	0.062848
51895		-0.081768	0.065490	-0.994497	-0.996059	0.029023	0.083807	0.034352	0.997431	0.062859
51896		-0.081770	0.065459	-0.994499	-0.996065	0.028865	0.083799	0.034191	0.997438	0.062841
51897		-0.081753	0.065385	-0.994506	-0.996069	0.028775	0.083773	0.034095	0.997445	0.062776
51898		-0.081787	0.065342	-0.994506	-0.996066	0.028788	0.083807	0.034106	0.997448	0.062731
51899		-0.081841	0.065327	-0.994502	-0.996064	0.028709	0.083856	0.034029	0.997451	0.062721
51900		-0.081882	0.065359	-0.994497	-0.996057	0.028831	0.083906	0.034157	0.997445	0.062740
51901		-0.081900	0.065381	-0.994494	-0.996052	0.028918	0.083929	0.034246	0.997441	0.062755
51902		-0.081961	0.065453	-0.994484	-0.996042	0.029041	0.084001	0.034379	0.997433	0.062814
51903		-0.082015	0.065418	-0.994482	-0.996042	0.028932	0.084047	0.034270	0.997438	0.062787
51904		-0.082029	0.065398	-0.994482	-0.996038	0.029018	0.084066	0.034355	0.997437	0.062758
51905		-0.082023	0.065325	-0.994487	-0.996037	0.029053	0.084059	0.034384	0.997441	0.062683
51906		-0.082015	0.065292	-0.994490	-0.996032	0.029227	0.084061	0.034555	0.997438	0.062636
51907		-0.082004	0.065229	-0.994495	-0.996026	0.029442	0.084061	0.034763	0.997436	0.062556
51908		-0.082016	0.065232	-0.994494	-0.996015	0.029704	0.084090	0.035026	0.997428	0.062536
51909		-0.082022	0.065239	-0.994493	-0.996005	0.029976	0.084113	0.035298	0.997419	0.062520
51910		-0.081966	0.065307	-0.994493	-0.995998	0.030301	0.084080	0.035625	0.997405	0.062562
51911		-0.081978	0.065381	-0.994487	-0.995992	0.030431	0.084102	0.035761	0.997396	0.062625
51912		-0.081943	0.065365	-0.994491	-0.995990	0.030574	0.084076	0.035901	0.997393	0.062598
51913		-0.081960	0.065333	-0.994492	-0.995997	0.030360	0.084079	0.035686	0.997402	0.062583
51914		-0.081927	0.065295	-0.994497	-0.996001	0.030309	0.084041	0.035630	0.997406	0.062551
51915		-0.081888	0.065242	-0.994504	-0.996006	0.030266	0.083998	0.035580	0.997410	0.062503
51916		-0.081882	0.065216	-0.994506	-0.996004	0.030336	0.083994	0.035647	0.997410	0.062472
51917		-0.081898	0.065201	-0.994506	-0.995999	0.030439	0.084017	0.035750	0.997408	0.062447
51918		-0.081855	0.065230	-0.994507	-0.995993	0.030726	0.083993	0.036036	0.997397	0.062453
51919		-0.081829	0.065269	-0.994507	-0.995986	0.030972	0.083984	0.036283	0.997387	0.062473
51920		-0.081745	0.065316	-0.994511	-0.995980	0.031316	0.083923	0.036626	0.997373	0.062493
51921		-0.081717	0.065352	-0.994511	-0.995974	0.031539	0.083909	0.036850	0.997364	0.062512
51922		-0.081675	0.065417	-0.994510	-0.995968	0.031794	0.083886	0.037107	0.997351	0.062557
51923		-0.081631	0.065423	-0.994513	-0.995968	0.031887	0.083848	0.037198	0.997348	0.062556
51924		-0.081576	0.065430	-0.994517	-0.995965	0.032086	0.083805	0.037394	0.997341	0.062549
51925		-0.081571	0.065416	-0.994518	-0.995960	0.032251	0.083811	0.037556	0.997337	0.062521
51926		-0.081549	0.065387	-0.994522	-0.995953	0.032479	0.083802	0.037781	0.997331	0.062474
51927		-0.081494	0.065385	-0.994527	-0.995953	0.032604	0.083755	0.037902	0.997327	0.062463
51928		-0.081451	0.065381	-0.994531	-0.995946	0.032871	0.083728	0.038166	0.997319	0.062438
51929		-0.081437	0.065385	-0.994531	-0.995940	0.033076	0.083727	0.038370	0.997312	0.062426
51930		-0.081401	0.065393	-0.994534	-0.995931	0.033378	0.083710	0.038670	0.997301	0.062409
51931		-0.081363	0.065368	-0.994539	-0.995924	0.033639	0.083687	0.038926	0.997294	0.062365
51932		-0.081340	0.065368	-0.994540	-0.995914	0.033940	0.083683	0.039225	0.997284	0.062341
51933		-0.081323	0.065396	-0.994540	-0.995912	0.034039	0.083673	0.039325	0.997279	0.062361
51934		-0.081315	0.065397	-0.994541	-0.995905	0.034233	0.083678	0.039519	0.997272	0.062345
51935		-0.081282	0.065364	-0.994546	-0.995903	0.034349	0.083650	0.039629	0.997270	0.062304
51936		-0.081288	0.065356	-0.994546	-0.995894	0.034559	0.083669	0.039838	0.997263	0.062278
51937		-0.081300	0.065316	-0.994547	-0.995887	0.034714	0.083689	0.039991	0.997261	0.062225
51938		-0.081346	0.065286	-0.994545	-0.995874	0.034937	0.083748	0.040214	0.997255	0.062175
51939		-0.081385	0.065227	-0.994546	-0.995867	0.035050	0.083791	0.040325	0.997255	0.062105
51940		-0.081410	0.065188	-0.994547	-0.995854	0.035326	0.083832	0.040599	0.997248	0.062041
51941		-0.081432	0.065120	-0.994549	-0.995849	0.035407	0.083857	0.040674	0.997249	0.061966
51942		-0.081443	0.065118	-0.994548	-0.995835	0.035722	0.083888	0.040990	0.997238	0.061938
51943		-0.081445	0.065093	-0.994550	-0.995824	0.035974	0.083904	0.041240	0.997231	0.061891
51944		-0.081465	0.065051	-0.994551	-0.995818	0.036076	0.083929	0.041339	0.997230	0.061840
51945		-0.081475	0.064970	-0.994556	-0.995816	0.036122	0.083937	0.041379	0.997233	0.061755
51946		-0.081496	0.064938	-0.994556	-0.995817	0.036067	0.083955	0.041322	0.997237	0.061727
51947		-0.081515	0.064871	-0.994559	-0.995825	0.035834	0.083956	0.041086	0.997250	0.061680
51948		-0.081525	0.064820	-0.994561	-0.995832	0.035656	0.083953	0.040904	0.997260	0.061643
51949		-0.081557	0.064776	-0.994561	-0.995838	0.035428	0.083970	0.040674	0.997271	0.061617
51950		-0.081552	0.064724	-0.994565	-0.995841	0.035373	0.083959	0.040615	0.997276	0.061570
51951		-0.081582	0.064710	-0.994564	-0.995845	0.035212	0.083978	0.040455	0.997283	0.061569
51952		-0.081645	0.064690	-0.994560	-0.995842	0.035171	0.084038	0.040416	0.997285	0.061550
51953		-0.081656	0.064654	-0.994561	-0.995849	0.034970	0.084035	0.040213	0.997295	0.061530
51954		-0.081719	0.064637	-0.994557	-0.995847	0.034877	0.084092	0.040122	0.997299	0.061519
51955		-0.081778	0.064611	-0.994554	-0.995851	0.034668	0.084137	0.039916	0.997308	0.061508
51956		-0.081842	0.064599	-0.994550	-0.995852	0.034505	0.084190	0.039756	0.997315	0.061507
51957		-0.081936	0.064560	-0.994544	-0.995847	0.034428	0.084278	0.039681	0.997320	0.061471
51958		-0.081985	0.064545	-0.994541	-0.995844	0.034406	0.084325	0.039661	0.997321	0.061456
51959		-0.082029	0.064534	-0.994538	-0.995841	0.034401	0.084369	0.039658	0.997322	0.061444
51960		-0.082049	0.064553	-0.994536	-0.995830	0.034612	0.084402	0.039871	0.997314	0.061444
51961		-0.082104	0.064596	-0.994528	-0.995822	0.034707	0.084465	0.039973	0.997308	0.061476
51962		-0.082104	0.064675	-0.994523	-0.995812	0.034941	0.084482	0.040213	0.997295	0.061535
51963		-0.082076	0.064699	-0.994524	-0.995811	0.035034	0.084461	0.040307	0.997290	0.061553
51964		-0.082043	0.064691	-0.994527	-0.995813	0.035055	0.084429	0.040325	0.997289	0.061544
51965		-0.082018	0.064650	-0.994532	-0.995811	0.035140	0.084408	0.040405	0.997289	0.061497
51966		-0.081991	0.064588	-0.994538	-0.995814	0.035139	0.084378	0.040397	0.997293	0.061436
51967		-0.081914	0.064562	-0.994546	-0.995820	0.035163	0.084301	0.040414	0.997294	0.061411
51968		-0.081846	0.064456	-0.994558	-0.995828	0.035110	0.084226	0.040348	0.997303	0.061313
51969		-0.081821	0.064369	-0.994566	-0.995837	0.034940	0.084186	0.040169	0.997314	0.061242
51970		-0.081747	0.064351	-0.994573	-0.995845	0.034893	0.084109	0.040117	0.997317	0.061232
51971		-0.081686	0.064318	-0.994581	-0.995854	0.034802	0.084042	0.040019	0.997322	0.061209
51972		-0.081613	0.064331	-0.994586	-0.995860	0.034810	0.083969	0.040024	0.997321	0.061224
51973		-0.081539	0.064297	-0.994594	-0.995870	0.034735	0.083889	0.039941	0.997326	0.061199
51974		-0.081451	0.064282	-0.994602	-0.995876	0.034760	0.083802	0.039959	0.997326	0.061186
51975		-0.081419	0.064208	-0.994610	-0.995880	0.034722	0.083764	0.039914	0.997332	0.061117
51976		-0.081393	0.064120	-0.994617	-0.995888	0.034597	0.083727	0.039779	0.997342	0.061041
51977		-0.081463	0.063988	-0.994620	-0.995897	0.034226	0.083769	0.039402	0.997364	0.060937
51978		-0.081464	0.063852	-0.994629	-0.995903	0.034095	0.083757	0.039259	0.997377	0.060813
51979		-0.081502	0.063701	-0.994635	-0.995908	0.033891	0.083777	0.039045	0.997393	0.060678
51980		-0.081536	0.063589	-0.994640	-0.995905	0.033898	0.083807	0.039045	0.997400	0.060565
51981		-0.081638	0.063491	-0.994638	-0.995902	0.033772	0.083897	0.038917	0.997411	0.060474
51982		-0.081712	0.063451	-0.994634	-0.995890	0.033920	0.083979	0.039067	0.997408	0.060419
51983		-0.081795	0.063401	-0.994631	-0.995885	0.033863	0.084057	0.039011	0.997413	0.060370
51984		-0.081898	0.063389	-0.994623	-0.995876	0.033889	0.084161	0.039042	0.997413	0.060352
51985		-0.082002	0.063294	-0.994620	-0.995877	0.033640	0.084246	0.038791	0.997428	0.060274
51986		-0.082091	0.063258	-0.994615	-0.995871	0.033613	0.084333	0.038767	0.997431	0.060238
51987		-0.082246	0.063214	-0.994605	-0.995865	0.033423	0.084474	0.038582	0.997440	0.060203
51988		-0.082370	0.063145	-0.994599	-0.995857	0.033372	0.084592	0.038534	0.997446	0.060134
51989		-0.082490	0.063102	-0.994592	-0.995844	0.033433	0.084715	0.038598	0.997447	0.060082
51990		-0.082613	0.063063	-0.994584	-0.995833	0.033455	0.084838	0.038624	0.997449	0.060036
51991		-0.082748	0.063107	-0.994570	-0.995820	0.033483	0.084977	0.038664	0.997445	0.060072
51992		-0.082865	0.063122	-0.994560	-0.995809	0.033510	0.085096	0.038699	0.997443	0.060081
51993		-0.082942	0.063177	-0.994550	-0.995806	0.033406	0.085169	0.038605	0.997443	0.060141
51994		-0.082971	0.063223	-0.994544	-0.995804	0.033407	0.085200	0.038612	0.997440	0.060186
51995		-0.083011	0.063239	-0.994540	-0.995808	0.033203	0.085228	0.038411	0.997446	0.060218
51996		-0.083034	0.063275	-0.994536	-0.995808	0.033151	0.085249	0.038364	0.997445	0.060257
51997		-0.083041	0.063308	-0.994533	-0.995808	0.033140	0.085257	0.038356	0.997444	0.060290
51998		-0.083084	0.063378	-0.994525	-0.995802	0.033176	0.085305	0.038401	0.997438	0.060356
51999		-0.083122	0.063442	-0.994518	-0.995800	0.033155	0.085344	0.038388	0.997435	0.060419
52000		-0.083144	0.063537	-0.994510	-0.995795	0.033230	0.085375	0.038472	0.997426	0.060507
52001		-0.083183	0.063631	-0.994501	-0.995792	0.033207	0.085416	0.038460	0.997421	0.060601
52002		-0.083213	0.063679	-0.994495	-0.995790	0.033173	0.085445	0.038432	0.997419	0.060650
52003		-0.083204	0.063689	-0.994495	-0.995799	0.032962	0.085424	0.038221	0.997425	0.060679
52004		-0.083145	0.063701	-0.994499	-0.995807	0.032881	0.085361	0.038137	0.997427	0.060700
52005		-0.083096	0.063644	-0.994507	-0.995818	0.032707	0.085299	0.037956	0.997437	0.060660
52006		-0.083071	0.063653	-0.994509	-0.995822	0.032675	0.085272	0.037923	0.997437	0.060672
52007		-0.083029	0.063641	-0.994513	-0.995828	0.032598	0.085225	0.037843	0.997440	0.060669
52008		-0.082962	0.063665	-0.994517	-0.995832	0.032659	0.085163	0.037901	0.997437	0.060690
52009		-0.082895	0.063702	-0.994520	-0.995829	0.032868	0.085109	0.038109	0.997428	0.060711
52010		-0.082812	0.063755	-0.994524	-0.995827	0.033107	0.085043	0.038348	0.997416	0.060747
52011		-0.082740	0.063770	-0.994529	-0.995830	0.033198	0.084977	0.038435	0.997412	0.060757
52012		-0.082630	0.063803	-0.994536	-0.995830	0.033438	0.084883	0.038671	0.997402	0.060774
52013		-0.082539	0.063815	-0.994543	-0.995839	0.033392	0.084789	0.038621	0.997403	0.060793
52014		-0.082458	0.063844	-0.994547	-0.995843	0.033472	0.084714	0.038698	0.997398	0.060819
52015		-0.082372	0.063806	-0.994557	-0.995852	0.033432	0.084624	0.038650	0.997402	0.060788
52016		-0.082258	0.063780	-0.994568	-0.995865	0.033336	0.084503	0.038544	0.997407	0.060774
52017		-0.082209	0.063766	-0.994573	-0.995875	0.033192	0.084445	0.038396	0.997413	0.060774
52018		-0.082116	0.063776	-0.994580	-0.995885	0.033148	0.084349	0.038348	0.997414	0.060792
52019		-0.082036	0.063788	-0.994586	-0.995889	0.033224	0.084274	0.038420	0.997410	0.060800
52020		-0.081984	0.063810	-0.994589	-0.995894	0.033196	0.084221	0.038390	0.997410	0.060827
52021		-0.081954	0.063822	-0.994591	-0.995899	0.033143	0.084189	0.038336	0.997411	0.060844
52022		-0.081852	0.063844	-0.994597	-0.995903	0.033241	0.084094	0.038430	0.997406	0.060862
52023		-0.081821	0.063914	-0.994596	-0.995904	0.033281	0.084067	0.038474	0.997400	0.060929
52024		-0.081788	0.063906	-0.994599	-0.995907	0.033283	0.084034	0.038474	0.997401	0.060922
52025		-0.081748	0.063880	-0.994604	-0.995915	0.033160	0.083985	0.038346	0.997407	0.060908
52026		-0.081696	0.063872	-0.994609	-0.995923	0.033076	0.083928	0.038258	0.997410	0.060909
52027		-0.081651	0.063851	-0.994614	-0.995933	0.032919	0.083873	0.038097	0.997416	0.060903
52028		-0.081640	0.063824	-0.994616	-0.995938	0.032796	0.083853	0.037971	0.997422	0.060887
52029		-0.081625	0.063783	-0.994620	-0.995949	0.032557	0.083821	0.037728	0.997433	0.060867
52030		-0.081641	0.063743	-0.994621	-0.995953	0.032413	0.083827	0.037582	0.997440	0.060839
52031		-0.081592	0.063707	-0.994628	-0.995959	0.032353	0.083774	0.037516	0.997444	0.060810
52032		-0.081601	0.063651	-0.994631	-0.995963	0.032243	0.083774	0.037402	0.997451	0.060763
52033		-0.081587	0.063580	-0.994636	-0.995965	0.032238	0.083756	0.037391	0.997456	0.060693
52034		-0.081574	0.063547	-0.994639	-0.995967	0.032202	0.083741	0.037351	0.997459	0.060664
52035		-0.081550	0.063527	-0.994643	-0.995966	0.032283	0.083720	0.037429	0.997458	0.060639
52036		-0.081538	0.063559	-0.994642	-0.995966	0.032304	0.083710	0.037451	0.997455	0.060669
52037		-0.081530	0.063583	-0.994641	-0.995969	0.032237	0.083699	0.037386	0.997456	0.060698
52038		-0.081503	0.063586	-0.994643	-0.995970	0.032275	0.083675	0.037423	0.997454	0.060700
52039		-0.081508	0.063554	-0.994644	-0.995972	0.032224	0.083675	0.037369	0.997458	0.060672
52040		-0.081523	0.063542	-0.994644	-0.995973	0.032169	0.083687	0.037314	0.997461	0.060664
52041		-0.081537	0.063475	-0.994647	-0.995980	0.031945	0.083685	0.037086	0.997472	0.060615
52042		-0.081560	0.063416	-0.994649	-0.995984	0.031781	0.083696	0.036918	0.997481	0.060569
52043		-0.081593	0.063358	-0.994650	-0.995987	0.031645	0.083719	0.036780	0.997489	0.060521
52044		-0.081601	0.063297	-0.994653	-0.995988	0.031605	0.083722	0.036735	0.997494	0.060464
52045		-0.081570	0.063272	-0.994657	-0.995985	0.031760	0.083699	0.036886	0.997491	0.060428
52046		-0.081549	0.063250	-0.994660	-0.995982	0.031883	0.083685	0.037006	0.997488	0.060395
52047		-0.081563	0.063214	-0.994662	-0.995975	0.032055	0.083707	0.037175	0.997485	0.060345
52048		-0.081603	0.063179	-0.994660	-0.995968	0.032136	0.083752	0.037256	0.997485	0.060301
52049		-0.081646	0.063116	-0.994661	-0.995958	0.032312	0.083802	0.037428	0.997483	0.060223
52050		-0.081651	0.063073	-0.994663	-0.995950	0.032518	0.083819	0.037631	0.997479	0.060163
52051		-0.081669	0.063016	-0.994665	-0.995943	0.032683	0.083845	0.037792	0.997477	0.060091
52052		-0.081682	0.062956	-0.994668	-0.995936	0.032836	0.083864	0.037940	0.997476	0.060018
52053		-0.081721	0.062877	-0.994670	-0.995932	0.032851	0.083901	0.037952	0.997480	0.059936
52054		-0.081783	0.062821	-0.994668	-0.995928	0.032824	0.083960	0.037923	0.997485	0.059881
52055		-0.081868	0.062757	-0.994665	-0.995925	0.032740	0.084037	0.037839	0.997492	0.059821
52056		-0.081924	0.062692	-0.994665	-0.995924	0.032643	0.084085	0.037740	0.997499	0.059763
52057		-0.081984	0.062664	-0.994662	-0.995922	0.032558	0.084139	0.037657	0.997504	0.059739
52058		-0.081992	0.062634	-0.994663	-0.995921	0.032573	0.084147	0.037669	0.997505	0.059707
52059		-0.081949	0.062626	-0.994667	-0.995923	0.032606	0.084105	0.037699	0.997504	0.059699
52060		-0.081903	0.062656	-0.994669	-0.995925	0.032664	0.084064	0.037757	0.997501	0.059725
52061		-0.081915	0.062614	-0.994670	-0.995933	0.032420	0.084060	0.037511	0.997511	0.059704
52062		-0.081911	0.062630	-0.994670	-0.995935	0.032369	0.084053	0.037461	0.997512	0.059724
52063		-0.081905	0.062644	-0.994669	-0.995942	0.032208	0.084038	0.037301	0.997516	0.059752
52064		-0.081888	0.062673	-0.994669	-0.995948	0.032071	0.084014	0.037165	0.997519	0.059793
52065		-0.081856	0.062687	-0.994671	-0.995960	0.031837	0.083969	0.036931	0.997525	0.059828
52066		-0.081778	0.062733	-0.994674	-0.995972	0.031672	0.083883	0.036765	0.997528	0.059890
52067		-0.081716	0.062755	-0.994678	-0.995984	0.031494	0.083810	0.036586	0.997532	0.059930
52068		-0.081617	0.062820	-0.994682	-0.995994	0.031454	0.083711	0.036546	0.997529	0.060001
52069		-0.081559	0.062871	-0.994684	-0.996004	0.031309	0.083646	0.036401	0.997530	0.060067
52070		-0.081455	0.062933	-0.994688	-0.996019	0.031112	0.083532	0.036203	0.997533	0.060149
52071		-0.081451	0.062974	-0.994686	-0.996030	0.030813	0.083512	0.035908	0.997539	0.060214
52072		-0.081361	0.063032	-0.994690	-0.996047	0.030562	0.083409	0.035657	0.997543	0.060296
52073		-0.081353	0.063112	-0.994685	-0.996054	0.030358	0.083391	0.035459	0.997545	0.060393
52074		-0.081317	0.063237	-0.994680	-0.996062	0.030212	0.083351	0.035322	0.997541	0.060531
52075		-0.081298	0.063346	-0.994675	-0.996069	0.030058	0.083326	0.035176	0.997539	0.060653
52076		-0.081281	0.063470	-0.994668	-0.996071	0.030015	0.083311	0.035143	0.997532	0.060781
52077		-0.081252	0.063558	-0.994665	-0.996077	0.029906	0.083279	0.035040	0.997530	0.060878
52078		-0.081236	0.063619	-0.994662	-0.996083	0.029789	0.083257	0.034927	0.997530	0.060950
52079		-0.081207	0.063645	-0.994663	-0.996093	0.029569	0.083216	0.034708	0.997534	0.060995
52080		-0.081169	0.063666	-0.994665	-0.996100	0.029451	0.083172	0.034589	0.997537	0.061027
52081		-0.081161	0.063632	-0.994668	-0.996113	0.029094	0.083140	0.034229	0.997549	0.061023
52082		-0.081137	0.063644	-0.994669	-0.996119	0.028991	0.083110	0.034126	0.997551	0.061045
52083		-0.081080	0.063665	-0.994672	-0.996125	0.028946	0.083051	0.034080	0.997551	0.061072
52084		-0.081008	0.063777	-0.994671	-0.996128	0.029013	0.082987	0.034151	0.997542	0.061180
52085		-0.080955	0.063876	-0.994669	-0.996129	0.029105	0.082943	0.034248	0.997533	0.061273
52086		-0.080930	0.063889	-0.994670	-0.996135	0.029002	0.082912	0.034145	0.997535	0.061295
52087		-0.080905	0.063928	-0.994670	-0.996141	0.028868	0.082880	0.034012	0.997537	0.061345
52088		-0.080901	0.063915	-0.994671	-0.996147	0.028726	0.082867	0.033870	0.997542	0.061345
52089		-0.080890	0.063881	-0.994674	-0.996156	0.028479	0.082840	0.033619	0.997551	0.061331
52090		-0.080873	0.063843	-0.994678	-0.996163	0.028302	0.082810	0.033438	0.997559	0.061310
52091		-0.080846	0.063817	-0.994682	-0.996175	0.028026	0.082765	0.033159	0.997568	0.061307
52092		-0.080787	0.063798	-0.994688	-0.996184	0.027907	0.082699	0.033035	0.997573	0.061300
52093		-0.080764	0.063787	-0.994690	-0.996196	0.027596	0.082656	0.032722	0.997582	0.061316
52094		-0.080774	0.063766	-0.994691	-0.996199	0.027470	0.082657	0.032595	0.997587	0.061305
52095		-0.080792	0.063698	-0.994693	-0.996208	0.027151	0.082654	0.032272	0.997600	0.061263
52096		-0.080835	0.063614	-0.994695	-0.996212	0.026948	0.082682	0.032064	0.997611	0.061194
52097		-0.080922	0.063495	-0.994696	-0.996216	0.026602	0.082744	0.031715	0.997628	0.061102
52098		-0.080977	0.063366	-0.994700	-0.996217	0.026430	0.082785	0.031536	0.997640	0.060987
52099		-0.081016	0.063227	-0.994705	-0.996214	0.026427	0.082819	0.031524	0.997649	0.060846
52100		-0.081076	0.063189	-0.994703	-0.996203	0.026629	0.082890	0.031726	0.997646	0.060790
52101		-0.081102	0.063172	-0.994702	-0.996191	0.026936	0.082934	0.032032	0.997639	0.060746
52102		-0.081148	0.063203	-0.994696	-0.996177	0.027231	0.083000	0.032333	0.997629	0.060752
52103		-0.081252	0.063206	-0.994687	-0.996164	0.027373	0.083112	0.032481	0.997625	0.060739
52104		-0.081286	0.063192	-0.994686	-0.996159	0.027438	0.083150	0.032547	0.997624	0.060719
52105		-0.081355	0.063105	-0.994685	-0.996158	0.027301	0.083208	0.032406	0.997633	0.060641
52106		-0.081397	0.062980	-0.994690	-0.996159	0.027182	0.083238	0.032280	0.997645	0.060526
52107		-0.081444	0.062825	-0.994696	-0.996163	0.026942	0.083266	0.032030	0.997661	0.060390
52108		-0.081479	0.062724	-0.994699	-0.996165	0.026791	0.083289	0.031873	0.997671	0.060300
52109		-0.081518	0.062620	-0.994703	-0.996169	0.026587	0.083312	0.031663	0.997683	0.060212
52110		-0.081492	0.062560	-0.994709	-0.996172	0.026549	0.083281	0.031619	0.997688	0.060157
52111		-0.081455	0.062547	-0.994713	-0.996179	0.026446	0.083238	0.031512	0.997692	0.060153
52112		-0.081368	0.062562	-0.994719	-0.996184	0.026524	0.083156	0.031586	0.997689	0.060165
52113		-0.081295	0.062558	-0.994725	-0.996185	0.026682	0.083092	0.031740	0.997685	0.060150
52114		-0.081207	0.062542	-0.994733	-0.996191	0.026723	0.083006	0.031774	0.997685	0.060133
52115		-0.081160	0.062447	-0.994743	-0.996196	0.026681	0.082953	0.031720	0.997692	0.060044
52116		-0.081147	0.062381	-0.994748	-0.996199	0.026624	0.082935	0.031657	0.997697	0.059983
52117		-0.081163	0.062315	-0.994751	-0.996205	0.026394	0.082935	0.031423	0.997707	0.059937
52118		-0.081131	0.062277	-0.994756	-0.996210	0.026340	0.082898	0.031365	0.997711	0.059904
52119		-0.081132	0.062236	-0.994758	-0.996207	0.026418	0.082903	0.031439	0.997712	0.059856
52120		-0.081063	0.062308	-0.994760	-0.996202	0.026761	0.082857	0.031784	0.997698	0.059902
52121		-0.080923	0.062393	-0.994766	-0.996206	0.026985	0.082733	0.032006	0.997687	0.059973
52122		-0.080779	0.062544	-0.994768	-0.996201	0.027517	0.082625	0.032540	0.997663	0.060083
52123		-0.080636	0.062718	-0.994768	-0.996196	0.028007	0.082517	0.033035	0.997638	0.060221
52124		-0.080508	0.062877	-0.994769	-0.996196	0.028309	0.082412	0.033343	0.997620	0.060358
52125		-0.080444	0.062996	-0.994766	-0.996202	0.028288	0.082351	0.033327	0.997613	0.060481
52126		-0.080326	0.063092	-0.994770	-0.996214	0.028199	0.082231	0.033240	0.997609	0.060588
52127		-0.080245	0.063146	-0.994773	-0.996229	0.027966	0.082138	0.033007	0.997612	0.060664
52128		-0.080096	0.063382	-0.994770	-0.996244	0.027856	0.081989	0.032907	0.997601	0.060912
52129		-0.079904	0.063831	-0.994757	-0.996257	0.027888	0.081814	0.032964	0.997571	0.061364
52130		-0.079655	0.064385	-0.994741	-0.996268	0.028143	0.081599	0.033249	0.997528	0.061903
52131		-0.079421	0.064899	-0.994726	-0.996269	0.028629	0.081412	0.033761	0.997481	0.062383
52132		-0.079206	0.065499	-0.994704	-0.996259	0.029393	0.081266	0.034560	0.997420	0.062926
52133		-0.078944	0.066204	-0.994678	-0.996250	0.030198	0.081078	0.035405	0.997349	0.063571
52134		-0.078714	0.067087	-0.994637	-0.996223	0.031407	0.080958	0.036670	0.997253	0.064361
52135		-0.078434	0.067989	-0.994598	-0.996200	0.032553	0.080785	0.037869	0.997155	0.065177
52136		-0.078087	0.068982	-0.994557	-0.996177	0.033782	0.080558	0.039155	0.997046	0.066081
52137		-0.077794	0.070003	-0.994509	-0.996154	0.034867	0.080377	0.040303	0.996937	0.067022
52138		-0.077369	0.071175	-0.994459	-0.996126	0.036296	0.080097	0.041795	0.996803	0.068091
52139		-0.076810	0.072519	-0.994405	-0.996088	0.038133	0.079721	0.043701	0.996638	0.069306
52140		-0.075987	0.074021	-0.994357	-0.996037	0.040595	0.079137	0.046224	0.996430	0.070643
52141		-0.074752	0.075722	-0.994323	-0.995985	0.043573	0.078195	0.049247	0.996176	0.072161
52142		-0.072995	0.077757	-0.994297	-0.995925	0.047268	0.076811	0.052971	0.995851	0.073990
52143		-0.070760	0.080275	-0.994258	-0.995816	0.052098	0.075077	0.057825	0.995410	0.076253
52144		-0.068169	0.083356	-0.994185	-0.995615	0.058295	0.073155	0.064054	0.994813	0.079017
52145		-0.065549	0.086897	-0.994058	-0.995332	0.065019	0.071317	0.070830	0.994093	0.082230
52146		-0.063004	0.091135	-0.993844	-0.994951	0.072216	0.069696	0.078123	0.993217	0.086125
52147		-0.060613	0.096189	-0.993516	-0.994485	0.079530	0.068372	0.085591	0.992181	0.090838
52148		-0.058391	0.101718	-0.993098	-0.993941	0.086868	0.067338	0.093118	0.991013	0.096030
52149		-0.056326	0.107050	-0.992657	-0.993359	0.093901	0.066493	0.100330	0.989810	0.101049
52150		-0.054265	0.111861	-0.992241	-0.992758	0.100614	0.065637	0.107176	0.988617	0.105591
52151		-0.052296	0.116246	-0.991843	-0.992214	0.106374	0.064783	0.113037	0.987508	0.109778
52152		-0.050427	0.120461	-0.991437	-0.991660	0.111848	0.064028	0.118603	0.986397	0.113816
52153		-0.048755	0.124751	-0.990989	-0.991168	0.116464	0.063425	0.123327	0.985329	0.117971
52154		-0.047214	0.129351	-0.990474	-0.990590	0.121457	0.063081	0.128459	0.984132	0.122399
52155		-0.046097	0.134219	-0.989879	-0.989881	0.126987	0.063316	0.134200	0.982781	0.127007
52156		-0.045462	0.139299	-0.989206	-0.989055	0.132865	0.064165	0.140369	0.981296	0.131734
52157		-0.045348	0.144322	-0.988491	-0.988174	0.138607	0.065571	0.146475	0.979775	0.136330
52158		-0.045641	0.149105	-0.987767	-0.987223	0.144384	0.067411	0.152669	0.978223	0.140610
52159		-0.046460	0.153532	-0.987051	-0.986294	0.149557	0.069688	0.158319	0.976760	0.144479
52160		-0.047758	0.157439	-0.986373	-0.985457	0.153792	0.072261	0.163073	0.975480	0.147804
52161		-0.049679	0.160947	-0.985712	-0.984783	0.156671	0.075213	0.166538	0.974449	0.150714
52162		-0.051987	0.164173	-0.985061	-0.984136	0.159124	0.078459	0.169628	0.973512	0.153296
52163		-0.054981	0.167177	-0.984393	-0.983599	0.160547	0.082202	0.171784	0.972767	0.155608
52164		-0.058590	0.170067	-0.983689	-0.983034	0.161740	0.086514	0.173814	0.972069	0.157705
52165		-0.062861	0.172890	-0.982933	-0.982422	0.162737	0.091453	0.175771	0.971404	0.159621
52166		-0.067763	0.175694	-0.982110	-0.981785	0.163389	0.096970	0.177503	0.970791	0.161422
52167		-0.073434	0.178310	-0.981230	-0.981156	0.163398	0.103121	0.178719	0.970313	0.162951
52168		-0.079879	0.180622	-0.980303	-0.980431	0.163281	0.109974	0.179929	0.969905	0.164045
52169		-0.087041	0.182584	-0.979330	-0.979745	0.162272	0.117331	0.180340	0.969707	0.164761
52170		-0.094713	0.184262	-0.978303	-0.979001	0.160961	0.125098	0.180519	0.969608	0.165147
52171		-0.103159	0.185688	-0.977179	-0.978187	0.159141	0.133506	0.180300	0.969636	0.165221
52172		-0.112265	0.186981	-0.975928	-0.977184	0.157433	0.142572	0.180302	0.969666	0.165041
52173		-0.122179	0.188112	-0.974518	-0.975993	0.155602	0.152399	0.180305	0.969743	0.164585
52174		-0.132843	0.189097	-0.972931	-0.974526	0.154046	0.163001	0.180700	0.969800	0.163816
52175		-0.144192	0.189973	-0.971143	-0.972845	0.152352	0.174248	0.181058	0.969896	0.162846
52176		-0.156148	0.190800	-0.969130	-0.970817	0.151168	0.186181	0.182025	0.969919	0.161627
52177		-0.168970	0.191534	-0.966832	-0.968562	0.149447	0.198879	0.182582	0.970041	0.160261
52178		-0.182505	0.192207	-0.964235	-0.965901	0.148133	0.212349	0.183650	0.970110	0.158618
52179		-0.196820	0.192726	-0.961311	-0.963105	0.145554	0.226368	0.183550	0.970397	0.156967
52180		-0.211680	0.193195	-0.958054	-0.960024	0.142599	0.240871	0.183152	0.970743	0.155287
52181		-0.227268	0.193141	-0.954487	-0.956782	0.138321	0.255804	0.181432	0.971372	0.153358
52182		-0.243657	0.192503	-0.950565	-0.953184	0.133444	0.271352	0.179083	0.972181	0.150976
52183		-0.260511	0.191229	-0.946343	-0.949298	0.127923	0.287174	0.175976	0.973174	0.148208
52184		-0.277865	0.189390	-0.941766	-0.945113	0.121547	0.303296	0.171910	0.974350	0.145221
52185		-0.295904	0.187175	-0.936700	-0.940529	0.114217	0.319937	0.166871	0.975664	0.142246
52186		-0.314243	0.184778	-0.931187	-0.935487	0.106701	0.336867	0.161604	0.976971	0.139327
52187		-0.332877	0.181951	-0.925249	-0.929911	0.099392	0.354100	0.156391	0.978271	0.136113
52188		-0.351597	0.178604	-0.918956	-0.923962	0.091684	0.371332	0.150575	0.979640	0.132788
52189		-0.370543	0.174949	-0.912190	-0.917450	0.084229	0.388834	0.144859	0.980968	0.129296
52190		-0.389512	0.171031	-0.905002	-0.910402	0.077289	0.406442	0.139461	0.982230	0.125602
52191		-0.408408	0.166810	-0.897428	-0.902969	0.070073	0.423954	0.133605	0.983496	0.122006
52192		-0.427142	0.162491	-0.889464	-0.895010	0.063794	0.441460	0.128475	0.984646	0.118182
52193		-0.445588	0.157785	-0.881224	-0.886766	0.057313	0.458652	0.122874	0.985809	0.114380
52194		-0.463855	0.152613	-0.872667	-0.878309	0.049544	0.475519	0.115805	0.987043	0.111061
52195		-0.481706	0.147212	-0.863880	-0.869519	0.042405	0.492077	0.109072	0.988196	0.107577
52196		-0.499085	0.141099	-0.854988	-0.860629	0.034457	0.508065	0.101148	0.989396	0.104237
52197		-0.515861	0.135072	-0.845957	-0.851576	0.026699	0.523550	0.093304	0.990476	0.101251
52198		-0.532138	0.128852	-0.836795	-0.842348	0.019015	0.538598	0.085311	0.991481	0.098420
52199		-0.547900	0.122428	-0.827537	-0.833051	0.010452	0.553098	0.076364	0.992422	0.096262
52200		-0.563522	0.115600	-0.817973	-0.823410	0.001262	0.567445	0.066629	0.993295	0.094475
52201		-0.578589	0.108788	-0.808332	-0.813609	-0.007433	0.581365	0.057238	0.994037	0.092812
52202		-0.593295	0.100992	-0.798625	-0.803679	-0.017826	0.594796	0.045834	0.994728	0.091741
52203		-0.607387	0.093324	-0.788906	-0.793659	-0.028235	0.607707	0.034439	0.995235	0.091217
52204		-0.620841	0.085241	-0.779289	-0.783607	-0.038652	0.620053	0.022733	0.995610	0.090792
52205		-0.633268	0.077033	-0.770089	-0.773853	-0.048754	0.631486	0.011100	0.995836	0.090486
52206		-0.645193	0.068534	-0.760940	-0.764019	-0.059598	0.642436	-0.001322	0.995867	0.090813
52207		-0.656113	0.060760	-0.752213	-0.754553	-0.069798	0.652516	-0.012856	0.995709	0.091642
52208		-0.666707	0.053130	-0.743424	-0.744916	-0.080313	0.662306	-0.024518	0.995353	0.093123
52209		-0.676580	0.046033	-0.734929	-0.735509	-0.090469	0.671447	-0.035580	0.994835	0.095067
52210		-0.686008	0.038872	-0.726555	-0.726074	-0.101103	0.680143	-0.047018	0.994116	0.097582
52211		-0.694701	0.031588	-0.718605	-0.716880	-0.112264	0.688099	-0.058938	0.993176	0.100635
52212		-0.702924	0.024343	-0.710848	-0.707738	-0.123342	0.695625	-0.070744	0.992066	0.103929
52213		-0.710380	0.017501	-0.703600	-0.699021	-0.134067	0.702422	-0.082036	0.990818	0.107472
52214		-0.717337	0.010910	-0.696641	-0.690487	-0.144636	0.708736	-0.093027	0.989425	0.111286
52215		-0.723684	0.004722	-0.690115	-0.682281	-0.155298	0.714406	-0.103800	0.987856	0.115609
52216		-0.729681	-0.000991	-0.683787	-0.674203	-0.165802	0.719694	-0.114086	0.986159	0.120315
52217		-0.735195	-0.006533	-0.677824	-0.666351	-0.176476	0.724453	-0.124353	0.984283	0.125391
52218		-0.740428	-0.011743	-0.672033	-0.658545	-0.187367	0.728842	-0.134476	0.982220	0.130999
52219		-0.745061	-0.016521	-0.666792	-0.651143	-0.198646	0.732497	-0.144557	0.979932	0.137245
52220		-0.749182	-0.021109	-0.662028	-0.643925	-0.210983	0.735423	-0.155201	0.977262	0.144472
52221		-0.752817	-0.025177	-0.657748	-0.637003	-0.223855	0.737643	-0.165812	0.974297	0.152484
52222		-0.756074	-0.028624	-0.653860	-0.630292	-0.237279	0.739210	-0.176306	0.971020	0.161359
52223		-0.759026	-0.031806	-0.650283	-0.623679	-0.251093	0.740255	-0.186826	0.967440	0.170750
52224		-0.761634	-0.034524	-0.647088	-0.617308	-0.265065	0.740724	-0.197093	0.963612	0.180571
52225		-0.764022	-0.037015	-0.644127	-0.611026	-0.279050	0.740796	-0.207164	0.959563	0.190583
52226		-0.766165	-0.039023	-0.641458	-0.605017	-0.292730	0.740448	-0.216668	0.955399	0.200670
52227		-0.768099	-0.040778	-0.639031	-0.599190	-0.306175	0.739749	-0.225821	0.951102	0.210739
52228		-0.769902	-0.042090	-0.636773	-0.593576	-0.319194	0.738771	-0.234349	0.946754	0.220765
52229		-0.771569	-0.042861	-0.634700	-0.588283	-0.331608	0.737536	-0.242083	0.942443	0.230644
52230		-0.773210	-0.043427	-0.632662	-0.583151	-0.343292	0.736264	-0.249162	0.938224	0.240112
52231		-0.774716	-0.043965	-0.630778	-0.578313	-0.354102	0.734960	-0.255672	0.934173	0.248903
52232		-0.775977	-0.044590	-0.629183	-0.573945	-0.363822	0.733635	-0.261623	0.930401	0.256725
52233		-0.776913	-0.045252	-0.627979	-0.570188	-0.372415	0.732252	-0.267005	0.926962	0.263532
52234		-0.777535	-0.045848	-0.627166	-0.567213	-0.379455	0.730947	-0.271493	0.924074	0.269034
52235		-0.777903	-0.045956	-0.626702	-0.565307	-0.384324	0.729879	-0.274399	0.922054	0.272988
52236		-0.778170	-0.045879	-0.626376	-0.564217	-0.387024	0.729295	-0.275881	0.920928	0.275285
52237		-0.778318	-0.045748	-0.626201	-0.563944	-0.387512	0.729247	-0.276022	0.920729	0.275808
52238		-0.778317	-0.045591	-0.626214	-0.564467	-0.385950	0.729671	-0.274954	0.921393	0.274656
52239		-0.778199	-0.045652	-0.626356	-0.565600	-0.382529	0.730595	-0.272952	0.922815	0.271862
52240		-0.777988	-0.045443	-0.626633	-0.567520	-0.377071	0.731942	-0.269547	0.925069	0.267567
52241		-0.777679	-0.045167	-0.627037	-0.570074	-0.369791	0.733669	-0.265010	0.928017	0.261830
52242		-0.777416	-0.044654	-0.627400	-0.573120	-0.360678	0.735829	-0.259148	0.931621	0.254805
52243		-0.777218	-0.043893	-0.627698	-0.576539	-0.349935	0.738342	-0.252062	0.935745	0.246670
52244		-0.777004	-0.042868	-0.628034	-0.580326	-0.337769	0.741035	-0.243897	0.940252	0.237571
52245		-0.776621	-0.041805	-0.628580	-0.584438	-0.324625	0.743674	-0.235142	0.944918	0.227678
52246		-0.776064	-0.040726	-0.629338	-0.588774	-0.310799	0.746156	-0.225986	0.949603	0.217222
52247		-0.775331	-0.039467	-0.630320	-0.593359	-0.296297	0.748420	-0.216300	0.954280	0.206311
52248		-0.774233	-0.038094	-0.631753	-0.598276	-0.281582	0.750185	-0.206468	0.958781	0.195219
52249		-0.772776	-0.036986	-0.633600	-0.603352	-0.266954	0.751466	-0.196936	0.962999	0.183980
52250		-0.770898	-0.036094	-0.635935	-0.608726	-0.252197	0.752230	-0.187532	0.967003	0.172447
52251		-0.768531	-0.035085	-0.638850	-0.614611	-0.236998	0.752387	-0.177803	0.970877	0.160577
52252		-0.765614	-0.033828	-0.642410	-0.621094	-0.221238	0.751861	-0.167559	0.974633	0.148373
52253		-0.762186	-0.032570	-0.646539	-0.628039	-0.204972	0.750702	-0.156972	0.978226	0.135771
52254		-0.758286	-0.031398	-0.651166	-0.635328	-0.188338	0.748924	-0.146154	0.981602	0.122866
52255		-0.753897	-0.030274	-0.656295	-0.642996	-0.171095	0.746513	-0.134889	0.984789	0.109522
52256		-0.749048	-0.029053	-0.661879	-0.650982	-0.153331	0.743446	-0.123086	0.987748	0.095939
52257		-0.743667	-0.027821	-0.667972	-0.659268	-0.135398	0.739616	-0.111019	0.990401	0.082350
52258		-0.737878	-0.026352	-0.674419	-0.667754	-0.116861	0.735152	-0.098186	0.992799	0.068632
52259		-0.731679	-0.024810	-0.681198	-0.676327	-0.098222	0.730024	-0.085020	0.994855	0.055087
52260		-0.724914	-0.023233	-0.688447	-0.685097	-0.079719	0.724077	-0.071705	0.996547	0.041872
52261		-0.717548	-0.021730	-0.696170	-0.694076	-0.061167	0.717299	-0.058170	0.997891	0.028808
52262		-0.709651	-0.020185	-0.704265	-0.703155	-0.042669	0.709755	-0.044377	0.998885	0.016087
52263		-0.701382	-0.018183	-0.712553	-0.712166	-0.023795	0.701608	-0.029713	0.999551	0.003740
52264		-0.692939	-0.015762	-0.720824	-0.720851	-0.004898	0.693073	-0.014454	0.999864	-0.007968
52265		-0.684437	-0.013374	-0.728949	-0.729072	0.013134	0.684311	0.000422	0.999824	-0.018740
52266		-0.675912	-0.011134	-0.736898	-0.736839	0.029880	0.675407	0.014499	0.999491	-0.028400
52267		-0.667505	-0.009302	-0.744547	-0.744110	0.044784	0.666554	0.027143	0.998953	-0.036815
52268		-0.659373	-0.007707	-0.751777	-0.750831	0.057926	0.657949	0.038477	0.998291	-0.043982
52269		-0.651784	-0.006393	-0.758378	-0.756865	0.069163	0.649901	0.048297	0.997585	-0.049918
52270		-0.644970	-0.005078	-0.764191	-0.762087	0.078736	0.642670	0.056906	0.996883	-0.054652
52271		-0.639218	-0.003727	-0.769016	-0.766348	0.086463	0.636581	0.064119	0.996248	-0.058125
52272		-0.634654	-0.002578	-0.772792	-0.769669	0.091989	0.631782	0.069460	0.995757	-0.060366
52273		-0.631329	-0.001802	-0.775513	-0.772104	0.095154	0.628333	0.072661	0.995461	-0.061464
52274		-0.629236	-0.001485	-0.777213	-0.773700	0.096180	0.626208	0.073823	0.995363	-0.061669
52275		-0.628284	-0.001622	-0.777982	-0.774526	0.095487	0.625294	0.073273	0.995429	-0.061249
52276		-0.628444	-0.002034	-0.777852	-0.774545	0.093786	0.625527	0.071679	0.995590	-0.060515
52277		-0.629665	-0.002486	-0.776863	-0.773768	0.091227	0.626865	0.069312	0.995827	-0.059366
52278		-0.631828	-0.002916	-0.775103	-0.772247	0.088225	0.629167	0.066549	0.996096	-0.057995
52279		-0.634977	-0.003416	-0.772524	-0.769932	0.084751	0.632472	0.063312	0.996396	-0.056445
52280		-0.639021	-0.003968	-0.769179	-0.766852	0.081172	0.636670	0.059910	0.996692	-0.054914
52281		-0.643776	-0.004791	-0.765199	-0.763134	0.077695	0.641552	0.056378	0.996966	-0.053674
52282		-0.649089	-0.005827	-0.760690	-0.758880	0.074331	0.646975	0.052773	0.997217	-0.052669
52283		-0.654939	-0.006987	-0.755649	-0.754086	0.070981	0.652928	0.049074	0.997453	-0.051757
52284		-0.661220	-0.008061	-0.750149	-0.748807	0.067825	0.659308	0.045564	0.997665	-0.050883
52285		-0.667966	-0.009126	-0.744135	-0.743002	0.064684	0.666156	0.042054	0.997864	-0.049987
52286		-0.674948	-0.010205	-0.737795	-0.736872	0.061188	0.673257	0.038274	0.998074	-0.048819
52287		-0.682144	-0.011614	-0.731126	-0.730442	0.056859	0.680603	0.033667	0.998315	-0.047270
52288		-0.689363	-0.013259	-0.724295	-0.723880	0.051054	0.688034	0.027856	0.998608	-0.044793
52289		-0.696688	-0.014892	-0.717219	-0.717049	0.044544	0.695598	0.021589	0.998896	-0.041712
52290		-0.703997	-0.016860	-0.710002	-0.710035	0.038436	0.703117	0.015435	0.999119	-0.039030
52291		-0.711166	-0.019261	-0.702760	-0.702979	0.030798	0.710543	0.007958	0.999340	-0.035442
52292		-0.718192	-0.021348	-0.695518	-0.695845	0.022894	0.717827	0.000600	0.999510	-0.031297
52293		-0.725096	-0.023344	-0.688252	-0.688614	0.014720	0.724979	-0.006792	0.999619	-0.026749
52294		-0.731822	-0.025188	-0.681030	-0.681350	0.006407	0.731929	-0.014073	0.999662	-0.021851
52295		-0.738277	-0.026917	-0.673960	-0.674158	-0.002271	0.738584	-0.021412	0.999635	-0.016470
52296		-0.744455	-0.028493	-0.667064	-0.667044	-0.011577	0.744928	-0.028948	0.999527	-0.010387
52297		-0.750284	-0.029942	-0.660437	-0.660095	-0.021547	0.750873	-0.036713	0.999319	-0.003598
52298		-0.755778	-0.031362	-0.654076	-0.653302	-0.032039	0.756419	-0.044679	0.998994	0.003726
52299		-0.760995	-0.032766	-0.647929	-0.646614	-0.042800	0.761615	-0.052686	0.998546	0.011383
52300		-0.765932	-0.034086	-0.642017	-0.640030	-0.054175	0.766438	-0.060906	0.997950	0.019678
52301		-0.770578	-0.035463	-0.636359	-0.633562	-0.066020	0.770870	-0.069350	0.997188	0.028405
