// Start Time: Unknown
// Update Rate: 100.0Hz
// Filter Profile: human (46.1)
// Option Flags: AHS Disabled ICC Disabled 
// Firmware Version: 4.0.2
PacketCounter	SampleTimeFine	Mat[1][1]	Mat[2][1]	Mat[3][1]	Mat[1][2]	Mat[2][2]	Mat[3][2]	Mat[1][3]	Mat[2][3]	Mat[3][3]
06814		-0.205786	-0.095628	-0.973913	0.719383	0.659913	-0.216801	0.663431	-0.745231	-0.067008
06815		-0.205644	-0.095580	-0.973948	0.719438	0.659897	-0.216666	0.663415	-0.745251	-0.066940
06816		-0.205503	-0.095547	-0.973981	0.719459	0.659917	-0.216538	0.663436	-0.745239	-0.066872
06817		-0.205334	-0.095511	-0.974020	0.719464	0.659962	-0.216385	0.663483	-0.745203	-0.066796
06818		-0.205200	-0.095494	-0.974050	0.719454	0.660010	-0.216271	0.663535	-0.745163	-0.066730
06819		-0.205044	-0.095513	-0.974081	0.719431	0.660070	-0.216163	0.663609	-0.745107	-0.066628
06820		-0.204914	-0.095516	-0.974108	0.719452	0.660079	-0.216068	0.663626	-0.745099	-0.066540
06821		-0.204777	-0.095537	-0.974135	0.719474	0.660082	-0.215981	0.663644	-0.745093	-0.066433
06822		-0.204626	-0.095545	-0.974166	0.719569	0.660012	-0.215880	0.663587	-0.745155	-0.066304
06823		-0.204441	-0.095573	-0.974202	0.719697	0.659908	-0.215772	0.663505	-0.745243	-0.066129
06824		-0.204243	-0.095555	-0.974245	0.719891	0.659743	-0.215628	0.663356	-0.745391	-0.065959
06825		-0.204034	-0.095532	-0.974291	0.720117	0.659547	-0.215476	0.663176	-0.745568	-0.065775
06826		-0.203799	-0.095454	-0.974348	0.720410	0.659293	-0.215273	0.662929	-0.745803	-0.065597
06827		-0.203570	-0.095368	-0.974405	0.720723	0.659016	-0.215071	0.662659	-0.746058	-0.065422
06828		-0.203339	-0.095325	-0.974457	0.721064	0.658699	-0.214901	0.662359	-0.746344	-0.065204
06829		-0.203117	-0.095283	-0.974507	0.721379	0.658409	-0.214733	0.662085	-0.746605	-0.064999
06830		-0.202914	-0.095249	-0.974553	0.721746	0.658052	-0.214592	0.661746	-0.746924	-0.064783
06831		-0.202755	-0.095266	-0.974584	0.722030	0.657768	-0.214510	0.661486	-0.747172	-0.064581
06832		-0.202659	-0.095288	-0.974602	0.722308	0.657472	-0.214479	0.661211	-0.747429	-0.064415
06833		-0.202663	-0.095328	-0.974597	0.722576	0.657159	-0.214535	0.660917	-0.747699	-0.064300
06834		-0.202701	-0.095350	-0.974588	0.722866	0.656817	-0.214606	0.660588	-0.747997	-0.064212
06835		-0.202790	-0.095385	-0.974566	0.723193	0.656417	-0.214730	0.660203	-0.748344	-0.064133
06836		-0.202941	-0.095427	-0.974530	0.723584	0.655926	-0.214912	0.659727	-0.748769	-0.064065
06837		-0.203108	-0.095452	-0.974493	0.724088	0.655307	-0.215105	0.659124	-0.749308	-0.063982
06838		-0.203261	-0.095476	-0.974458	0.724734	0.654527	-0.215301	0.658366	-0.749986	-0.063846
06839		-0.203438	-0.095519	-0.974417	0.725403	0.653710	-0.215530	0.657574	-0.750693	-0.063700
06840		-0.203670	-0.095571	-0.974364	0.726044	0.652907	-0.215805	0.656794	-0.751384	-0.063589
06841		-0.203939	-0.095644	-0.974300	0.726643	0.652137	-0.216118	0.656047	-0.752044	-0.063497
06842		-0.204283	-0.095726	-0.974220	0.727186	0.651409	-0.216489	0.655339	-0.752664	-0.063461
06843		-0.204682	-0.095790	-0.974130	0.727692	0.650710	-0.216888	0.654652	-0.753260	-0.063483
06844		-0.205119	-0.095911	-0.974026	0.728221	0.649961	-0.217356	0.653926	-0.753891	-0.063476
06845		-0.205517	-0.095977	-0.973936	0.728845	0.649125	-0.217766	0.653106	-0.754603	-0.063454
06846		-0.205919	-0.096044	-0.973844	0.729542	0.648199	-0.218189	0.652201	-0.755390	-0.063409
06847		-0.206355	-0.096110	-0.973746	0.730311	0.647179	-0.218644	0.651201	-0.756256	-0.063359
06848		-0.206734	-0.096224	-0.973654	0.731103	0.646134	-0.219090	0.650192	-0.757134	-0.063228
06849		-0.207148	-0.096321	-0.973556	0.731904	0.645069	-0.219552	0.649158	-0.758029	-0.063127
06850		-0.207635	-0.096479	-0.973437	0.732785	0.643873	-0.220120	0.648007	-0.759025	-0.062992
06851		-0.208289	-0.096649	-0.973280	0.733766	0.642510	-0.220834	0.646686	-0.760157	-0.062910
06852		-0.209195	-0.096815	-0.973070	0.734848	0.640955	-0.221752	0.645163	-0.761448	-0.062940
06853		-0.210318	-0.097052	-0.972804	0.735914	0.639337	-0.222887	0.643581	-0.762777	-0.063042
06854		-0.211657	-0.097416	-0.972477	0.736883	0.637737	-0.224265	0.642031	-0.764069	-0.063197
06855		-0.213268	-0.097983	-0.972068	0.737882	0.635969	-0.225993	0.640349	-0.765469	-0.063332
06856		-0.215001	-0.098649	-0.971619	0.739131	0.633831	-0.227909	0.638325	-0.767155	-0.063360
06857		-0.216909	-0.099380	-0.971120	0.740650	0.631286	-0.230034	0.635915	-0.769156	-0.063326
06858		-0.218932	-0.100124	-0.970590	0.742289	0.628535	-0.232273	0.633305	-0.771310	-0.063285
06859		-0.220916	-0.100969	-0.970052	0.743860	0.625829	-0.234544	0.630768	-0.773398	-0.063148
06860		-0.222933	-0.101990	-0.969484	0.745272	0.623241	-0.236941	0.628387	-0.775351	-0.062931
06861		-0.225051	-0.103049	-0.968882	0.746510	0.620805	-0.239426	0.626159	-0.777163	-0.062786
06862		-0.227132	-0.104210	-0.968272	0.747666	0.618433	-0.241942	0.624025	-0.778897	-0.062552
06863		-0.229325	-0.105381	-0.967628	0.748661	0.616204	-0.244539	0.622026	-0.780505	-0.062417
06864		-0.231565	-0.106521	-0.966970	0.749645	0.613960	-0.247154	0.620008	-0.782117	-0.062319
06865		-0.233870	-0.107796	-0.966274	0.750644	0.611619	-0.249912	0.617931	-0.783775	-0.062123
06866		-0.236427	-0.109088	-0.965506	0.751749	0.609030	-0.252895	0.615610	-0.785609	-0.061985
06867		-0.239377	-0.110445	-0.964624	0.752876	0.606233	-0.256242	0.613088	-0.787581	-0.061967
06868		-0.242568	-0.111941	-0.963655	0.753952	0.603344	-0.259869	0.610506	-0.789585	-0.061953
06869		-0.246064	-0.113602	-0.962573	0.754929	0.600391	-0.263841	0.607893	-0.791597	-0.061973
06870		-0.249801	-0.115298	-0.961408	0.755845	0.597376	-0.268031	0.605225	-0.793630	-0.062077
06871		-0.253747	-0.117001	-0.960168	0.756887	0.594065	-0.272414	0.602275	-0.795863	-0.062185
06872		-0.257764	-0.118727	-0.958886	0.758150	0.590368	-0.276901	0.598971	-0.798354	-0.062163
06873		-0.261828	-0.120515	-0.957561	0.759584	0.586340	-0.281489	0.595380	-0.801050	-0.061978
06874		-0.265987	-0.122310	-0.956186	0.761015	0.582207	-0.286168	0.591699	-0.803788	-0.061780
06875		-0.270331	-0.124117	-0.954733	0.762231	0.578211	-0.290993	0.588154	-0.806392	-0.061703
06876		-0.274819	-0.126008	-0.953203	0.763286	0.574274	-0.295980	0.584695	-0.808908	-0.061642
06877		-0.279404	-0.127942	-0.951611	0.764190	0.570414	-0.301066	0.581332	-0.811331	-0.061604
06878		-0.284037	-0.129827	-0.949983	0.765016	0.566581	-0.306164	0.577991	-0.813714	-0.061610
06879		-0.288697	-0.131803	-0.948305	0.765760	0.562742	-0.311339	0.574687	-0.816057	-0.061533
06880		-0.293343	-0.133735	-0.946607	0.766446	0.558929	-0.316478	0.571411	-0.818360	-0.061457
06881		-0.298026	-0.135623	-0.944874	0.766976	0.555259	-0.321614	0.568268	-0.820545	-0.061462
06882		-0.302582	-0.137401	-0.943168	0.767561	0.551532	-0.326592	0.565062	-0.822759	-0.061420
06883		-0.307042	-0.139144	-0.941469	0.768169	0.547756	-0.331480	0.561819	-0.824986	-0.061298
06884		-0.311335	-0.140713	-0.939825	0.768892	0.543888	-0.336142	0.558459	-0.827276	-0.061138
06885		-0.315562	-0.142172	-0.938194	0.769631	0.539996	-0.340695	0.555058	-0.829573	-0.060982
06886		-0.319587	-0.143503	-0.936628	0.770480	0.536023	-0.345021	0.551565	-0.831917	-0.060740
06887		-0.323487	-0.144896	-0.935073	0.771264	0.532127	-0.349274	0.548186	-0.834174	-0.060384
06888		-0.327062	-0.146195	-0.933626	0.772097	0.528312	-0.353204	0.544882	-0.836369	-0.059914
06889		-0.330405	-0.147443	-0.932251	0.772910	0.524623	-0.356906	0.541704	-0.838470	-0.059378
06890		-0.333426	-0.148528	-0.931003	0.773876	0.520897	-0.360254	0.538464	-0.840599	-0.058738
06891		-0.336191	-0.149531	-0.929847	0.774918	0.517186	-0.363346	0.535236	-0.842709	-0.057999
06892		-0.338652	-0.150441	-0.928807	0.776162	0.513334	-0.366142	0.531871	-0.844900	-0.057075
06893		-0.340970	-0.151196	-0.927836	0.777461	0.509499	-0.368734	0.528483	-0.847083	-0.056175
06894		-0.343103	-0.151789	-0.926952	0.778839	0.505674	-0.371084	0.525062	-0.849267	-0.055279
06895		-0.345220	-0.152403	-0.926065	0.780140	0.501933	-0.373425	0.521733	-0.851374	-0.054381
06896		-0.347335	-0.152867	-0.925197	0.781450	0.498194	-0.375685	0.518357	-0.853484	-0.053583
06897		-0.349421	-0.153286	-0.924342	0.782723	0.494513	-0.377892	0.515024	-0.855547	-0.052813
06898		-0.351401	-0.153598	-0.923539	0.784158	0.490634	-0.379967	0.511482	-0.857721	-0.051964
06899		-0.353293	-0.153787	-0.922786	0.785714	0.486619	-0.381912	0.507778	-0.859972	-0.051086
06900		-0.355094	-0.153749	-0.922100	0.787444	0.482415	-0.383676	0.503825	-0.862344	-0.050234
06901		-0.356805	-0.153537	-0.921475	0.789274	0.478128	-0.385281	0.499738	-0.864766	-0.049415
06902		-0.358238	-0.153145	-0.920984	0.791305	0.473710	-0.386567	0.495481	-0.867263	-0.048517
06903		-0.359577	-0.152609	-0.920552	0.793394	0.469267	-0.387703	0.491152	-0.869769	-0.047658
06904		-0.360695	-0.151903	-0.920231	0.795675	0.464662	-0.388576	0.486622	-0.872362	-0.046735
06905		-0.361645	-0.151082	-0.919993	0.798059	0.459983	-0.389252	0.481990	-0.874980	-0.045778
06906		-0.362412	-0.150156	-0.919843	0.800586	0.455166	-0.389727	0.477201	-0.877654	-0.044745
06907		-0.363009	-0.149221	-0.919759	0.803152	0.450342	-0.390050	0.472410	-0.880298	-0.043631
06908		-0.363442	-0.148225	-0.919750	0.805743	0.445561	-0.390197	0.467642	-0.882895	-0.042504
06909		-0.363784	-0.147231	-0.919774	0.808246	0.440950	-0.390258	0.463033	-0.885373	-0.041412
06910		-0.364072	-0.146257	-0.919815	0.810664	0.436477	-0.390272	0.458558	-0.887748	-0.040344
06911		-0.364417	-0.145396	-0.919815	0.812934	0.432136	-0.390381	0.454245	-0.890010	-0.039281
06912		-0.364987	-0.144621	-0.919711	0.815043	0.427831	-0.390724	0.449988	-0.892214	-0.038280
06913		-0.365818	-0.144035	-0.919473	0.816850	0.423773	-0.391373	0.446019	-0.894243	-0.037368
06914		-0.366852	-0.143595	-0.919130	0.818390	0.419968	-0.392256	0.442331	-0.896107	-0.036549
06915		-0.368111	-0.143227	-0.918684	0.819785	0.416189	-0.393369	0.438687	-0.897927	-0.035789
06916		-0.369635	-0.142790	-0.918140	0.821120	0.412284	-0.394694	0.434893	-0.899796	-0.035147
06917		-0.371386	-0.142317	-0.917507	0.822364	0.408331	-0.396212	0.431034	-0.901671	-0.034612
06918		-0.373168	-0.141852	-0.916855	0.823482	0.404559	-0.397756	0.427344	-0.903444	-0.034156
06919		-0.375025	-0.141380	-0.916170	0.824371	0.401159	-0.399354	0.423991	-0.905032	-0.033895
06920		-0.376902	-0.140872	-0.915478	0.825075	0.398114	-0.400944	0.420946	-0.906455	-0.033820
06921		-0.378761	-0.140317	-0.914796	0.825646	0.395360	-0.402492	0.418150	-0.907745	-0.033895
06922		-0.380623	-0.139680	-0.914120	0.826155	0.392741	-0.404008	0.415444	-0.908980	-0.034089
06923		-0.382351	-0.138958	-0.913509	0.826734	0.390107	-0.405373	0.412696	-0.910224	-0.034276
06924		-0.383980	-0.138163	-0.912946	0.827448	0.387277	-0.406629	0.409744	-0.911553	-0.034384
06925		-0.385507	-0.137249	-0.912440	0.828377	0.384083	-0.407764	0.406418	-0.913041	-0.034373
06926		-0.386939	-0.136227	-0.911987	0.829519	0.380513	-0.408788	0.402711	-0.914687	-0.034232
06927		-0.388201	-0.135091	-0.911620	0.830854	0.376680	-0.409627	0.398725	-0.916440	-0.033987
06928		-0.389372	-0.133914	-0.911294	0.832218	0.372835	-0.410374	0.394717	-0.918183	-0.033726
06929		-0.390431	-0.132785	-0.911006	0.833574	0.369056	-0.411038	0.390792	-0.919873	-0.033405
06930		-0.391351	-0.131655	-0.910775	0.834947	0.365332	-0.411578	0.386922	-0.921520	-0.033048
06931		-0.392160	-0.130524	-0.910590	0.836305	0.361712	-0.412016	0.383149	-0.923108	-0.032692
06932		-0.392832	-0.129355	-0.910467	0.837729	0.358053	-0.412319	0.379331	-0.924697	-0.032291
06933		-0.393345	-0.128148	-0.910416	0.839263	0.354269	-0.412469	0.375389	-0.926321	-0.031800
06934		-0.393675	-0.126845	-0.910456	0.840850	0.350549	-0.412416	0.371472	-0.927915	-0.031345
06935		-0.393880	-0.125511	-0.910552	0.842480	0.346822	-0.412240	0.367541	-0.929495	-0.030866
06936		-0.394002	-0.124046	-0.910700	0.844140	0.343120	-0.411942	0.363579	-0.931065	-0.030478
06937		-0.394044	-0.122538	-0.910886	0.845809	0.339451	-0.411558	0.359633	-0.932608	-0.030115
06938		-0.393983	-0.121016	-0.911116	0.847480	0.335851	-0.411074	0.355746	-0.934109	-0.029761
06939		-0.393775	-0.119531	-0.911402	0.849184	0.332266	-0.410471	0.351892	-0.935581	-0.029334
06940		-0.393557	-0.118171	-0.911674	0.850930	0.328470	-0.409910	0.347897	-0.937093	-0.028716
06941		-0.393250	-0.116820	-0.911980	0.852780	0.324431	-0.409281	0.343686	-0.938668	-0.027961
06942		-0.392993	-0.115521	-0.912256	0.854598	0.320331	-0.408718	0.339439	-0.940236	-0.027164
06943		-0.392804	-0.114243	-0.912498	0.856310	0.316364	-0.408225	0.335318	-0.941734	-0.026442
06944		-0.392724	-0.112920	-0.912698	0.857963	0.312382	-0.407820	0.331161	-0.943221	-0.025799
06945		-0.392731	-0.111590	-0.912858	0.859578	0.308332	-0.407500	0.326937	-0.944711	-0.025171
06946		-0.392817	-0.110203	-0.912989	0.861194	0.304135	-0.407243	0.322551	-0.946233	-0.024564
06947		-0.392964	-0.108758	-0.913100	0.862810	0.299807	-0.407031	0.318022	-0.947780	-0.023976
06948		-0.393220	-0.107294	-0.913163	0.864365	0.295446	-0.406921	0.313451	-0.949315	-0.023434
06949		-0.393617	-0.105895	-0.913155	0.865831	0.291054	-0.406971	0.308873	-0.950828	-0.022876
06950		-0.394171	-0.104396	-0.913089	0.867204	0.286694	-0.407142	0.304281	-0.952317	-0.022473
06951		-0.394913	-0.102946	-0.912933	0.868457	0.282342	-0.407511	0.299711	-0.953774	-0.022097
06952		-0.395755	-0.101518	-0.912728	0.869678	0.277852	-0.407993	0.295022	-0.955245	-0.021673
06953		-0.396688	-0.100123	-0.912477	0.870934	0.273007	-0.408583	0.290021	-0.956788	-0.021098
06954		-0.397718	-0.098802	-0.912172	0.872197	0.267853	-0.409301	0.284768	-0.958380	-0.020355
06955		-0.398829	-0.097588	-0.911818	0.873399	0.262614	-0.410131	0.279480	-0.959953	-0.019505
06956		-0.399986	-0.096512	-0.911426	0.874506	0.257452	-0.411046	0.274319	-0.961459	-0.018577
06957		-0.401155	-0.095503	-0.911018	0.875501	0.252517	-0.411988	0.269394	-0.962868	-0.017686
06958		-0.402381	-0.094580	-0.910574	0.876336	0.247920	-0.413002	0.264811	-0.964153	-0.016874
06959		-0.403779	-0.093766	-0.910039	0.876958	0.243671	-0.414209	0.260589	-0.965315	-0.016161
06960		-0.405273	-0.092968	-0.909456	0.877429	0.239733	-0.415507	0.256655	-0.966377	-0.015584
06961		-0.406891	-0.092208	-0.908811	0.877741	0.236089	-0.416933	0.253004	-0.967347	-0.015127
06962		-0.408653	-0.091501	-0.908092	0.877919	0.232604	-0.418513	0.249520	-0.968258	-0.014724
06963		-0.410530	-0.090855	-0.907309	0.877994	0.229219	-0.420220	0.246152	-0.969125	-0.014331
06964		-0.412477	-0.090196	-0.906492	0.878016	0.225855	-0.421992	0.242798	-0.969976	-0.013967
06965		-0.414494	-0.089580	-0.905633	0.878003	0.222407	-0.423847	0.239387	-0.970830	-0.013535
06966		-0.416461	-0.088916	-0.904795	0.878040	0.218791	-0.425647	0.235808	-0.971712	-0.013046
06967		-0.418467	-0.088294	-0.903930	0.878060	0.215073	-0.427498	0.232156	-0.972599	-0.012474
06968		-0.420419	-0.087702	-0.903081	0.878075	0.211378	-0.429306	0.228543	-0.973462	-0.011859
06969		-0.422375	-0.087145	-0.902223	0.878042	0.207782	-0.431124	0.225036	-0.974286	-0.011245
06970		-0.424349	-0.086539	-0.901354	0.877972	0.204252	-0.432951	0.221571	-0.975086	-0.010695
06971		-0.426318	-0.085975	-0.900478	0.877831	0.200942	-0.434781	0.218324	-0.975823	-0.010193
06972		-0.428286	-0.085389	-0.899600	0.877630	0.197839	-0.436606	0.215257	-0.976508	-0.009792
06973		-0.430262	-0.084814	-0.898711	0.877378	0.194881	-0.438440	0.212327	-0.977153	-0.009436
06974		-0.432254	-0.084289	-0.897804	0.877100	0.191906	-0.440303	0.209407	-0.977787	-0.009022
06975		-0.434218	-0.083787	-0.896903	0.876814	0.188959	-0.442145	0.206524	-0.978404	-0.008584
06976		-0.436217	-0.083353	-0.895973	0.876470	0.186099	-0.444035	0.203752	-0.978989	-0.008123
06977		-0.438302	-0.083119	-0.894976	0.876003	0.183466	-0.446049	0.201273	-0.979506	-0.007601
06978		-0.440563	-0.083007	-0.893876	0.875349	0.181192	-0.448257	0.199172	-0.979938	-0.007166
06979		-0.442995	-0.082915	-0.892682	0.874511	0.179330	-0.450635	0.197449	-0.980289	-0.006933
06980		-0.445582	-0.082949	-0.891390	0.873528	0.177680	-0.453187	0.195974	-0.980586	-0.006713
06981		-0.448223	-0.082950	-0.890065	0.872544	0.175851	-0.455788	0.194327	-0.980916	-0.006443
06982		-0.450840	-0.082866	-0.888750	0.871640	0.173657	-0.458352	0.192319	-0.981314	-0.006062
06983		-0.453569	-0.082783	-0.887368	0.870720	0.171173	-0.461029	0.190059	-0.981757	-0.005558
06984		-0.456331	-0.082670	-0.885961	0.869783	0.168614	-0.463732	0.187722	-0.982209	-0.005039
06985		-0.459122	-0.082425	-0.884541	0.868823	0.166078	-0.466439	0.185349	-0.982662	-0.004637
06986		-0.461862	-0.082091	-0.883145	0.867861	0.163650	-0.469081	0.183033	-0.983097	-0.004340
06987		-0.464473	-0.081644	-0.881816	0.866949	0.161294	-0.471576	0.180733	-0.983524	-0.004135
06988		-0.466958	-0.081090	-0.880553	0.866126	0.158796	-0.473931	0.178260	-0.983976	-0.003917
06989		-0.469176	-0.080345	-0.879442	0.865494	0.156053	-0.475992	0.175483	-0.984476	-0.003678
06990		-0.471170	-0.079404	-0.878461	0.865031	0.153057	-0.477802	0.172394	-0.985022	-0.003429
06991		-0.472880	-0.078397	-0.877632	0.864746	0.149871	-0.479325	0.169109	-0.985593	-0.003078
06992		-0.474399	-0.077316	-0.876908	0.864611	0.146363	-0.480651	0.165509	-0.986205	-0.002586
06993		-0.475767	-0.076178	-0.876266	0.864606	0.142489	-0.481823	0.161563	-0.986861	-0.001928
06994		-0.477000	-0.074979	-0.875700	0.864722	0.138226	-0.482855	0.157248	-0.987559	-0.001098
06995		-0.478110	-0.073711	-0.875202	0.864959	0.133508	-0.483758	0.152505	-0.988303	-0.000075
06996		-0.479068	-0.072318	-0.874794	0.865309	0.128472	-0.484495	0.147424	-0.989073	0.001031
06997		-0.479880	-0.070803	-0.874472	0.865783	0.122995	-0.485070	0.141900	-0.989878	0.002278
06998		-0.480580	-0.069196	-0.874217	0.866318	0.117307	-0.485523	0.136148	-0.990682	0.003571
06999		-0.481190	-0.067492	-0.874014	0.866880	0.111547	-0.485876	0.130286	-0.991465	0.004832
07000		-0.481674	-0.065751	-0.873880	0.867452	0.105970	-0.486104	0.124567	-0.992193	0.005993
07001		-0.482091	-0.064006	-0.873780	0.867984	0.100722	-0.486271	0.119133	-0.992854	0.006999
07002		-0.482460	-0.062231	-0.873705	0.868484	0.095697	-0.486393	0.113880	-0.993463	0.007876
07003		-0.482825	-0.060464	-0.873627	0.868951	0.090690	-0.486517	0.108646	-0.994042	0.008752
07004		-0.483170	-0.058785	-0.873551	0.869410	0.085519	-0.486635	0.103312	-0.994601	0.009788
07005		-0.483591	-0.057132	-0.873428	0.869814	0.080123	-0.486831	0.097795	-0.995146	0.010948
07006		-0.484059	-0.055406	-0.873279	0.870182	0.074482	-0.487068	0.092030	-0.995682	0.012160
07007		-0.484667	-0.053785	-0.873044	0.870443	0.068686	-0.487454	0.086184	-0.996187	0.013527
07008		-0.485376	-0.052155	-0.872749	0.870600	0.062977	-0.487944	0.080412	-0.996651	0.014838
07009		-0.486231	-0.050531	-0.872368	0.870616	0.057545	-0.488587	0.074889	-0.997063	0.016013
07010		-0.487207	-0.048935	-0.871915	0.870507	0.052378	-0.489360	0.069616	-0.997428	0.017080
07011		-0.488297	-0.047415	-0.871388	0.870290	0.047359	-0.490258	0.064514	-0.997752	0.018140
07012		-0.489416	-0.045938	-0.870839	0.870016	0.042451	-0.491193	0.059532	-0.998042	0.019190
07013		-0.490676	-0.044520	-0.870204	0.869631	0.037537	-0.492273	0.054581	-0.998303	0.020298
07014		-0.492006	-0.043101	-0.869524	0.869177	0.032594	-0.493426	0.049609	-0.998539	0.021426
07015		-0.493393	-0.041667	-0.868808	0.868666	0.027535	-0.494633	0.044533	-0.998752	0.022609
07016		-0.494906	-0.040203	-0.868016	0.868057	0.022323	-0.495963	0.039316	-0.998942	0.023851
07017		-0.496487	-0.038761	-0.867179	0.867377	0.017009	-0.497361	0.034028	-0.999104	0.025176
07018		-0.498148	-0.037399	-0.866285	0.866613	0.011727	-0.498843	0.028815	-0.999232	0.026568
07019		-0.499904	-0.036063	-0.865329	0.865756	0.006557	-0.500424	0.023721	-0.999328	0.027944
07020		-0.501721	-0.034846	-0.864327	0.864824	0.001553	-0.502072	0.018837	-0.999392	0.029356
07021		-0.503672	-0.033653	-0.863239	0.863779	-0.003251	-0.503860	0.014150	-0.999428	0.030706
07022		-0.505604	-0.032470	-0.862154	0.862711	-0.007781	-0.505637	0.009710	-0.999442	0.031946
07023		-0.507615	-0.031294	-0.861016	0.861566	-0.012030	-0.507502	0.005524	-0.999438	0.033068
07024		-0.509732	-0.030052	-0.859808	0.860332	-0.015977	-0.509484	0.001574	-0.999421	0.033998
07025		-0.511947	-0.028811	-0.858534	0.859014	-0.019648	-0.511575	-0.002129	-0.999392	0.034808
07026		-0.514202	-0.027577	-0.857225	0.857651	-0.023008	-0.513717	-0.005556	-0.999355	0.035482
07027		-0.516461	-0.026453	-0.855902	0.856267	-0.026113	-0.515874	-0.008704	-0.999309	0.036137
07028		-0.518735	-0.025558	-0.854553	0.854856	-0.029142	-0.518047	-0.011663	-0.999248	0.036966
07029		-0.520981	-0.024800	-0.853208	0.853445	-0.032073	-0.520194	-0.014464	-0.999178	0.037875
07030		-0.523198	-0.024165	-0.851869	0.852038	-0.034987	-0.522309	-0.017183	-0.999096	0.038895
07031		-0.525553	-0.023614	-0.850433	0.850529	-0.037914	-0.524559	-0.019856	-0.999002	0.040010
07032		-0.527978	-0.022965	-0.848948	0.848962	-0.040663	-0.526887	-0.022421	-0.998909	0.040965
07033		-0.530524	-0.022189	-0.847380	0.847309	-0.043058	-0.529352	-0.024741	-0.998826	0.041644
07034		-0.533146	-0.021296	-0.845755	0.845599	-0.045089	-0.531912	-0.026807	-0.998756	0.042047
07035		-0.535882	-0.020322	-0.844048	0.843800	-0.047042	-0.534592	-0.028842	-0.998686	0.042357
07036		-0.538665	-0.019381	-0.842297	0.841954	-0.049029	-0.537317	-0.030884	-0.998609	0.042728
07037		-0.541502	-0.018580	-0.840494	0.840057	-0.051036	-0.540092	-0.032860	-0.998524	0.043244
07038		-0.544407	-0.018001	-0.838628	0.838103	-0.053030	-0.542928	-0.034699	-0.998431	0.043956
07039		-0.547324	-0.017584	-0.836736	0.836128	-0.054996	-0.545771	-0.036421	-0.998332	0.044803
07040		-0.550245	-0.017356	-0.834823	0.834135	-0.057003	-0.548607	-0.038066	-0.998223	0.045843
07041		-0.553141	-0.017234	-0.832909	0.832143	-0.059014	-0.551412	-0.039651	-0.998108	0.046984
07042		-0.555965	-0.017232	-0.831027	0.830187	-0.060992	-0.554138	-0.041137	-0.997989	0.048216
07043		-0.558688	-0.017399	-0.829196	0.828298	-0.062706	-0.556767	-0.042309	-0.997880	0.049445
07044		-0.561281	-0.017597	-0.827438	0.826503	-0.063974	-0.559286	-0.043093	-0.997796	0.050452
07045		-0.563733	-0.017846	-0.825764	0.824814	-0.064731	-0.561686	-0.043428	-0.997743	0.051210
07046		-0.565933	-0.018139	-0.824251	0.823310	-0.065002	-0.563857	-0.043350	-0.997720	0.051720
07047		-0.567939	-0.018604	-0.822860	0.821953	-0.064914	-0.565845	-0.042888	-0.997717	0.052159
07048		-0.569675	-0.019114	-0.821648	0.820783	-0.064635	-0.567572	-0.042259	-0.997726	0.052509
07049		-0.571136	-0.019710	-0.820619	0.819803	-0.064300	-0.569024	-0.041551	-0.997736	0.052882
07050		-0.572353	-0.020353	-0.819755	0.818991	-0.063953	-0.570232	-0.040820	-0.997745	0.053272
07051		-0.573306	-0.021107	-0.819069	0.818365	-0.063548	-0.571175	-0.039995	-0.997756	0.053706
07052		-0.573974	-0.021884	-0.818581	0.817937	-0.063105	-0.571836	-0.039142	-0.997767	0.054120
07053		-0.574394	-0.022698	-0.818264	0.817688	-0.062538	-0.572255	-0.038184	-0.997784	0.054482
07054		-0.574589	-0.023498	-0.818105	0.817582	-0.062287	-0.572433	-0.037506	-0.997782	0.055001
07055		-0.574592	-0.024283	-0.818079	0.817598	-0.062346	-0.572404	-0.037104	-0.997759	0.055678
07056		-0.574403	-0.024966	-0.818192	0.817742	-0.062513	-0.572180	-0.036863	-0.997732	0.056324
07057		-0.573991	-0.025509	-0.818464	0.818040	-0.062637	-0.571741	-0.036681	-0.997710	0.056820
07058		-0.573426	-0.025932	-0.818847	0.818444	-0.062661	-0.571159	-0.036498	-0.997698	0.057156
07059		-0.572692	-0.026242	-0.819351	0.818961	-0.062734	-0.570410	-0.036433	-0.997685	0.057418
07060		-0.571852	-0.026452	-0.819930	0.819543	-0.062918	-0.569553	-0.036522	-0.997668	0.057658
07061		-0.570833	-0.026555	-0.820637	0.820241	-0.063256	-0.568510	-0.036814	-0.997644	0.057890
07062		-0.569675	-0.026446	-0.821445	0.821021	-0.063744	-0.567329	-0.037358	-0.997616	0.058026
07063		-0.568353	-0.026261	-0.822365	0.821891	-0.064697	-0.565959	-0.038341	-0.997559	0.058354
07064		-0.566899	-0.025972	-0.823378	0.822818	-0.066331	-0.564421	-0.039956	-0.997460	0.058973
07065		-0.565307	-0.025650	-0.824482	0.823806	-0.068554	-0.562711	-0.042088	-0.997318	0.059885
07066		-0.563624	-0.025344	-0.825642	0.824837	-0.070992	-0.560895	-0.044398	-0.997155	0.060918
07067		-0.561849	-0.025044	-0.826860	0.825918	-0.073469	-0.558983	-0.046749	-0.996983	0.061962
07068		-0.560045	-0.024624	-0.828096	0.826999	-0.076002	-0.557043	-0.049221	-0.996804	0.062929
07069		-0.558201	-0.024103	-0.829355	0.828096	-0.078411	-0.555075	-0.051651	-0.996630	0.063728
07070		-0.556371	-0.023548	-0.830600	0.829182	-0.080615	-0.553136	-0.053933	-0.996467	0.064377
07071		-0.554567	-0.022887	-0.831825	0.830246	-0.082610	-0.551241	-0.056101	-0.996319	0.064815
07072		-0.552863	-0.022127	-0.832978	0.831246	-0.084309	-0.549474	-0.058070	-0.996194	0.065004
07073		-0.551244	-0.021272	-0.834073	0.832183	-0.085926	-0.547803	-0.060015	-0.996074	0.065068
07074		-0.549771	-0.020426	-0.835066	0.833002	-0.087757	-0.546265	-0.062124	-0.995932	0.065261
07075		-0.548409	-0.019535	-0.835982	0.833722	-0.089848	-0.544826	-0.064468	-0.995764	0.065560
07076		-0.547177	-0.018558	-0.836811	0.834319	-0.092292	-0.543501	-0.067145	-0.995559	0.065984
07077		-0.546039	-0.017507	-0.837577	0.834817	-0.095093	-0.542253	-0.070155	-0.995314	0.066539
07078		-0.545046	-0.016366	-0.838246	0.835191	-0.098070	-0.541145	-0.073350	-0.995045	0.067121
07079		-0.544297	-0.015282	-0.838754	0.835398	-0.101047	-0.540278	-0.076497	-0.994764	0.067767
07080		-0.543773	-0.014211	-0.839112	0.835455	-0.103917	-0.539644	-0.079529	-0.994484	0.068380
07081		-0.543500	-0.013082	-0.839307	0.835354	-0.106598	-0.539278	-0.082414	-0.994216	0.068864
07082		-0.543465	-0.011898	-0.839347	0.835101	-0.109095	-0.539170	-0.085154	-0.993960	0.069225
07083		-0.543637	-0.010641	-0.839253	0.834709	-0.111529	-0.539279	-0.087863	-0.993704	0.069514
07084		-0.543911	-0.009259	-0.839092	0.834239	-0.113913	-0.539508	-0.090588	-0.993448	0.069683
07085		-0.544291	-0.007777	-0.838860	0.833694	-0.116210	-0.539861	-0.093286	-0.993194	0.069735
07086		-0.544765	-0.006392	-0.838564	0.833087	-0.118486	-0.540303	-0.095905	-0.992935	0.069872
07087		-0.545271	-0.004954	-0.838245	0.832454	-0.120694	-0.540790	-0.098492	-0.992677	0.069935
07088		-0.545827	-0.003568	-0.837890	0.831780	-0.122925	-0.541323	-0.101066	-0.992410	0.070064
07089		-0.546453	-0.002139	-0.837487	0.831027	-0.125378	-0.541917	-0.103843	-0.992107	0.070291
07090		-0.547182	-0.000719	-0.837013	0.830162	-0.128152	-0.542593	-0.106875	-0.991754	0.070719
07091		-0.547945	0.000620	-0.836514	0.829254	-0.131068	-0.543286	-0.109977	-0.991373	0.071304
07092		-0.548729	0.001982	-0.835998	0.828318	-0.133966	-0.544006	-0.113073	-0.990984	0.071869
07093		-0.549604	0.003293	-0.835419	0.827326	-0.136759	-0.544819	-0.116046	-0.990599	0.072439
07094		-0.550502	0.004618	-0.834821	0.826313	-0.139500	-0.545662	-0.118977	-0.990211	0.072979
07095		-0.551352	0.005992	-0.834251	0.825320	-0.142189	-0.546470	-0.121896	-0.989821	0.073451
07096		-0.552185	0.007288	-0.833690	0.824365	-0.144619	-0.547273	-0.124556	-0.989461	0.073849
07097		-0.553002	0.008457	-0.833137	0.823459	-0.146753	-0.548068	-0.126901	-0.989137	0.074191
07098		-0.553770	0.009612	-0.832614	0.822610	-0.148647	-0.548832	-0.129041	-0.988844	0.074409
07099		-0.554525	0.010661	-0.832098	0.821805	-0.150289	-0.549591	-0.130914	-0.988585	0.074578
07100		-0.555343	0.011524	-0.831541	0.820999	-0.151704	-0.550405	-0.132491	-0.988359	0.074787
07101		-0.556100	0.012281	-0.831025	0.820277	-0.152846	-0.551166	-0.133787	-0.988174	0.074924
07102		-0.557002	0.012934	-0.830411	0.819496	-0.153749	-0.552075	-0.134815	-0.988025	0.075039
07103		-0.557924	0.013428	-0.829783	0.818701	-0.154741	-0.552977	-0.135827	-0.987864	0.075341
07104		-0.558958	0.013783	-0.829081	0.817828	-0.155830	-0.553962	-0.136831	-0.987688	0.075830
07105		-0.560016	0.014055	-0.828363	0.816950	-0.156876	-0.554962	-0.137751	-0.987518	0.076370
07106		-0.561137	0.014324	-0.827599	0.816052	-0.157738	-0.556037	-0.138508	-0.987377	0.076824
07107		-0.562319	0.014554	-0.826792	0.815146	-0.158373	-0.557185	-0.139051	-0.987272	0.077192
07108		-0.563655	0.014713	-0.825879	0.814188	-0.158665	-0.558502	-0.139255	-0.987223	0.077453
07109		-0.565102	0.014763	-0.824889	0.813232	-0.158455	-0.559952	-0.138974	-0.987256	0.077538
07110		-0.566808	0.014700	-0.823718	0.812185	-0.157682	-0.561686	-0.138143	-0.987380	0.077436
07111		-0.568685	0.014566	-0.822426	0.811090	-0.156425	-0.563617	-0.136858	-0.987582	0.077142
07112		-0.570769	0.014396	-0.820985	0.809904	-0.154755	-0.565779	-0.135197	-0.987848	0.076670
07113		-0.573043	0.014192	-0.819402	0.808604	-0.152894	-0.568140	-0.133345	-0.988141	0.076139
07114		-0.575495	0.013969	-0.817686	0.807190	-0.150871	-0.570686	-0.131337	-0.988455	0.075550
07115		-0.578088	0.013707	-0.815860	0.805699	-0.148587	-0.573385	-0.129086	-0.988804	0.074853
07116		-0.580906	0.013431	-0.813859	0.804068	-0.146015	-0.576328	-0.126577	-0.989191	0.074022
07117		-0.583899	0.013096	-0.811720	0.802356	-0.142967	-0.579470	-0.123638	-0.989641	0.072971
07118		-0.587211	0.012636	-0.809336	0.800443	-0.139557	-0.582937	-0.120314	-0.990133	0.071835
07119		-0.590759	0.012065	-0.806758	0.798390	-0.135659	-0.586660	-0.116522	-0.990682	0.070509
07120		-0.594544	0.011448	-0.803982	0.796206	-0.131059	-0.590660	-0.112131	-0.991308	0.068805
07121		-0.598499	0.010707	-0.801052	0.793925	-0.125815	-0.594855	-0.107154	-0.991996	0.066800
07122		-0.602635	0.009874	-0.797956	0.791486	-0.120270	-0.599237	-0.101887	-0.992692	0.064664
07123		-0.606915	0.008993	-0.794716	0.788891	-0.114545	-0.603763	-0.096461	-0.993377	0.062425
07124		-0.611312	0.008026	-0.791349	0.786148	-0.108734	-0.608398	-0.090929	-0.994039	0.060161
07125		-0.615848	0.006875	-0.787835	0.783257	-0.102650	-0.613165	-0.085087	-0.994694	0.057832
07126		-0.620465	0.005712	-0.784214	0.780237	-0.096336	-0.618020	-0.079078	-0.995333	0.055316
07127		-0.625169	0.004269	-0.780477	0.777077	-0.090001	-0.622938	-0.072903	-0.995933	0.052949
07128		-0.630000	0.002593	-0.776591	0.773731	-0.083709	-0.627960	-0.066636	-0.996487	0.050730
07129		-0.634880	0.000698	-0.772610	0.770260	-0.077372	-0.633019	-0.060220	-0.997002	0.048585
07130		-0.639929	-0.001328	-0.768433	0.766561	-0.070879	-0.638247	-0.053618	-0.997484	0.046375
07131		-0.645141	-0.003446	-0.764055	0.762639	-0.063936	-0.643657	-0.046633	-0.997948	0.043876
07132		-0.650664	-0.005540	-0.759346	0.758346	-0.056554	-0.649394	-0.039346	-0.998384	0.040999
07133		-0.656412	-0.007690	-0.754363	0.753743	-0.048487	-0.655378	-0.031537	-0.998794	0.037623
07134		-0.662434	-0.009842	-0.749056	0.748756	-0.039880	-0.661645	-0.023360	-0.999156	0.033787
07135		-0.668679	-0.012161	-0.743452	0.743401	-0.030997	-0.668127	-0.014919	-0.999445	0.029768
07136		-0.675114	-0.014766	-0.737566	0.737685	-0.022350	-0.674775	-0.006521	-0.999641	0.025982
07137		-0.681537	-0.017713	-0.731569	0.731781	-0.013859	-0.681399	0.001931	-0.999747	0.022407
07138		-0.687953	-0.020966	-0.725452	0.725680	-0.005490	-0.688011	0.010442	-0.999765	0.018992
07139		-0.694296	-0.024605	-0.719268	0.719437	0.002714	-0.694552	0.019042	-0.999694	0.015818
07140		-0.700735	-0.028571	-0.712849	0.712887	0.010619	-0.701198	0.027603	-0.999535	0.012927
07141		-0.707182	-0.032861	-0.706267	0.706102	0.018385	-0.707872	0.036246	-0.999291	0.010201
07142		-0.713674	-0.037383	-0.699480	0.699027	0.026223	-0.714614	0.045057	-0.998957	0.007417
07143		-0.720151	-0.042073	-0.692540	0.691709	0.034217	-0.721365	0.054047	-0.998528	0.004461
07144		-0.726578	-0.046951	-0.685478	0.684172	0.042327	-0.728092	0.063199	-0.998000	0.001369
07145		-0.732930	-0.051963	-0.678316	0.676425	0.050656	-0.734767	0.072542	-0.997363	-0.001978
07146		-0.739260	-0.057169	-0.670990	0.668407	0.059067	-0.741447	0.082021	-0.996616	-0.005454
07147		-0.745543	-0.062493	-0.663521	0.660131	0.067607	-0.748102	0.091610	-0.995753	-0.009150
07148		-0.751876	-0.067899	-0.655799	0.651470	0.076380	-0.754820	0.101341	-0.994764	-0.013194
07149		-0.758167	-0.073465	-0.647909	0.642484	0.085500	-0.761514	0.111341	-0.993626	-0.017624
07150		-0.764381	-0.079226	-0.639879	0.633197	0.094914	-0.768149	0.121591	-0.992328	-0.022385
07151		-0.770443	-0.085108	-0.631803	0.623710	0.104458	-0.774645	0.131925	-0.990881	-0.027396
07152		-0.776323	-0.091187	-0.623705	0.614096	0.113741	-0.780992	0.142157	-0.989317	-0.032302
07153		-0.782039	-0.097225	-0.615599	0.604366	0.122872	-0.787175	0.152173	-0.987649	-0.037332
07154		-0.787682	-0.103295	-0.607361	0.594369	0.132013	-0.793283	0.162122	-0.985851	-0.042589
07155		-0.793184	-0.109418	-0.599071	0.584188	0.141123	-0.799255	0.171996	-0.983927	-0.048016
07156		-0.798589	-0.115610	-0.590669	0.573714	0.150467	-0.805116	0.181956	-0.981832	-0.053834
07157		-0.803879	-0.121856	-0.582177	0.562963	0.160019	-0.810843	0.191966	-0.979564	-0.060035
07158		-0.809071	-0.128345	-0.573525	0.551924	0.169399	-0.816507	0.201949	-0.977155	-0.066219
07159		-0.814101	-0.135201	-0.564765	0.540675	0.178431	-0.822091	0.211919	-0.974619	-0.072161
07160		-0.818912	-0.142665	-0.555904	0.529204	0.187127	-0.827603	0.222094	-0.971921	-0.077742
07161		-0.823342	-0.150718	-0.547168	0.517794	0.195256	-0.832925	0.232375	-0.969102	-0.082722
07162		-0.827516	-0.159209	-0.538396	0.506280	0.202913	-0.838157	0.242689	-0.966167	-0.087309
07163		-0.831411	-0.167980	-0.529658	0.494804	0.209909	-0.843272	0.252833	-0.963183	-0.091404
07164		-0.835161	-0.177013	-0.520743	0.483065	0.216613	-0.848367	0.262972	-0.960075	-0.095398
07165		-0.838751	-0.186280	-0.511661	0.470970	0.223419	-0.853388	0.273284	-0.956757	-0.099661
07166		-0.842217	-0.195736	-0.502352	0.458283	0.230883	-0.858295	0.283984	-0.953090	-0.104751
07167		-0.845439	-0.205307	-0.493034	0.445132	0.239231	-0.862917	0.295112	-0.949009	-0.110867
07168		-0.848472	-0.214915	-0.483639	0.431481	0.248263	-0.867289	0.306463	-0.944551	-0.117913
07169		-0.851289	-0.224492	-0.474247	0.417471	0.257729	-0.871375	0.317844	-0.939776	-0.125683
07170		-0.853878	-0.234103	-0.464853	0.403241	0.267134	-0.875235	0.329073	-0.934792	-0.133700
07171		-0.856208	-0.243714	-0.455534	0.388982	0.276177	-0.878874	0.340002	-0.929694	-0.141665
07172		-0.858362	-0.253418	-0.446087	0.374532	0.284713	-0.882419	0.350628	-0.924509	-0.149474
07173		-0.860232	-0.263339	-0.436640	0.360068	0.292610	-0.885850	0.361044	-0.919256	-0.156893
07174		-0.861762	-0.273668	-0.427167	0.345737	0.299383	-0.889289	0.371256	-0.914044	-0.163380
07175		-0.862864	-0.284277	-0.417913	0.331753	0.305256	-0.892613	0.381320	-0.908848	-0.169085
07176		-0.863518	-0.295253	-0.408856	0.318029	0.310388	-0.895833	0.391401	-0.903596	-0.174127
07177		-0.863818	-0.306434	-0.399896	0.304434	0.314959	-0.898956	0.401421	-0.898276	-0.178778
07178		-0.863846	-0.317920	-0.390765	0.290682	0.318954	-0.902093	0.411429	-0.892858	-0.183113
07179		-0.863618	-0.329674	-0.381417	0.276721	0.322423	-0.905245	0.421413	-0.887332	-0.187223
07180		-0.863132	-0.341740	-0.371775	0.262312	0.325679	-0.908364	0.431504	-0.881559	-0.191461
07181		-0.862154	-0.354175	-0.362286	0.247907	0.328713	-0.911312	0.441852	-0.875504	-0.195599
07182		-0.860644	-0.366959	-0.353034	0.233565	0.331581	-0.914057	0.452482	-0.869134	-0.199664
07183		-0.858656	-0.379880	-0.344093	0.219324	0.334450	-0.916537	0.463256	-0.862458	-0.203861
07184		-0.856187	-0.393086	-0.335301	0.205167	0.336941	-0.918900	0.474183	-0.855543	-0.207837
07185		-0.853146	-0.406646	-0.326772	0.191334	0.338826	-0.921188	0.485317	-0.848431	-0.211263
07186		-0.849504	-0.420521	-0.318600	0.177849	0.340284	-0.923351	0.496703	-0.841053	-0.214283
07187		-0.845308	-0.434517	-0.310883	0.164566	0.341833	-0.925239	0.508303	-0.833274	-0.217448
07188		-0.840605	-0.448668	-0.303447	0.151397	0.343273	-0.926953	0.520059	-0.825143	-0.220630
07189		-0.835404	-0.462916	-0.296326	0.138460	0.344502	-0.928519	0.531911	-0.816718	-0.223703
07190		-0.829716	-0.477379	-0.289277	0.125451	0.345506	-0.929993	0.543906	-0.807920	-0.226784
07191		-0.823448	-0.491983	-0.282643	0.112684	0.346419	-0.931287	0.556090	-0.798715	-0.229820
07192		-0.816630	-0.506694	-0.276363	0.100001	0.347371	-0.932380	0.568432	-0.789047	-0.233004
07193		-0.809303	-0.521365	-0.270567	0.087520	0.348453	-0.933231	0.580834	-0.778947	-0.236375
07194		-0.801402	-0.536146	-0.265145	0.075335	0.349284	-0.933984	0.593363	-0.768471	-0.239526
07195		-0.792979	-0.550926	-0.260126	0.063558	0.349826	-0.934656	0.605925	-0.757695	-0.242389
07196		-0.783978	-0.565805	-0.255427	0.052277	0.349823	-0.935356	0.618583	-0.746652	-0.244675
07197		-0.774267	-0.580812	-0.251335	0.041716	0.349438	-0.936030	0.631483	-0.735222	-0.246330
07198		-0.763971	-0.595767	-0.247810	0.031772	0.348853	-0.936639	0.644468	-0.723439	-0.247585
07199		-0.753167	-0.610578	-0.244813	0.022342	0.348195	-0.937156	0.657450	-0.711305	-0.248608
07200		-0.741891	-0.625260	-0.242173	0.013207	0.347475	-0.937596	0.670390	-0.698793	-0.249531
07202		-0.717969	-0.654113	-0.238028	-0.004426	0.346240	-0.938135	0.696061	-0.672498	-0.251485
07204		-0.692249	-0.682210	-0.235332	-0.022144	0.346025	-0.937964	0.721319	-0.644094	-0.254643
07205		-0.678637	-0.695953	-0.234737	-0.030636	0.346143	-0.937682	0.733835	-0.629154	-0.256226
07206		-0.664504	-0.709531	-0.234522	-0.038630	0.346028	-0.937429	0.746286	-0.613865	-0.257346
07207		-0.649866	-0.722878	-0.234781	-0.045918	0.345680	-0.937228	0.758661	-0.598292	-0.257839
07208		-0.634620	-0.736114	-0.235357	-0.052595	0.344973	-0.937138	0.771032	-0.582348	-0.257642
07209		-0.618934	-0.749053	-0.236306	-0.058948	0.344308	-0.937004	0.783228	-0.566014	-0.257259
07210		-0.602861	-0.761718	-0.237367	-0.065283	0.343607	-0.936842	0.795171	-0.549290	-0.256875
07211		-0.586392	-0.774073	-0.238655	-0.071615	0.343014	-0.936596	0.806856	-0.532121	-0.256576
07212		-0.569469	-0.786184	-0.240040	-0.078100	0.342441	-0.936288	0.818294	-0.514440	-0.256411
07213		-0.552213	-0.797923	-0.241619	-0.084830	0.342087	-0.935831	0.829376	-0.496282	-0.256593
07214		-0.534492	-0.809392	-0.243316	-0.091761	0.341760	-0.935297	0.840177	-0.477582	-0.256938
07215		-0.516294	-0.820560	-0.245197	-0.098553	0.341331	-0.934762	0.850722	-0.458447	-0.257096
07216		-0.497516	-0.831495	-0.247173	-0.105180	0.340662	-0.934284	0.861055	-0.438823	-0.256941
07217		-0.478242	-0.842057	-0.249449	-0.111487	0.339949	-0.933812	0.871123	-0.418778	-0.256456
07218		-0.458562	-0.852256	-0.251756	-0.117655	0.339028	-0.933390	0.880840	-0.398397	-0.255737
07219		-0.438486	-0.862033	-0.254223	-0.123422	0.337944	-0.933039	0.890223	-0.377748	-0.254577
07220		-0.417818	-0.871480	-0.256809	-0.128887	0.336661	-0.932763	0.899342	-0.356626	-0.252985
07221		-0.396714	-0.880472	-0.259591	-0.134250	0.335407	-0.932459	0.908072	-0.335069	-0.251264
07222		-0.375088	-0.889074	-0.262406	-0.139971	0.334148	-0.932070	0.916361	-0.312879	-0.249779
07223		-0.353215	-0.897121	-0.265353	-0.145960	0.333006	-0.931559	0.924086	-0.290310	-0.248566
07224		-0.330983	-0.904692	-0.268297	-0.152150	0.331766	-0.931011	0.931290	-0.267327	-0.247458
07225		-0.308468	-0.911694	-0.271408	-0.158128	0.330498	-0.930466	0.938000	-0.244102	-0.246112
07226		-0.285622	-0.918195	-0.274478	-0.163963	0.329006	-0.929985	0.944212	-0.220620	-0.244522
07227		-0.262563	-0.924108	-0.277643	-0.169508	0.327438	-0.929544	0.949909	-0.197001	-0.242617
07228		-0.239259	-0.929481	-0.280750	-0.174895	0.325675	-0.929165	0.955074	-0.173209	-0.240482
07229		-0.215748	-0.934236	-0.284001	-0.180234	0.323955	-0.928746	0.959671	-0.149189	-0.238274
07230		-0.192105	-0.938369	-0.287330	-0.185636	0.322244	-0.928277	0.963657	-0.124988	-0.236100
07231		-0.168524	-0.941800	-0.290881	-0.191445	0.320756	-0.927612	0.966927	-0.100638	-0.234358
07232		-0.144967	-0.944594	-0.294492	-0.197580	0.319278	-0.926835	0.969508	-0.076175	-0.232918
07233		-0.121572	-0.946697	-0.298305	-0.203535	0.317925	-0.926012	0.971490	-0.051862	-0.231337
07234		-0.098238	-0.948162	-0.302222	-0.209158	0.316580	-0.925219	0.972935	-0.027680	-0.229415
07235		-0.075028	-0.948941	-0.306402	-0.214510	0.315433	-0.924385	0.973836	-0.003628	-0.227223
07236		-0.051897	-0.949112	-0.310635	-0.219822	0.314282	-0.923529	0.974159	0.020356	-0.224946
