// Start Time: Unknown
// Update Rate: 100.0Hz
// Filter Profile: human (46.1)
// Option Flags: AHS Disabled ICC Disabled 
// Firmware Version: 4.0.2
PacketCounter	SampleTimeFine	Mat[1][1]	Mat[2][1]	Mat[3][1]	Mat[1][2]	Mat[2][2]	Mat[3][2]	Mat[1][3]	Mat[2][3]	Mat[3][3]
03740		0.113557	-0.052902	-0.992122	0.600986	0.798830	0.026193	0.791151	-0.599226	0.122506
03741		0.113479	-0.052904	-0.992131	0.601271	0.798616	0.026188	0.790946	-0.599512	0.122436
03742		0.113517	-0.052919	-0.992126	0.601209	0.798663	0.026189	0.790988	-0.599448	0.122477
03743		0.113610	-0.052927	-0.992115	0.600946	0.798860	0.026198	0.791174	-0.599184	0.122565
03744		0.113697	-0.053005	-0.992101	0.600824	0.798953	0.026170	0.791255	-0.599053	0.122685
03745		0.113735	-0.053146	-0.992089	0.600984	0.798835	0.026105	0.791128	-0.599198	0.122795
03746		0.113785	-0.053215	-0.992079	0.600898	0.798901	0.026066	0.791186	-0.599104	0.122880
03747		0.113801	-0.053274	-0.992074	0.600932	0.798876	0.026033	0.791157	-0.599132	0.122927
03748		0.113811	-0.053364	-0.992068	0.600853	0.798938	0.025955	0.791216	-0.599041	0.122992
03749		0.113833	-0.053361	-0.992066	0.600507	0.799200	0.025917	0.791476	-0.598692	0.123019
03750		0.113832	-0.053413	-0.992063	0.600448	0.799245	0.025865	0.791520	-0.598627	0.123051
03751		0.113835	-0.053547	-0.992056	0.600617	0.799121	0.025785	0.791391	-0.598781	0.123129
03752		0.113835	-0.053609	-0.992052	0.600635	0.799109	0.025739	0.791378	-0.598792	0.123166
03753		0.113874	-0.053658	-0.992045	0.600742	0.799028	0.025740	0.791291	-0.598895	0.123223
03754		0.113873	-0.053703	-0.992043	0.600763	0.799014	0.025705	0.791275	-0.598910	0.123249
03755		0.113767	-0.053820	-0.992049	0.601175	0.798707	0.025611	0.790978	-0.599308	0.123222
03756		0.113752	-0.053803	-0.992051	0.601143	0.798731	0.025611	0.791004	-0.599278	0.123200
03757		0.113767	-0.053838	-0.992048	0.601107	0.798759	0.025585	0.791030	-0.599237	0.123235
03758		0.113705	-0.053852	-0.992054	0.601094	0.798770	0.025535	0.791048	-0.599221	0.123194
03759		0.113555	-0.053978	-0.992064	0.601694	0.798322	0.025436	0.790613	-0.599807	0.123131
03760		0.113507	-0.054052	-0.992066	0.601774	0.798264	0.025360	0.790559	-0.599878	0.123136
03761		0.113429	-0.054205	-0.992066	0.602228	0.797925	0.025259	0.790225	-0.600315	0.123152
03762		0.113418	-0.054295	-0.992063	0.602193	0.797953	0.025175	0.790253	-0.600269	0.123198
03763		0.113331	-0.054471	-0.992063	0.602419	0.797788	0.025014	0.790093	-0.600473	0.123228
03764		0.113306	-0.054582	-0.992060	0.602216	0.797945	0.024879	0.790251	-0.600254	0.123282
03765		0.113234	-0.054694	-0.992062	0.602265	0.797913	0.024752	0.790225	-0.600287	0.123292
03766		0.113266	-0.054857	-0.992049	0.602184	0.797977	0.024628	0.790282	-0.600186	0.123418
03767		0.113233	-0.054847	-0.992053	0.602041	0.798086	0.024594	0.790395	-0.600042	0.123390
03768		0.113195	-0.054828	-0.992059	0.601860	0.798224	0.024557	0.790539	-0.599860	0.123354
03769		0.113166	-0.054873	-0.992060	0.601972	0.798140	0.024521	0.790457	-0.599967	0.123354
03770		0.113179	-0.054871	-0.992058	0.601764	0.798298	0.024498	0.790614	-0.599757	0.123370
03771		0.113222	-0.054907	-0.992051	0.601684	0.798359	0.024483	0.790668	-0.599674	0.123429
03772		0.113280	-0.054914	-0.992044	0.601503	0.798495	0.024484	0.790798	-0.599492	0.123485
03773		0.113472	-0.054949	-0.992021	0.601320	0.798631	0.024545	0.790910	-0.599307	0.123664
03774		0.113614	-0.054937	-0.992005	0.601239	0.798690	0.024629	0.790951	-0.599230	0.123772
03775		0.113685	-0.054912	-0.991998	0.601118	0.798779	0.024673	0.791033	-0.599113	0.123818
03776		0.113763	-0.054914	-0.991989	0.600972	0.798889	0.024697	0.791133	-0.598967	0.123886
03777		0.113869	-0.054849	-0.991981	0.600591	0.799173	0.024753	0.791407	-0.598593	0.123943
03778		0.113903	-0.054846	-0.991977	0.600377	0.799334	0.024744	0.791564	-0.598379	0.123975
03779		0.113924	-0.054837	-0.991975	0.600092	0.799549	0.024718	0.791777	-0.598092	0.123995
03780		0.113901	-0.054830	-0.991978	0.599879	0.799710	0.024677	0.791942	-0.597877	0.123979
03781		0.113908	-0.054851	-0.991976	0.599599	0.799922	0.024620	0.792153	-0.597592	0.124006
03782		0.113861	-0.054889	-0.991979	0.599398	0.800075	0.024530	0.792311	-0.597384	0.123998
03783		0.113835	-0.054932	-0.991980	0.599258	0.800182	0.024457	0.792421	-0.597236	0.124007
03784		0.113769	-0.054979	-0.991985	0.599178	0.800245	0.024367	0.792491	-0.597148	0.123985
03785		0.113628	-0.055058	-0.991997	0.599414	0.800072	0.024254	0.792333	-0.597373	0.123914
03786		0.113533	-0.055095	-0.992005	0.599433	0.800060	0.024169	0.792332	-0.597385	0.123859
03787		0.113384	-0.055104	-0.992022	0.599654	0.799896	0.024106	0.792186	-0.597603	0.123739
03788		0.113311	-0.055074	-0.992032	0.599743	0.799830	0.024100	0.792129	-0.597695	0.123659
03789		0.113225	-0.055038	-0.992044	0.599830	0.799765	0.024090	0.792076	-0.597785	0.123567
03790		0.113205	-0.055040	-0.992046	0.599889	0.799721	0.024085	0.792034	-0.597844	0.123551
03791		0.113131	-0.055013	-0.992056	0.599908	0.799707	0.024065	0.792030	-0.597865	0.123475
03792		0.113043	-0.054985	-0.992068	0.599871	0.799736	0.024029	0.792071	-0.597829	0.123388
03793		0.112937	-0.054998	-0.992079	0.600028	0.799620	0.023978	0.791967	-0.597983	0.123307
03794		0.112856	-0.054975	-0.992089	0.599974	0.799661	0.023939	0.792019	-0.597930	0.123230
03795		0.112912	-0.054889	-0.992088	0.599793	0.799795	0.024014	0.792149	-0.597758	0.123228
03796		0.112854	-0.054876	-0.992095	0.599772	0.799812	0.023986	0.792173	-0.597737	0.123175
03797		0.112797	-0.054858	-0.992103	0.599973	0.799660	0.023997	0.792029	-0.597942	0.123112
03798		0.112800	-0.054818	-0.992104	0.599981	0.799654	0.024032	0.792022	-0.597954	0.123091
03799		0.112793	-0.054730	-0.992110	0.599874	0.799732	0.024082	0.792104	-0.597857	0.123035
03800		0.112726	-0.054692	-0.992120	0.599911	0.799705	0.024077	0.792086	-0.597897	0.122958
03801		0.112632	-0.054629	-0.992134	0.600136	0.799534	0.024107	0.791928	-0.598131	0.122838
03802		0.112580	-0.054595	-0.992142	0.600221	0.799471	0.024115	0.791872	-0.598219	0.122774
03803		0.112491	-0.054561	-0.992154	0.600485	0.799272	0.024129	0.791684	-0.598488	0.122674
03804		0.112437	-0.054512	-0.992162	0.600572	0.799206	0.024150	0.791625	-0.598581	0.122599
03805		0.112457	-0.054464	-0.992163	0.600644	0.799150	0.024212	0.791568	-0.598659	0.122583
03806		0.112441	-0.054443	-0.992166	0.600653	0.799143	0.024220	0.791563	-0.598671	0.122558
03807		0.112450	-0.054461	-0.992164	0.600736	0.799080	0.024225	0.791499	-0.598753	0.122573
03808		0.112444	-0.054468	-0.992164	0.600649	0.799147	0.024201	0.791567	-0.598663	0.122576
03809		0.112427	-0.054437	-0.992168	0.600564	0.799210	0.024203	0.791633	-0.598581	0.122546
03810		0.112448	-0.054435	-0.992165	0.600420	0.799319	0.024195	0.791740	-0.598436	0.122566
03811		0.112426	-0.054445	-0.992167	0.600470	0.799282	0.024181	0.791705	-0.598485	0.122552
03812		0.112369	-0.054445	-0.992174	0.600291	0.799418	0.024118	0.791848	-0.598304	0.122512
03813		0.112402	-0.054451	-0.992170	0.600233	0.799461	0.024124	0.791888	-0.598245	0.122544
03814		0.112405	-0.054481	-0.992168	0.600128	0.799541	0.024086	0.791967	-0.598135	0.122568
03815		0.112446	-0.054472	-0.992164	0.599996	0.799640	0.024098	0.792061	-0.598004	0.122599
03816		0.112505	-0.054488	-0.992156	0.599893	0.799717	0.024105	0.792131	-0.597899	0.122659
03817		0.112643	-0.054446	-0.992143	0.599607	0.799929	0.024179	0.792328	-0.597619	0.122752
03818		0.112706	-0.054432	-0.992136	0.599532	0.799984	0.024217	0.792375	-0.597547	0.122797
03819		0.112784	-0.054369	-0.992131	0.599260	0.800186	0.024272	0.792570	-0.597282	0.122829
03820		0.112791	-0.054365	-0.992130	0.599223	0.800214	0.024274	0.792597	-0.597245	0.122834
03821		0.112739	-0.054367	-0.992136	0.599436	0.800055	0.024275	0.792443	-0.597459	0.122787
03822		0.112765	-0.054396	-0.992132	0.599481	0.800021	0.024273	0.792406	-0.597501	0.122824
03823		0.112709	-0.054414	-0.992137	0.599673	0.799877	0.024255	0.792268	-0.597692	0.122784
03824		0.112704	-0.054417	-0.992137	0.599820	0.799767	0.024272	0.792158	-0.597839	0.122778
03825		0.112685	-0.054431	-0.992139	0.600170	0.799503	0.024304	0.791895	-0.598191	0.122760
03826		0.112701	-0.054428	-0.992137	0.600352	0.799365	0.024343	0.791755	-0.598375	0.122765
03827		0.112776	-0.054359	-0.992132	0.600489	0.799259	0.024467	0.791641	-0.598523	0.122779
03828		0.112786	-0.054367	-0.992131	0.600683	0.799112	0.024496	0.791492	-0.598719	0.122786
03829		0.112730	-0.054371	-0.992137	0.600975	0.798892	0.024504	0.791278	-0.599012	0.122734
03830		0.112743	-0.054408	-0.992133	0.601204	0.798720	0.024518	0.791102	-0.599239	0.122760
03831		0.112670	-0.054398	-0.992142	0.601677	0.798362	0.024555	0.790753	-0.599716	0.122682
03832		0.112635	-0.054386	-0.992147	0.601807	0.798264	0.024563	0.790659	-0.599848	0.122642
03833		0.112622	-0.054373	-0.992149	0.601930	0.798170	0.024585	0.790567	-0.599973	0.122621
03834		0.112648	-0.054403	-0.992145	0.601976	0.798136	0.024583	0.790529	-0.600016	0.122658
03835		0.112670	-0.054404	-0.992142	0.602090	0.798049	0.024614	0.790438	-0.600132	0.122672
03836		0.112734	-0.054400	-0.992135	0.602093	0.798045	0.024657	0.790427	-0.600137	0.122721
03837		0.112738	-0.054565	-0.992125	0.602826	0.797492	0.024640	0.789868	-0.600857	0.122801
03838		0.112810	-0.054567	-0.992117	0.602813	0.797501	0.024681	0.789867	-0.600845	0.122860
03839		0.112861	-0.054527	-0.992113	0.602948	0.797396	0.024765	0.789757	-0.600988	0.122872
03840		0.112933	-0.054533	-0.992105	0.602896	0.797434	0.024797	0.789786	-0.600937	0.122934
03841		0.112991	-0.054537	-0.992098	0.603041	0.797323	0.024850	0.789667	-0.601084	0.122978
03842		0.113073	-0.054567	-0.992087	0.603126	0.797258	0.024890	0.789591	-0.601168	0.123060
03843		0.113097	-0.054560	-0.992085	0.603153	0.797236	0.024915	0.789567	-0.601197	0.123073
03844		0.113114	-0.054578	-0.992082	0.603293	0.797130	0.024933	0.789457	-0.601336	0.123093
03845		0.113029	-0.054588	-0.992091	0.603695	0.796825	0.024935	0.789162	-0.601739	0.123019
03846		0.113057	-0.054631	-0.992085	0.603972	0.796615	0.024961	0.788946	-0.602014	0.123058
03847		0.113033	-0.054654	-0.992087	0.604324	0.796347	0.024982	0.788680	-0.602366	0.123042
03848		0.112991	-0.054652	-0.992092	0.604468	0.796237	0.024981	0.788575	-0.602511	0.123004
03849		0.112910	-0.054625	-0.992103	0.604506	0.796210	0.024959	0.788558	-0.602550	0.122921
03850		0.112843	-0.054600	-0.992112	0.604387	0.796301	0.024919	0.788659	-0.602431	0.122857
03851		0.112845	-0.054557	-0.992114	0.604159	0.796474	0.024920	0.788833	-0.602207	0.122839
03852		0.112883	-0.054589	-0.992108	0.603905	0.796668	0.024878	0.789022	-0.601947	0.122897
03853		0.112929	-0.054599	-0.992102	0.603772	0.796769	0.024877	0.789117	-0.601813	0.122943
03854		0.112989	-0.054642	-0.992093	0.603550	0.796938	0.024845	0.789279	-0.601584	0.123025
03855		0.113027	-0.054701	-0.992085	0.603584	0.796913	0.024826	0.789247	-0.601612	0.123089
03856		0.113060	-0.054753	-0.992078	0.603418	0.797040	0.024779	0.789369	-0.601439	0.123153
03857		0.113068	-0.054783	-0.992076	0.603259	0.797162	0.024734	0.789490	-0.601275	0.123182
03858		0.113068	-0.054787	-0.992076	0.603082	0.797297	0.024704	0.789625	-0.601096	0.123190
03859		0.113015	-0.054842	-0.992079	0.603146	0.797251	0.024637	0.789584	-0.601152	0.123179
03860		0.113010	-0.054865	-0.992078	0.603058	0.797318	0.024602	0.789652	-0.601060	0.123192
03861		0.112955	-0.054971	-0.992078	0.603501	0.796984	0.024552	0.789321	-0.601493	0.123199
03862		0.112946	-0.055015	-0.992077	0.603502	0.796985	0.024511	0.789322	-0.601489	0.123218
03863		0.112858	-0.055063	-0.992084	0.603765	0.796787	0.024460	0.789133	-0.601746	0.123168
03864		0.112820	-0.055103	-0.992086	0.603786	0.796772	0.024408	0.789122	-0.601762	0.123162
03865		0.112801	-0.055129	-0.992087	0.603852	0.796723	0.024385	0.789075	-0.601825	0.123161
03866		0.112735	-0.055185	-0.992091	0.603852	0.796726	0.024300	0.789084	-0.601815	0.123143
03867		0.112661	-0.055241	-0.992097	0.603890	0.796700	0.024216	0.789065	-0.601846	0.123117
03868		0.112622	-0.055272	-0.992099	0.603836	0.796743	0.024158	0.789113	-0.601786	0.123106
03869		0.112643	-0.055316	-0.992095	0.603718	0.796833	0.024117	0.789200	-0.601662	0.123153
03870		0.112662	-0.055302	-0.992093	0.603540	0.796968	0.024113	0.789333	-0.601484	0.123165
03871		0.112674	-0.055394	-0.992087	0.603855	0.796730	0.024095	0.789090	-0.601792	0.123221
03872		0.112693	-0.055380	-0.992085	0.603677	0.796865	0.024091	0.789224	-0.601614	0.123233
03873		0.112706	-0.055386	-0.992083	0.603531	0.796976	0.024071	0.789333	-0.601466	0.123252
03874		0.112707	-0.055386	-0.992083	0.603589	0.796932	0.024080	0.789289	-0.601524	0.123251
03875		0.112611	-0.055399	-0.992094	0.604010	0.796613	0.024077	0.788981	-0.601946	0.123169
03876		0.112596	-0.055313	-0.992100	0.604096	0.796545	0.024150	0.788917	-0.602043	0.123102
03877		0.112517	-0.055226	-0.992114	0.604304	0.796386	0.024204	0.788769	-0.602262	0.122980
03878		0.112505	-0.055182	-0.992118	0.604267	0.796413	0.024226	0.788799	-0.602230	0.122946
03879		0.112497	-0.055097	-0.992123	0.604283	0.796399	0.024292	0.788788	-0.602256	0.122887
03880		0.112552	-0.055011	-0.992122	0.604146	0.796500	0.024374	0.788885	-0.602130	0.122882
03881		0.112635	-0.054866	-0.992121	0.604011	0.796599	0.024519	0.788976	-0.602014	0.122865
03882		0.112715	-0.054741	-0.992118	0.603978	0.796619	0.024664	0.788991	-0.601998	0.122853
03883		0.112774	-0.054677	-0.992115	0.604329	0.796349	0.024806	0.788713	-0.602362	0.122850
03884		0.112786	-0.054575	-0.992119	0.604437	0.796263	0.024913	0.788628	-0.602484	0.122794
03885		0.112768	-0.054470	-0.992127	0.604643	0.796104	0.025017	0.788474	-0.602703	0.122710
03886		0.112706	-0.054415	-0.992137	0.604748	0.796023	0.025040	0.788401	-0.602816	0.122624
03887		0.112662	-0.054319	-0.992148	0.604761	0.796012	0.025092	0.788398	-0.602839	0.122530
03888		0.112581	-0.054282	-0.992159	0.604869	0.795930	0.025089	0.788327	-0.602950	0.122440
03889		0.112483	-0.054273	-0.992170	0.605244	0.795644	0.025094	0.788053	-0.603328	0.122345
03890		0.112438	-0.054249	-0.992177	0.605277	0.795619	0.025091	0.788034	-0.603363	0.122294
03891		0.112361	-0.054249	-0.992185	0.605527	0.795429	0.025083	0.787853	-0.603614	0.122225
03892		0.112374	-0.054167	-0.992188	0.605400	0.795524	0.025137	0.787948	-0.603496	0.122189
03893		0.112341	-0.054168	-0.992192	0.605712	0.795286	0.025164	0.787713	-0.603810	0.122153
03894		0.112387	-0.054131	-0.992189	0.605636	0.795342	0.025210	0.787765	-0.603739	0.122170
03895		0.112415	-0.054035	-0.992191	0.605417	0.795507	0.025270	0.787930	-0.603530	0.122141
03896		0.112407	-0.054023	-0.992193	0.605376	0.795539	0.025268	0.787963	-0.603489	0.122128
03897		0.112369	-0.054009	-0.992198	0.605412	0.795511	0.025262	0.787940	-0.603527	0.122089
03898		0.112314	-0.054025	-0.992203	0.605429	0.795500	0.025218	0.787935	-0.603541	0.122054
03899		0.112265	-0.054011	-0.992209	0.605367	0.795548	0.025190	0.787989	-0.603479	0.122008
03900		0.112244	-0.054016	-0.992211	0.605391	0.795530	0.025176	0.787974	-0.603501	0.121995
03901		0.112220	-0.054042	-0.992213	0.605368	0.795549	0.025137	0.787995	-0.603475	0.121992
03902		0.112166	-0.054009	-0.992221	0.605263	0.795630	0.025114	0.788084	-0.603371	0.121933
03903		0.112232	-0.053930	-0.992218	0.604826	0.795961	0.025150	0.788410	-0.602941	0.121950
03904		0.112227	-0.053889	-0.992220	0.604620	0.796117	0.025148	0.788568	-0.602739	0.121928
03905		0.112255	-0.053849	-0.992219	0.604419	0.796269	0.025167	0.788718	-0.602541	0.121933
03906		0.112285	-0.053798	-0.992219	0.604219	0.796420	0.025195	0.788867	-0.602347	0.121932
03907		0.112280	-0.053790	-0.992220	0.604283	0.796371	0.025208	0.788819	-0.602412	0.121921
03908		0.112302	-0.053798	-0.992217	0.604219	0.796419	0.025206	0.788864	-0.602347	0.121945
03909		0.112376	-0.053731	-0.992212	0.603967	0.796609	0.025265	0.789047	-0.602102	0.121971
03910		0.112363	-0.053743	-0.992213	0.603975	0.796603	0.025249	0.789043	-0.602109	0.121968
03911		0.112349	-0.053803	-0.992211	0.604030	0.796563	0.025201	0.789003	-0.602157	0.121992
03912		0.112291	-0.053861	-0.992215	0.604055	0.796547	0.025123	0.788992	-0.602173	0.121980
03913		0.112176	-0.053962	-0.992222	0.604468	0.796236	0.025035	0.788692	-0.602575	0.121937
03914		0.112135	-0.054048	-0.992222	0.604459	0.796246	0.024940	0.788705	-0.602554	0.121957
03915		0.111993	-0.054137	-0.992233	0.604680	0.796082	0.024815	0.788556	-0.602763	0.121891
03916		0.111964	-0.054202	-0.992233	0.604645	0.796110	0.024740	0.788586	-0.602719	0.121909
03917		0.111892	-0.054251	-0.992238	0.604761	0.796025	0.024674	0.788508	-0.602828	0.121878
03918		0.111913	-0.054311	-0.992233	0.604780	0.796011	0.024642	0.788490	-0.602841	0.121930
03919		0.112019	-0.054271	-0.992223	0.604564	0.796173	0.024706	0.788641	-0.602630	0.121996
03920		0.112063	-0.054276	-0.992218	0.604689	0.796077	0.024748	0.788538	-0.602757	0.122031
03921		0.112098	-0.054272	-0.992214	0.604804	0.795988	0.024790	0.788445	-0.602874	0.122053
03922		0.112148	-0.054263	-0.992209	0.604956	0.795871	0.024852	0.788322	-0.603029	0.122083
03923		0.112122	-0.054293	-0.992210	0.605249	0.795648	0.024858	0.788100	-0.603322	0.122070
03924		0.112147	-0.054313	-0.992206	0.605416	0.795520	0.024883	0.787969	-0.603488	0.122097
03925		0.112105	-0.054376	-0.992208	0.605659	0.795337	0.024843	0.787788	-0.603724	0.122094
03926		0.112083	-0.054427	-0.992207	0.605844	0.795196	0.024818	0.787649	-0.603905	0.122102
03927		0.112054	-0.054511	-0.992206	0.606286	0.794860	0.024801	0.787313	-0.604340	0.122116
03928		0.112039	-0.054567	-0.992204	0.606456	0.794731	0.024774	0.787184	-0.604504	0.122134
03929		0.112085	-0.054555	-0.992200	0.606402	0.794771	0.024804	0.787219	-0.604452	0.122164
03930		0.112139	-0.054582	-0.992192	0.606509	0.794689	0.024832	0.787129	-0.604558	0.122220
03931		0.112180	-0.054631	-0.992185	0.606944	0.794355	0.024885	0.786787	-0.604993	0.122269
03932		0.112314	-0.054607	-0.992171	0.606963	0.794337	0.024989	0.786754	-0.605018	0.122360
03933		0.112436	-0.054651	-0.992155	0.607135	0.794204	0.025056	0.786604	-0.605189	0.122478
03934		0.112579	-0.054572	-0.992143	0.607173	0.794170	0.025214	0.786554	-0.605241	0.122541
03935		0.112655	-0.054646	-0.992130	0.607916	0.793597	0.025317	0.785969	-0.605984	0.122623
03936		0.112846	-0.054614	-0.992110	0.608091	0.793458	0.025488	0.785806	-0.606170	0.122749
03937		0.112960	-0.054608	-0.992098	0.608612	0.793054	0.025644	0.785386	-0.606699	0.122818
03938		0.113114	-0.054557	-0.992083	0.608939	0.792796	0.025832	0.785110	-0.607040	0.122898
03939		0.113278	-0.054422	-0.992072	0.609145	0.792630	0.026073	0.784927	-0.607269	0.122939
03940		0.113402	-0.054420	-0.992058	0.609576	0.792294	0.026219	0.784575	-0.607708	0.123021
03941		0.113526	-0.054403	-0.992044	0.610251	0.791768	0.026415	0.784032	-0.608395	0.123086
03942		0.113756	-0.054322	-0.992022	0.610578	0.791507	0.026674	0.783743	-0.608741	0.123207
03943		0.113993	-0.054208	-0.992002	0.610940	0.791218	0.026969	0.783427	-0.609127	0.123311
03944		0.114397	-0.054077	-0.991962	0.611105	0.791077	0.027349	0.783239	-0.609322	0.123544
03945		0.114814	-0.053892	-0.991924	0.611260	0.790942	0.027780	0.783058	-0.609513	0.123753
03946		0.115302	-0.053701	-0.991878	0.611132	0.791026	0.028215	0.783086	-0.609421	0.124026
03947		0.115912	-0.053396	-0.991823	0.610457	0.791528	0.028730	0.783522	-0.608796	0.124344
03948		0.116480	-0.053136	-0.991771	0.610282	0.791644	0.029262	0.783574	-0.608668	0.124638
03949		0.117109	-0.052892	-0.991710	0.610494	0.791457	0.029880	0.783315	-0.608932	0.124977
03950		0.117818	-0.052622	-0.991640	0.610378	0.791523	0.030517	0.783299	-0.608870	0.125375
03951		0.118580	-0.052345	-0.991564	0.610225	0.791614	0.031187	0.783303	-0.608775	0.125812
03952		0.119329	-0.052092	-0.991487	0.610380	0.791467	0.031878	0.783069	-0.608988	0.126241
03953		0.120089	-0.051807	-0.991410	0.610859	0.791066	0.032655	0.782579	-0.609533	0.126645
03954		0.121157	-0.051337	-0.991305	0.611446	0.790564	0.033789	0.781956	-0.610223	0.127172
03955		0.122611	-0.050532	-0.991168	0.612138	0.789956	0.035449	0.781187	-0.611078	0.127790
03956		0.124749	-0.049402	-0.990958	0.612106	0.789877	0.037679	0.780874	-0.611272	0.128776
03957		0.127425	-0.048007	-0.990686	0.611397	0.790295	0.040343	0.780997	-0.610843	0.130055
03958		0.130388	-0.046302	-0.990381	0.610461	0.790857	0.043396	0.781240	-0.610247	0.131384
03959		0.133596	-0.044324	-0.990044	0.609353	0.791517	0.046790	0.781563	-0.609538	0.132752
03960		0.136870	-0.041887	-0.989703	0.607970	0.792349	0.050545	0.782073	-0.608628	0.133915
03961		0.140426	-0.038857	-0.989328	0.605979	0.793588	0.054844	0.782988	-0.607214	0.134987
03962		0.144512	-0.035578	-0.988863	0.603673	0.795000	0.059617	0.784025	-0.605565	0.136364
03963		0.149297	-0.032034	-0.988273	0.600481	0.797002	0.064880	0.785578	-0.603126	0.138226
03964		0.154529	-0.028202	-0.987586	0.596912	0.799196	0.070577	0.787284	-0.600408	0.140333
03965		0.160182	-0.024075	-0.986794	0.592871	0.801638	0.076681	0.789206	-0.597324	0.142681
03966		0.165978	-0.019825	-0.985930	0.588920	0.803920	0.082977	0.790964	-0.594406	0.145108
03967		0.171600	-0.015000	-0.985052	0.585456	0.805724	0.089719	0.792335	-0.592101	0.147045
03968		0.177254	-0.009766	-0.984117	0.582041	0.807375	0.096823	0.793605	-0.589958	0.148794
03969		0.182709	-0.004293	-0.983158	0.578252	0.809212	0.103928	0.795137	-0.587501	0.150333
03970		0.187570	0.001355	-0.982250	0.573482	0.811714	0.110632	0.797456	-0.584054	0.151476
03971		0.192009	0.007402	-0.981365	0.567446	0.815031	0.117171	0.800711	-0.579369	0.152293
03972		0.195862	0.013422	-0.980540	0.560987	0.818596	0.123262	0.804320	-0.574212	0.152803
03973		0.199377	0.019284	-0.979733	0.553582	0.822766	0.128849	0.808576	-0.568052	0.153365
03974		0.202295	0.024701	-0.979013	0.545727	0.827238	0.133637	0.813178	-0.561308	0.153866
03975		0.204659	0.029816	-0.978379	0.537532	0.831909	0.137794	0.818030	-0.554111	0.154231
03976		0.206264	0.034697	-0.977881	0.529276	0.836597	0.141324	0.822995	-0.546720	0.154196
03977		0.207357	0.039665	-0.977461	0.521342	0.840986	0.144724	0.827771	-0.539601	0.153705
03978		0.208208	0.044814	-0.977057	0.513569	0.845152	0.148204	0.832404	-0.532643	0.152953
03979		0.208713	0.050557	-0.976669	0.505156	0.849550	0.151928	0.837410	-0.525080	0.151773
03980		0.208915	0.056542	-0.976298	0.496315	0.854072	0.155668	0.842630	-0.517073	0.150366
03981		0.209058	0.062604	-0.975897	0.486461	0.859054	0.159318	0.848322	-0.508043	0.149137
03982		0.209020	0.068188	-0.975531	0.475943	0.864353	0.162394	0.854277	-0.498241	0.148214
03983		0.208713	0.073297	-0.975226	0.464902	0.869875	0.164875	0.860410	-0.487796	0.147479
03984		0.207769	0.077427	-0.975109	0.453564	0.875596	0.166167	0.866667	-0.476799	0.146804
03985		0.205941	0.081177	-0.975192	0.441500	0.881654	0.166626	0.873308	-0.464862	0.145730
03986		0.203199	0.084423	-0.975491	0.429492	0.887629	0.166284	0.879913	-0.452755	0.144106
03987		0.200059	0.087127	-0.975902	0.417441	0.893534	0.165348	0.886408	-0.440461	0.142389
03988		0.196396	0.089200	-0.976459	0.405659	0.899239	0.163737	0.892675	-0.428267	0.140422
03989		0.192298	0.090595	-0.977146	0.394661	0.904517	0.161528	0.898479	-0.416703	0.138183
03990		0.187504	0.091670	-0.977977	0.385249	0.909000	0.159067	0.903562	-0.406591	0.135125
03991		0.182381	0.092714	-0.978847	0.376800	0.912948	0.156679	0.908162	-0.397405	0.131569
03992		0.177006	0.093579	-0.979751	0.369624	0.916281	0.154295	0.912166	-0.389450	0.127598
03993		0.171927	0.093963	-0.980618	0.363378	0.919194	0.151786	0.915641	-0.382431	0.123890
03994		0.167176	0.093640	-0.981470	0.358233	0.921674	0.148953	0.918543	-0.376496	0.120537
03995		0.163372	0.092527	-0.982216	0.354944	0.923413	0.146026	0.920502	-0.372488	0.118018
03996		0.159986	0.091080	-0.982908	0.353668	0.924342	0.143218	0.921588	-0.370536	0.115670
03997		0.156860	0.089408	-0.983566	0.356020	0.923817	0.140755	0.921219	-0.372248	0.113079
03998		0.153167	0.087885	-0.984284	0.360949	0.922242	0.138514	0.919921	-0.376492	0.109535
03999		0.149427	0.085973	-0.985028	0.367545	0.920000	0.136053	0.917923	-0.382372	0.105874
04000		0.145303	0.083899	-0.985824	0.375209	0.917295	0.133370	0.915481	-0.389269	0.101806
04001		0.141023	0.082200	-0.986588	0.383828	0.914062	0.131022	0.912573	-0.397157	0.097353
04002		0.135782	0.081101	-0.987414	0.392440	0.910720	0.128767	0.909700	-0.404984	0.091832
04003		0.130315	0.080217	-0.988222	0.400282	0.907625	0.126459	0.907079	-0.412047	0.086167
04004		0.124449	0.079811	-0.989011	0.406641	0.905105	0.124209	0.905072	-0.417630	0.080185
04005		0.118674	0.079816	-0.989720	0.411546	0.903162	0.122182	0.903630	-0.421815	0.074334
04006		0.111850	0.080481	-0.990461	0.414291	0.902187	0.120093	0.903246	-0.423771	0.067567
04007		0.104178	0.081502	-0.991214	0.415676	0.901846	0.117842	0.903527	-0.424300	0.060074
04008		0.095355	0.083190	-0.991961	0.414831	0.902530	0.115567	0.904888	-0.422516	0.051551
04009		0.085716	0.085661	-0.992630	0.410853	0.904604	0.113543	0.907663	-0.417558	0.042345
04010		0.075405	0.089109	-0.993163	0.401947	0.908780	0.112056	0.912553	-0.407649	0.032709
04011		0.065070	0.093328	-0.993507	0.387649	0.915057	0.111348	0.919507	-0.392378	0.023364
04012		0.055034	0.098379	-0.993626	0.367120	0.923435	0.111763	0.928544	-0.370931	0.014703
04013		0.047057	0.104515	-0.993409	0.341404	0.932938	0.114325	0.938738	-0.344534	0.008219
04014		0.042448	0.112233	-0.992775	0.312665	0.942267	0.119891	0.948914	-0.315495	0.004906
04015		0.041305	0.122325	-0.991630	0.283104	0.950371	0.129027	0.958199	-0.286064	0.004624
04016		0.041381	0.135197	-0.989954	0.254177	0.956781	0.141292	0.966272	-0.257470	0.005229
04017		0.041473	0.150349	-0.987763	0.227477	0.961229	0.155861	0.972900	-0.231157	0.005664
04018		0.040424	0.166909	-0.985143	0.203641	0.963879	0.171663	0.978211	-0.207555	0.004975
04019		0.037952	0.184357	-0.982126	0.182578	0.965011	0.188199	0.982459	-0.186457	0.002964
04020		0.033281	0.201910	-0.978839	0.164556	0.964908	0.204631	0.985806	-0.167884	-0.001112
04021		0.026691	0.218704	-0.975426	0.147509	0.964230	0.220230	0.988700	-0.149762	-0.006525
04022		0.018711	0.233352	-0.972212	0.129575	0.963616	0.233782	0.991393	-0.130349	-0.012206
04023		0.010377	0.245088	-0.969445	0.109833	0.963352	0.244724	0.993896	-0.109017	-0.016922
04024		0.002576	0.253745	-0.967268	0.089460	0.963334	0.252951	0.995987	-0.087183	-0.020218
04025		-0.003650	0.259611	-0.965706	0.069955	0.963413	0.258730	0.997543	-0.066612	-0.021677
04026		-0.008156	0.263237	-0.964697	0.051147	0.963576	0.262499	0.998658	-0.047201	-0.021323
04027		-0.010589	0.265823	-0.963964	0.034545	0.963540	0.265326	0.999347	-0.030491	-0.019386
04028		-0.011160	0.268127	-0.963319	0.020113	0.963244	0.267873	0.999735	-0.016386	-0.016143
04029		-0.010143	0.270089	-0.962782	0.008293	0.962821	0.270013	0.999914	-0.005246	-0.012006
04030		-0.007998	0.271518	-0.962400	-0.001291	0.962427	0.271536	0.999967	0.003414	-0.007347
04031		-0.004895	0.272012	-0.962281	-0.007341	0.962257	0.272043	0.999961	0.008396	-0.002713
04032		-0.001451	0.271175	-0.962529	-0.009655	0.962481	0.271176	0.999952	0.009687	0.001222
04033		0.001800	0.268655	-0.963235	-0.007515	0.963213	0.268635	0.999970	0.006756	0.003753
04034		0.004601	0.264051	-0.964498	-0.000360	0.964508	0.264053	0.999989	-0.000868	0.004533
04035		0.007036	0.257169	-0.966341	0.013185	0.966257	0.257242	0.999888	-0.014551	0.003408
04036		0.009064	0.248322	-0.968635	0.032440	0.968092	0.248486	0.999433	-0.033674	0.000719
04037		0.011420	0.237253	-0.971381	0.056422	0.969743	0.237517	0.998342	-0.057520	-0.002312
04038		0.014304	0.224002	-0.974484	0.084535	0.970823	0.224402	0.996318	-0.085588	-0.005049
04039		0.017426	0.207810	-0.978014	0.116995	0.971019	0.208408	0.992980	-0.118054	-0.007392
04040		0.019983	0.188633	-0.981844	0.152633	0.969954	0.189455	0.988081	-0.153648	-0.009409
04041		0.022429	0.166304	-0.985819	0.190735	0.967244	0.167510	0.981385	-0.191787	-0.010025
04042		0.025049	0.141431	-0.989631	0.230898	0.962356	0.143378	0.972656	-0.232095	-0.008551
04043		0.027536	0.113702	-0.993133	0.271150	0.955412	0.116902	0.962143	-0.272507	-0.004522
04044		0.029184	0.083532	-0.996078	0.310195	0.946548	0.088467	0.950225	-0.311560	0.001713
04045		0.029950	0.050517	-0.998274	0.347143	0.936030	0.057782	0.937334	-0.348274	0.010497
04046		0.028829	0.014986	-0.999472	0.381818	0.923903	0.024866	0.923788	-0.382333	0.020913
04047		0.026265	-0.022460	-0.999403	0.414775	0.909874	-0.009548	0.909545	-0.414276	0.033214
04048		0.023109	-0.060246	-0.997916	0.444820	0.894553	-0.043705	0.895322	-0.442883	0.047471
04049		0.019474	-0.097818	-0.995014	0.472936	0.877723	-0.077032	0.880882	-0.469077	0.063354
04050		0.015964	-0.135613	-0.990633	0.500759	0.858636	-0.109473	0.865439	-0.494321	0.081617
04051		0.011674	-0.174223	-0.984637	0.528622	0.836927	-0.141819	0.848777	-0.518845	0.101869
04052		0.005570	-0.212685	-0.977105	0.556731	0.812341	-0.173647	0.830674	-0.543017	0.122933
04053		-0.002688	-0.250950	-0.967996	0.583456	0.785761	-0.205326	0.812140	-0.565335	0.144306
04054		-0.011858	-0.288974	-0.957263	0.610494	0.756102	-0.235811	0.791932	-0.587200	0.167451
04055		-0.021255	-0.326901	-0.944820	0.635255	0.725324	-0.265248	0.772010	-0.605839	0.192249
04056		-0.030056	-0.364893	-0.930564	0.657702	0.693829	-0.293308	0.752678	-0.620849	0.219138
04057		-0.037556	-0.403364	-0.914269	0.677804	0.661997	-0.319908	0.734283	-0.631710	0.248539
04058		-0.043834	-0.441852	-0.896016	0.696632	0.629343	-0.344428	0.716088	-0.639292	0.280222
04059		-0.049800	-0.480565	-0.875544	0.715037	0.594889	-0.367191	0.697311	-0.644332	0.313996
04060		-0.057304	-0.517860	-0.853544	0.733290	0.558347	-0.387989	0.677497	-0.648128	0.347746
04061		-0.067687	-0.550610	-0.832014	0.749508	0.522362	-0.406664	0.658525	-0.651127	0.377330
04062		-0.079127	-0.577830	-0.812312	0.759594	0.492756	-0.424509	0.645566	-0.650618	0.399926
04063		-0.085529	-0.607006	-0.790081	0.764519	0.468521	-0.442718	0.638902	-0.641897	0.423996
04064		-0.086452	-0.644638	-0.759584	0.781014	0.429487	-0.453385	0.618501	-0.632441	0.466341
04065		-0.092611	-0.687516	-0.720239	0.809612	0.369077	-0.456411	0.579614	-0.625383	0.522441
04066		-0.103912	-0.732223	-0.673091	0.833001	0.305696	-0.461151	0.543426	-0.608605	0.578177
04067		-0.121221	-0.774920	-0.620326	0.847464	0.244587	-0.471149	0.516826	-0.582817	0.627068
04068		-0.145501	-0.810463	-0.567432	0.854309	0.186342	-0.485215	0.498985	-0.555361	0.665273
04069		-0.179999	-0.837133	-0.516536	0.857451	0.123808	-0.499449	0.482056	-0.532804	0.695515
04070		-0.220392	-0.861000	-0.458373	0.859586	0.050666	-0.508472	0.461019	-0.506075	0.728938
04071		-0.256421	-0.878613	-0.402849	0.860850	-0.018070	-0.508538	0.439529	-0.477192	0.760988
04072		-0.300481	-0.883869	-0.358451	0.852953	-0.080834	-0.515690	0.426827	-0.460697	0.778188
04073		-0.329541	-0.887492	-0.322119	0.847282	-0.127463	-0.515622	0.416553	-0.442844	0.793960
04074		-0.354163	-0.889255	-0.289472	0.835761	-0.162080	-0.524627	0.419609	-0.427732	0.800608
04075		-0.371273	-0.889453	-0.266515	0.822821	-0.182159	-0.538316	0.430258	-0.419156	0.799491
04076		-0.377880	-0.890070	-0.254917	0.811732	-0.186070	-0.553597	0.445307	-0.416118	0.792810
04077		-0.376534	-0.893552	-0.244515	0.799605	-0.180186	-0.572857	0.467819	-0.411215	0.782335
04078		-0.372724	-0.897214	-0.236821	0.785721	-0.169372	-0.594942	0.493679	-0.407824	0.768089
04079		-0.368864	-0.898744	-0.237062	0.776428	-0.157723	-0.610150	0.510978	-0.409124	0.755989
04080		-0.364746	-0.898655	-0.243679	0.773362	-0.146649	-0.616770	0.518528	-0.413417	0.748475
04081		-0.359559	-0.897794	-0.254327	0.772738	-0.133705	-0.620483	0.523062	-0.419629	0.741834
04082		-0.352093	-0.896986	-0.267295	0.779467	-0.122916	-0.614266	0.518133	-0.424626	0.742449
04083		-0.341575	-0.896863	-0.281003	0.792711	-0.114298	-0.598787	0.504912	-0.427284	0.749994
04084		-0.327323	-0.897347	-0.296021	0.810740	-0.105794	-0.575768	0.485346	-0.428458	0.762144
04085		-0.309318	-0.898087	-0.312670	0.829990	-0.094479	-0.549718	0.464154	-0.429551	0.774627
04086		-0.288570	-0.898816	-0.329935	0.848275	-0.080197	-0.523448	0.444024	-0.430927	0.785585
04087		-0.267078	-0.899077	-0.346885	0.864493	-0.064475	-0.498492	0.425818	-0.433016	0.794466
04088		-0.246152	-0.898967	-0.362309	0.877749	-0.048224	-0.476687	0.411054	-0.435354	0.800938
04089		-0.226101	-0.898654	-0.375899	0.888338	-0.031894	-0.458081	0.399668	-0.437498	0.805519
04090		-0.206671	-0.897423	-0.389767	0.897507	-0.015270	-0.440737	0.389576	-0.440906	0.808599
04091		-0.187201	-0.894891	-0.405125	0.906329	0.001707	-0.422568	0.378844	-0.446281	0.810747
04092		-0.167048	-0.890798	-0.422580	0.915543	0.018907	-0.401774	0.365890	-0.454006	0.812406
04093		-0.146293	-0.885129	-0.441751	0.924646	0.036370	-0.379086	0.351607	-0.463921	0.813111
04094		-0.126054	-0.877948	-0.461864	0.933065	0.053185	-0.355755	0.336898	-0.475793	0.812478
04095		-0.107551	-0.868741	-0.483448	0.939931	0.069611	-0.334193	0.323980	-0.490351	0.809069
04096		-0.092598	-0.857083	-0.506788	0.945188	0.084396	-0.315432	0.313122	-0.508219	0.802289
04097		-0.079255	-0.843490	-0.531266	0.949063	0.099190	-0.299068	0.304957	-0.527907	0.792663
04098		-0.066890	-0.828232	-0.556379	0.951464	0.114941	-0.285491	0.300404	-0.548471	0.780345
04099		-0.055218	-0.812621	-0.580171	0.952505	0.131408	-0.274712	0.299476	-0.567785	0.766769
04100		-0.045791	-0.795264	-0.604532	0.950904	0.150723	-0.270303	0.306079	-0.587229	0.749318
04101		-0.038632	-0.779830	-0.624798	0.947910	0.169249	-0.269855	0.316187	-0.602677	0.732670
04102		-0.035381	-0.764834	-0.643255	0.942389	0.188708	-0.276209	0.332642	-0.615970	0.714094
04103		-0.035986	-0.749534	-0.660987	0.935401	0.207543	-0.286271	0.351753	-0.628589	0.693647
04104		-0.038991	-0.734095	-0.677927	0.927136	0.226463	-0.298551	0.372690	-0.640171	0.671776
04105		-0.042165	-0.719258	-0.693462	0.918655	0.244970	-0.309940	0.392805	-0.650121	0.650421
04106		-0.043131	-0.706845	-0.706052	0.910623	0.262902	-0.318825	0.410982	-0.656699	0.632330
04107		-0.043731	-0.696343	-0.716376	0.902278	0.280336	-0.327576	0.428931	-0.660696	0.616035
04108		-0.044810	-0.687578	-0.724726	0.893072	0.297524	-0.337493	0.447676	-0.662356	0.600725
04109		-0.047607	-0.680289	-0.731397	0.884355	0.311712	-0.347494	0.464382	-0.663357	0.586777
04110		-0.052037	-0.673527	-0.737329	0.876369	0.323208	-0.357090	0.478821	-0.664754	0.573439
04111		-0.055509	-0.667387	-0.742640	0.869936	0.332714	-0.364023	0.490031	-0.666255	0.562115
04112		-0.054576	-0.663501	-0.746182	0.866062	0.340467	-0.366086	0.496949	-0.666219	0.556052
04113		-0.047290	-0.663388	-0.746780	0.863825	0.348241	-0.364055	0.501568	-0.662303	0.556583
04114		-0.034698	-0.665661	-0.745447	0.862616	0.356709	-0.358681	0.504668	-0.655480	0.561833
04115		-0.018618	-0.668083	-0.743854	0.861933	0.366302	-0.350563	0.506680	-0.647679	0.569023
04116		-0.000827	-0.670038	-0.742327	0.861860	0.375991	-0.340335	0.507145	-0.640063	0.577168
04117		0.017173	-0.670532	-0.741682	0.861644	0.386234	-0.329231	0.507223	-0.633412	0.584393
04118		0.036386	-0.669349	-0.742056	0.860304	0.398802	-0.317543	0.508481	-0.626840	0.590355
04119		0.058186	-0.666793	-0.742968	0.858254	0.413550	-0.303935	0.509915	-0.619971	0.596341
04120		0.083605	-0.663141	-0.743810	0.855239	0.430846	-0.287990	0.511446	-0.612058	0.603165
04121		0.111848	-0.657809	-0.744834	0.850708	0.450777	-0.270363	0.513601	-0.603396	0.610022
04122		0.141115	-0.650265	-0.746486	0.844007	0.473127	-0.252592	0.517435	-0.594395	0.615594
04123		0.171471	-0.641137	-0.748025	0.835497	0.496975	-0.234438	0.522056	-0.584773	0.620885
04124		0.203380	-0.630582	-0.749001	0.825079	0.522248	-0.215641	0.527144	-0.574128	0.626495
04125		0.234007	-0.617738	-0.750760	0.812621	0.548205	-0.197783	0.533748	-0.563801	0.630271
04126		0.262042	-0.602979	-0.753492	0.796942	0.575536	-0.183418	0.544259	-0.552426	0.631354
04127		0.288305	-0.587069	-0.756459	0.778183	0.603983	-0.172152	0.557953	-0.539031	0.630978
04128		0.313699	-0.570015	-0.759391	0.755650	0.634149	-0.163852	0.574966	-0.522434	0.629664
04129		0.337705	-0.551203	-0.762975	0.730288	0.664838	-0.157067	0.593830	-0.504149	0.627056
04130		0.360304	-0.529989	-0.767654	0.702311	0.695736	-0.150702	0.613955	-0.484833	0.622893
04131		0.381980	-0.506899	-0.772751	0.672492	0.725998	-0.143810	0.633913	-0.464736	0.618202
04132		0.402193	-0.482825	-0.777895	0.642629	0.754052	-0.135769	0.652126	-0.445293	0.613552
04133		0.420024	-0.458750	-0.783025	0.615550	0.778020	-0.125629	0.666842	-0.429224	0.609171
04134		0.435587	-0.435177	-0.787962	0.593139	0.797216	-0.112399	0.677089	-0.418411	0.605377
04135		0.448652	-0.412095	-0.793026	0.576547	0.811464	-0.095497	0.682866	-0.414371	0.601657
04136		0.459524	-0.389340	-0.798281	0.564622	0.821860	-0.075820	0.685595	-0.415885	0.597494
04137		0.468273	-0.366800	-0.803852	0.556247	0.829238	-0.054349	0.686520	-0.421690	0.592341
04138		0.474388	-0.343989	-0.810326	0.549780	0.834678	-0.032470	0.687530	-0.430097	0.585080
04139		0.477948	-0.320588	-0.817795	0.543704	0.839202	-0.011220	0.689892	-0.439276	0.575400
04140		0.480413	-0.296470	-0.825415	0.536117	0.844097	0.008854	0.694105	-0.446772	0.564458
04141		0.482323	-0.271668	-0.832803	0.526730	0.849574	0.027920	0.699943	-0.452128	0.552865
04142		0.483046	-0.246372	-0.840218	0.515630	0.855599	0.045557	0.707667	-0.455248	0.540331
04143		0.482571	-0.220941	-0.847532	0.503057	0.862048	0.061707	0.716979	-0.456135	0.527145
04144		0.481155	-0.195572	-0.854542	0.488545	0.869209	0.076150	0.727883	-0.454122	0.513770
04145		0.479433	-0.170739	-0.860809	0.473782	0.876019	0.090121	0.738698	-0.451043	0.500886
04146		0.477535	-0.146581	-0.866299	0.459452	0.882091	0.104013	0.748909	-0.447693	0.488576
04147		0.474604	-0.123349	-0.871513	0.446993	0.886731	0.117919	0.758253	-0.445525	0.475983
04148		0.469652	-0.100796	-0.877079	0.437409	0.889523	0.131995	0.766877	-0.445634	0.461855
04149		0.461777	-0.078579	-0.883509	0.430932	0.890490	0.146031	0.775281	-0.448166	0.445070
04150		0.451430	-0.056469	-0.890518	0.427293	0.889810	0.160183	0.783346	-0.452824	0.425816
04151		0.439845	-0.034137	-0.897425	0.425500	0.887922	0.174770	0.790877	-0.458726	0.405073
04152		0.428171	-0.011442	-0.903625	0.424448	0.885312	0.189910	0.797818	-0.464856	0.383922
04153		0.417307	0.011081	-0.908698	0.423082	0.882583	0.205058	0.804274	-0.470026	0.363620
04154		0.406878	0.033150	-0.912881	0.421470	0.879801	0.219802	0.810440	-0.474184	0.344000
04155		0.395733	0.054640	-0.916739	0.420848	0.876455	0.233908	0.816261	-0.478373	0.323847
04156		0.383802	0.074959	-0.920368	0.421141	0.872798	0.246705	0.821789	-0.482290	0.303413
04157		0.370971	0.093617	-0.923914	0.423352	0.868457	0.257983	0.826531	-0.486845	0.282540
04158		0.357191	0.110037	-0.927527	0.428694	0.862951	0.267466	0.829841	-0.493161	0.261066
04159		0.341995	0.123824	-0.931508	0.437168	0.856511	0.274357	0.831819	-0.501055	0.238790
04160		0.325133	0.134374	-0.936073	0.449071	0.849186	0.277881	0.832240	-0.510712	0.215755
04161		0.306397	0.140387	-0.941495	0.464716	0.841130	0.276657	0.830759	-0.522294	0.192480
04162		0.285848	0.141420	-0.947782	0.483679	0.832527	0.270099	0.827252	-0.535630	0.169574
04163		0.264781	0.136772	-0.954560	0.505443	0.823331	0.258172	0.821230	-0.550835	0.148872
04164		0.244005	0.125501	-0.961619	0.528892	0.813921	0.240428	0.812856	-0.567258	0.132224
04165		0.222536	0.104946	-0.969259	0.555780	0.803163	0.214566	0.800991	-0.586443	0.120406
04166		0.197760	0.072486	-0.977567	0.588151	0.789035	0.177488	0.784200	-0.610057	0.113406
04167		0.165192	0.028825	-0.985840	0.622233	0.772487	0.126851	0.765205	-0.634377	0.109672
04168		0.118646	-0.019383	-0.992747	0.660779	0.747815	0.064371	0.741144	-0.663624	0.101533
04169		0.052428	-0.066910	-0.996381	0.705744	0.708390	-0.010436	0.706525	-0.702642	0.084361
04170		-0.032355	-0.094704	-0.994980	0.746653	0.659493	-0.087051	0.664426	-0.745721	0.049373
04171		-0.124812	-0.116467	-0.985321	0.772804	0.611407	-0.170162	0.622251	-0.782698	0.013695
04172		-0.199254	-0.164333	-0.966071	0.774961	0.576959	-0.257981	0.599778	-0.800071	0.012391
04173		-0.262039	-0.222427	-0.939075	0.760603	0.551322	-0.342823	0.593986	-0.804096	0.024711
04174		-0.325767	-0.278479	-0.903507	0.726840	0.537380	-0.427699	0.604632	-0.796035	0.027349
