// Start Time: Unknown
// Update Rate: 100.0Hz
// Filter Profile: human (46.1)
// Option Flags: AHS Disabled ICC Disabled 
// Firmware Version: 4.0.2
PacketCounter	SampleTimeFine	Mat[1][1]	Mat[2][1]	Mat[3][1]	Mat[1][2]	Mat[2][2]	Mat[3][2]	Mat[1][3]	Mat[2][3]	Mat[3][3]
03740		-0.064612	0.107674	-0.992084	-0.967015	-0.252218	0.035605	-0.246388	0.961661	0.120419
03741		-0.064594	0.107586	-0.992095	-0.967195	-0.251516	0.035697	-0.245688	0.961855	0.120303
03742		-0.064604	0.107425	-0.992112	-0.967185	-0.251547	0.035744	-0.245723	0.961865	0.120150
03743		-0.064653	0.107272	-0.992125	-0.967064	-0.252009	0.035771	-0.246187	0.961761	0.120032
03744		-0.064661	0.107175	-0.992135	-0.967049	-0.252062	0.035797	-0.246243	0.961758	0.119942
03745		-0.064613	0.107123	-0.992144	-0.967331	-0.250963	0.035900	-0.245146	0.962051	0.119838
03746		-0.064642	0.107058	-0.992149	-0.967346	-0.250895	0.035953	-0.245076	0.962076	0.119781
03747		-0.064695	0.106999	-0.992152	-0.967368	-0.250799	0.036032	-0.244976	0.962108	0.119733
03748		-0.064718	0.107001	-0.992150	-0.967420	-0.250593	0.036079	-0.244765	0.962161	0.119733
03749		-0.064721	0.107025	-0.992148	-0.967602	-0.249875	0.036166	-0.244042	0.962345	0.119730
03750		-0.064727	0.107037	-0.992146	-0.967657	-0.249658	0.036195	-0.243823	0.962400	0.119735
03751		-0.064736	0.106976	-0.992152	-0.967554	-0.250061	0.036169	-0.244230	0.962302	0.119693
03752		-0.064707	0.106926	-0.992159	-0.967581	-0.249958	0.036165	-0.244131	0.962335	0.119634
03753		-0.064682	0.106813	-0.992173	-0.967477	-0.250368	0.036118	-0.244551	0.962240	0.119533
03754		-0.064684	0.106726	-0.992182	-0.967482	-0.250345	0.036145	-0.244531	0.962256	0.119448
03755		-0.064664	0.106590	-0.992198	-0.967485	-0.250329	0.036161	-0.244522	0.962275	0.119312
03756		-0.064692	0.106534	-0.992202	-0.967467	-0.250394	0.036194	-0.244586	0.962265	0.119267
03757		-0.064736	0.106455	-0.992208	-0.967589	-0.249905	0.036317	-0.244092	0.962400	0.119182
03758		-0.064806	0.106395	-0.992210	-0.967550	-0.250045	0.036383	-0.244226	0.962371	0.119147
03759		-0.064939	0.106253	-0.992216	-0.967313	-0.250956	0.036435	-0.245131	0.962149	0.119076
03760		-0.065010	0.106217	-0.992216	-0.967293	-0.251023	0.036505	-0.245191	0.962136	0.119062
03761		-0.065054	0.106170	-0.992218	-0.967420	-0.250512	0.036623	-0.244675	0.962274	0.119008
03762		-0.065086	0.106100	-0.992223	-0.967432	-0.250459	0.036678	-0.244620	0.962296	0.118946
03763		-0.065120	0.105985	-0.992233	-0.967447	-0.250391	0.036748	-0.244551	0.962326	0.118840
03764		-0.065127	0.105906	-0.992241	-0.967513	-0.250127	0.036807	-0.244288	0.962403	0.118756
03765		-0.065197	0.105880	-0.992239	-0.967670	-0.249496	0.036959	-0.243647	0.962570	0.118723
03766		-0.065196	0.105901	-0.992237	-0.967757	-0.249154	0.036995	-0.243302	0.962656	0.118731
03767		-0.065298	0.105904	-0.992230	-0.967766	-0.249104	0.037100	-0.243240	0.962669	0.118757
03768		-0.065384	0.105887	-0.992226	-0.967789	-0.248997	0.037201	-0.243123	0.962698	0.118757
03769		-0.065476	0.105844	-0.992225	-0.967649	-0.249539	0.037235	-0.243658	0.962563	0.118758
03770		-0.065559	0.105787	-0.992225	-0.967601	-0.249711	0.037309	-0.243823	0.962525	0.118730
03771		-0.065649	0.105654	-0.992234	-0.967586	-0.249754	0.037424	-0.243860	0.962528	0.118625
03772		-0.065709	0.105527	-0.992243	-0.967561	-0.249840	0.037504	-0.243944	0.962520	0.118520
03773		-0.065783	0.105464	-0.992245	-0.967572	-0.249780	0.037599	-0.243878	0.962542	0.118475
03774		-0.065849	0.105348	-0.992253	-0.967583	-0.249723	0.037698	-0.243817	0.962570	0.118377
03775		-0.065954	0.105251	-0.992256	-0.967458	-0.250197	0.037766	-0.244284	0.962457	0.118327
03776		-0.066044	0.105221	-0.992253	-0.967487	-0.250069	0.037878	-0.244146	0.962494	0.118316
03777		-0.066130	0.105152	-0.992255	-0.967525	-0.249903	0.037999	-0.243972	0.962544	0.118263
03778		-0.066220	0.105121	-0.992252	-0.967566	-0.249726	0.038116	-0.243785	0.962594	0.118249
03779		-0.066359	0.105023	-0.992253	-0.967463	-0.250109	0.038229	-0.244157	0.962505	0.118203
03780		-0.066413	0.105019	-0.992250	-0.967489	-0.249995	0.038296	-0.244036	0.962535	0.118208
03781		-0.066497	0.105058	-0.992240	-0.967704	-0.249137	0.038474	-0.243162	0.962753	0.118232
03782		-0.066572	0.105099	-0.992231	-0.967690	-0.249182	0.038531	-0.243196	0.962737	0.118292
03783		-0.066681	0.105087	-0.992225	-0.967632	-0.249392	0.038615	-0.243395	0.962684	0.118316
03784		-0.066757	0.105097	-0.992219	-0.967609	-0.249475	0.038677	-0.243469	0.962661	0.118347
03785		-0.066824	0.105097	-0.992214	-0.967614	-0.249443	0.038746	-0.243429	0.962670	0.118362
03786		-0.066907	0.105096	-0.992209	-0.967583	-0.249553	0.038813	-0.243530	0.962641	0.118386
03787		-0.066971	0.105120	-0.992202	-0.967713	-0.249029	0.038935	-0.242994	0.962774	0.118404
03788		-0.067025	0.105071	-0.992204	-0.967665	-0.249208	0.038977	-0.243170	0.962733	0.118376
03789		-0.067097	0.105021	-0.992204	-0.967713	-0.249006	0.039084	-0.242960	0.962791	0.118338
03790		-0.067220	0.105024	-0.992195	-0.967628	-0.249323	0.039164	-0.243264	0.962709	0.118384
03791		-0.067284	0.105049	-0.992188	-0.967711	-0.248985	0.039262	-0.242916	0.962793	0.118410
03792		-0.067378	0.105027	-0.992184	-0.967640	-0.249250	0.039327	-0.243171	0.962727	0.118422
03793		-0.067441	0.105031	-0.992180	-0.967683	-0.249071	0.039409	-0.242984	0.962773	0.118434
03794		-0.067483	0.105061	-0.992173	-0.967654	-0.249182	0.039430	-0.243089	0.962741	0.118479
03795		-0.067512	0.105065	-0.992171	-0.967607	-0.249361	0.039435	-0.243265	0.962694	0.118496
03796		-0.067528	0.105144	-0.992162	-0.967636	-0.249248	0.039445	-0.243147	0.962715	0.118573
03797		-0.067518	0.105256	-0.992150	-0.967755	-0.248782	0.039465	-0.242676	0.962823	0.118659
03798		-0.067521	0.105332	-0.992142	-0.967804	-0.248589	0.039473	-0.242478	0.962865	0.118725
03799		-0.067503	0.105437	-0.992132	-0.967924	-0.248120	0.039487	-0.242005	0.962974	0.118804
03800		-0.067478	0.105523	-0.992125	-0.967948	-0.248032	0.039453	-0.241915	0.962988	0.118877
03801		-0.067438	0.105609	-0.992118	-0.968097	-0.247449	0.039465	-0.241331	0.963128	0.118927
03802		-0.067431	0.105686	-0.992111	-0.968105	-0.247420	0.039443	-0.241300	0.963127	0.118999
03803		-0.067425	0.105728	-0.992107	-0.968114	-0.247388	0.039430	-0.241267	0.963131	0.119036
03804		-0.067381	0.105773	-0.992105	-0.968117	-0.247386	0.039377	-0.241268	0.963126	0.119070
03805		-0.067352	0.105793	-0.992105	-0.968217	-0.246992	0.039392	-0.240874	0.963225	0.119065
03806		-0.067271	0.105830	-0.992106	-0.968244	-0.246895	0.039316	-0.240785	0.963246	0.119078
03807		-0.067195	0.105875	-0.992107	-0.968407	-0.246255	0.039310	-0.240150	0.963405	0.119077
03808		-0.067151	0.105919	-0.992105	-0.968422	-0.246204	0.039263	-0.240102	0.963413	0.119107
03809		-0.067100	0.105941	-0.992106	-0.968459	-0.246065	0.039224	-0.239967	0.963446	0.119111
03810		-0.067058	0.105980	-0.992105	-0.968471	-0.246028	0.039179	-0.239933	0.963451	0.119137
03811		-0.067026	0.106012	-0.992103	-0.968506	-0.245892	0.039157	-0.239800	0.963482	0.119154
03812		-0.066950	0.106012	-0.992108	-0.968520	-0.245847	0.039088	-0.239763	0.963494	0.119134
03813		-0.066910	0.106026	-0.992110	-0.968513	-0.245884	0.039041	-0.239805	0.963483	0.119139
03814		-0.066817	0.106036	-0.992115	-0.968530	-0.245828	0.038955	-0.239759	0.963496	0.119124
03815		-0.066739	0.106054	-0.992118	-0.968626	-0.245457	0.038920	-0.239395	0.963589	0.119108
03816		-0.066615	0.106069	-0.992125	-0.968680	-0.245261	0.038820	-0.239212	0.963637	0.119085
03817		-0.066527	0.106049	-0.992133	-0.968662	-0.245344	0.038728	-0.239307	0.963618	0.119048
03818		-0.066428	0.106093	-0.992135	-0.968730	-0.245089	0.038652	-0.239061	0.963678	0.119056
03819		-0.066317	0.106086	-0.992143	-0.968804	-0.244806	0.038581	-0.238790	0.963751	0.119012
03820		-0.066176	0.106111	-0.992150	-0.968861	-0.244599	0.038463	-0.238598	0.963801	0.118993
03821		-0.066111	0.106108	-0.992154	-0.968913	-0.244402	0.038425	-0.238407	0.963851	0.118967
03822		-0.066028	0.106093	-0.992162	-0.968940	-0.244303	0.038359	-0.238319	0.963878	0.118929
03823		-0.066014	0.105999	-0.992173	-0.968847	-0.244677	0.038322	-0.238700	0.963793	0.118849
03824		-0.065954	0.105939	-0.992183	-0.968845	-0.244691	0.038276	-0.238723	0.963796	0.118777
03825		-0.065874	0.105912	-0.992191	-0.968991	-0.244114	0.038275	-0.238154	0.963945	0.118708
03826		-0.065826	0.105879	-0.992198	-0.968999	-0.244087	0.038240	-0.238133	0.963956	0.118664
03827		-0.065830	0.105788	-0.992207	-0.968803	-0.244874	0.038169	-0.238928	0.963766	0.118608
03828		-0.065788	0.105766	-0.992212	-0.968847	-0.244703	0.038155	-0.238762	0.963812	0.118569
03829		-0.065748	0.105784	-0.992213	-0.968920	-0.244417	0.038146	-0.238478	0.963883	0.118566
03830		-0.065739	0.105832	-0.992209	-0.968958	-0.244266	0.038144	-0.238326	0.963916	0.118605
03831		-0.065768	0.105798	-0.992210	-0.968858	-0.244665	0.038132	-0.238725	0.963818	0.118594
03832		-0.065757	0.105795	-0.992211	-0.968883	-0.244562	0.038134	-0.238623	0.963845	0.118585
03833		-0.065784	0.105761	-0.992213	-0.968842	-0.244722	0.038150	-0.238782	0.963808	0.118565
03834		-0.065785	0.105760	-0.992213	-0.968872	-0.244602	0.038165	-0.238660	0.963839	0.118560
03835		-0.065755	0.105772	-0.992214	-0.969000	-0.244090	0.038196	-0.238149	0.963967	0.118543
03836		-0.065758	0.105822	-0.992208	-0.969042	-0.243922	0.038208	-0.237978	0.964004	0.118586
03837		-0.065751	0.105848	-0.992206	-0.969170	-0.243406	0.038258	-0.237460	0.964132	0.118589
03838		-0.065699	0.105875	-0.992207	-0.969221	-0.243205	0.038226	-0.237263	0.964179	0.118595
03839		-0.065615	0.105878	-0.992212	-0.969396	-0.242509	0.038228	-0.236573	0.964354	0.118550
03840		-0.065577	0.105877	-0.992215	-0.969429	-0.242378	0.038208	-0.236445	0.964388	0.118534
03841		-0.065561	0.105844	-0.992219	-0.969402	-0.242489	0.038186	-0.236561	0.964363	0.118503
03842		-0.065515	0.105836	-0.992223	-0.969417	-0.242438	0.038149	-0.236515	0.964377	0.118483
03843		-0.065501	0.105832	-0.992224	-0.969411	-0.242461	0.038134	-0.236540	0.964371	0.118476
03844		-0.065447	0.105901	-0.992221	-0.969416	-0.242454	0.038065	-0.236536	0.964366	0.118529
03845		-0.065472	0.105921	-0.992217	-0.969282	-0.242994	0.038018	-0.237076	0.964227	0.118576
03846		-0.065454	0.105996	-0.992210	-0.969286	-0.242984	0.037984	-0.237065	0.964222	0.118644
03847		-0.065453	0.106009	-0.992209	-0.969240	-0.243173	0.037957	-0.237255	0.964173	0.118664
03848		-0.065413	0.106015	-0.992211	-0.969253	-0.243126	0.037922	-0.237212	0.964184	0.118659
03849		-0.065362	0.106006	-0.992215	-0.969282	-0.243015	0.037888	-0.237107	0.964213	0.118633
03850		-0.065291	0.105969	-0.992224	-0.969283	-0.243023	0.037827	-0.237124	0.964215	0.118581
03851		-0.065232	0.105854	-0.992240	-0.969226	-0.243259	0.037767	-0.237374	0.964168	0.118465
03852		-0.065213	0.105789	-0.992248	-0.969216	-0.243299	0.037760	-0.237418	0.964165	0.118399
03853		-0.065225	0.105710	-0.992256	-0.969065	-0.243908	0.037715	-0.238033	0.964020	0.118349
03854		-0.065156	0.105725	-0.992259	-0.969077	-0.243868	0.037649	-0.238000	0.964028	0.118345
03855		-0.065134	0.105722	-0.992260	-0.969158	-0.243545	0.037668	-0.237678	0.964110	0.118324
03856		-0.065080	0.105756	-0.992260	-0.969189	-0.243429	0.037622	-0.237566	0.964136	0.118340
03857		-0.065021	0.105809	-0.992258	-0.969322	-0.242897	0.037616	-0.237037	0.964264	0.118356
03858		-0.064974	0.105825	-0.992260	-0.969367	-0.242725	0.037589	-0.236868	0.964306	0.118354
03859		-0.064949	0.105823	-0.992262	-0.969444	-0.242414	0.037602	-0.236559	0.964384	0.118334
03860		-0.064908	0.105803	-0.992266	-0.969463	-0.242342	0.037576	-0.236492	0.964404	0.118302
03861		-0.064937	0.105722	-0.992273	-0.969301	-0.242993	0.037544	-0.237147	0.964249	0.118256
03862		-0.064954	0.105663	-0.992278	-0.969291	-0.243030	0.037570	-0.237184	0.964247	0.118204
03863		-0.064961	0.105579	-0.992287	-0.969272	-0.243103	0.037588	-0.237260	0.964237	0.118127
03864		-0.064976	0.105526	-0.992291	-0.969253	-0.243176	0.037606	-0.237333	0.964225	0.118082
03865		-0.065006	0.105443	-0.992298	-0.969303	-0.242964	0.037682	-0.237119	0.964287	0.118001
03866		-0.065061	0.105417	-0.992298	-0.969286	-0.243023	0.037734	-0.237174	0.964275	0.117990
03867		-0.065088	0.105402	-0.992297	-0.969424	-0.242457	0.037834	-0.236601	0.964420	0.117960
03868		-0.065110	0.105421	-0.992294	-0.969408	-0.242520	0.037843	-0.236662	0.964402	0.117986
03869		-0.065123	0.105381	-0.992297	-0.969449	-0.242349	0.037886	-0.236490	0.964449	0.117944
03870		-0.065152	0.105300	-0.992304	-0.969424	-0.242443	0.037922	-0.236583	0.964434	0.117875
03871		-0.065168	0.105204	-0.992313	-0.969384	-0.242601	0.037942	-0.236744	0.964405	0.117793
03872		-0.065183	0.105150	-0.992318	-0.969377	-0.242624	0.037966	-0.236768	0.964405	0.117745
03873		-0.065229	0.105128	-0.992317	-0.969497	-0.242126	0.038078	-0.236263	0.964532	0.117715
03874		-0.065299	0.105121	-0.992313	-0.969511	-0.242061	0.038156	-0.236189	0.964550	0.117722
03875		-0.065381	0.105113	-0.992309	-0.969661	-0.241431	0.038315	-0.235547	0.964708	0.117709
03876		-0.065463	0.105167	-0.992298	-0.969658	-0.241434	0.038382	-0.235537	0.964702	0.117781
03877		-0.065594	0.105151	-0.992291	-0.969596	-0.241664	0.038486	-0.235754	0.964646	0.117805
03878		-0.065671	0.105193	-0.992281	-0.969558	-0.241810	0.038532	-0.235890	0.964605	0.117871
03879		-0.065698	0.105135	-0.992285	-0.969490	-0.242082	0.038539	-0.236162	0.964543	0.117831
03880		-0.065728	0.105114	-0.992286	-0.969421	-0.242359	0.038540	-0.236438	0.964476	0.117830
03881		-0.065695	0.105120	-0.992287	-0.969491	-0.242077	0.038541	-0.236158	0.964546	0.117816
03882		-0.065687	0.105123	-0.992287	-0.969445	-0.242269	0.038509	-0.236353	0.964497	0.117825
03883		-0.065709	0.105097	-0.992289	-0.969426	-0.242342	0.038527	-0.236424	0.964482	0.117808
03884		-0.065696	0.105137	-0.992285	-0.969392	-0.242483	0.038488	-0.236565	0.964442	0.117849
03885		-0.065704	0.105214	-0.992277	-0.969443	-0.242276	0.038503	-0.236354	0.964486	0.117917
03886		-0.065703	0.105253	-0.992273	-0.969437	-0.242301	0.038489	-0.236378	0.964475	0.117956
03887		-0.065695	0.105348	-0.992263	-0.969579	-0.241726	0.038529	-0.235797	0.964609	0.118024
03888		-0.065674	0.105428	-0.992256	-0.969587	-0.241703	0.038493	-0.235773	0.964606	0.118096
03889		-0.065607	0.105547	-0.992248	-0.969742	-0.241079	0.038475	-0.235149	0.964749	0.118170
03890		-0.065540	0.105621	-0.992244	-0.969723	-0.241174	0.038380	-0.235250	0.964717	0.118229
03891		-0.065487	0.105686	-0.992241	-0.969806	-0.240843	0.038354	-0.234920	0.964793	0.118267
03892		-0.065411	0.105754	-0.992239	-0.969767	-0.241018	0.038242	-0.235103	0.964742	0.118322
03893		-0.065388	0.105772	-0.992238	-0.969664	-0.241443	0.038163	-0.235532	0.964634	0.118350
03894		-0.065352	0.105832	-0.992234	-0.969641	-0.241545	0.038101	-0.235637	0.964601	0.118405
03895		-0.065354	0.105841	-0.992233	-0.969615	-0.241652	0.038087	-0.235744	0.964573	0.118418
03896		-0.065355	0.105875	-0.992229	-0.969606	-0.241691	0.038075	-0.235782	0.964560	0.118453
03897		-0.065377	0.105950	-0.992220	-0.969581	-0.241794	0.038066	-0.235880	0.964526	0.118535
03898		-0.065387	0.106015	-0.992212	-0.969609	-0.241680	0.038075	-0.235762	0.964547	0.118596
03899		-0.065339	0.106135	-0.992203	-0.969778	-0.240998	0.038083	-0.235076	0.964705	0.118674
03900		-0.065314	0.106194	-0.992198	-0.969807	-0.240887	0.038058	-0.234966	0.964726	0.118721
03901		-0.065226	0.106320	-0.992190	-0.969965	-0.240257	0.038020	-0.234338	0.964869	0.118797
03902		-0.065171	0.106360	-0.992190	-0.969987	-0.240176	0.037966	-0.234262	0.964885	0.118821
03903		-0.065098	0.106409	-0.992189	-0.969953	-0.240327	0.037865	-0.234421	0.964842	0.118857
03904		-0.065059	0.106473	-0.992185	-0.969958	-0.240318	0.037813	-0.234413	0.964837	0.118909
03905		-0.064976	0.106539	-0.992183	-0.970057	-0.239924	0.037764	-0.234026	0.964928	0.118938
03906		-0.064926	0.106544	-0.992186	-0.970054	-0.239945	0.037711	-0.234053	0.964922	0.118932
03907		-0.064910	0.106563	-0.992185	-0.970082	-0.239832	0.037706	-0.233940	0.964948	0.118942
03908		-0.064908	0.106576	-0.992184	-0.970082	-0.239833	0.037700	-0.233940	0.964946	0.118954
03909		-0.064895	0.106548	-0.992188	-0.970104	-0.239744	0.037705	-0.233854	0.964972	0.118921
03910		-0.064904	0.106564	-0.992185	-0.970095	-0.239777	0.037706	-0.233885	0.964962	0.118939
03911		-0.064906	0.106514	-0.992190	-0.970154	-0.239533	0.037750	-0.233641	0.965028	0.118882
03912		-0.064918	0.106466	-0.992195	-0.970151	-0.239543	0.037772	-0.233652	0.965031	0.118839
03913		-0.064950	0.106396	-0.992200	-0.970159	-0.239502	0.037825	-0.233609	0.965049	0.118777
03914		-0.064985	0.106325	-0.992206	-0.970169	-0.239453	0.037881	-0.233559	0.965069	0.118714
03915		-0.065069	0.106266	-0.992206	-0.970100	-0.239719	0.037945	-0.233819	0.965009	0.118686
03916		-0.065116	0.106222	-0.992208	-0.970120	-0.239629	0.038013	-0.233724	0.965036	0.118651
03917		-0.065126	0.106185	-0.992211	-0.970204	-0.239279	0.038074	-0.233372	0.965127	0.118605
03918		-0.065161	0.106139	-0.992214	-0.970232	-0.239157	0.038134	-0.233247	0.965163	0.118563
03919		-0.065166	0.106169	-0.992210	-0.970460	-0.238212	0.038248	-0.232295	0.965393	0.118556
03920		-0.065219	0.106114	-0.992213	-0.970472	-0.238149	0.038321	-0.232228	0.965414	0.118512
03921		-0.065230	0.106050	-0.992219	-0.970545	-0.237841	0.038384	-0.231920	0.965497	0.118441
03922		-0.065265	0.105955	-0.992227	-0.970537	-0.237865	0.038437	-0.231944	0.965502	0.118357
03923		-0.065298	0.105877	-0.992233	-0.970586	-0.237655	0.038514	-0.231732	0.965562	0.118281
03924		-0.065313	0.105740	-0.992247	-0.970581	-0.237668	0.038559	-0.231748	0.965574	0.118152
03925		-0.065265	0.105669	-0.992257	-0.970843	-0.236576	0.038662	-0.230659	0.965850	0.118028
03926		-0.065299	0.105573	-0.992265	-0.970847	-0.236551	0.038721	-0.230634	0.965866	0.117941
03927		-0.065301	0.105491	-0.992274	-0.970867	-0.236463	0.038754	-0.230548	0.965897	0.117859
03928		-0.065307	0.105426	-0.992280	-0.970888	-0.236372	0.038785	-0.230458	0.965926	0.117794
03929		-0.065261	0.105345	-0.992292	-0.970956	-0.236094	0.038793	-0.230187	0.966003	0.117693
03930		-0.065225	0.105285	-0.992301	-0.970984	-0.235977	0.038786	-0.230077	0.966038	0.117622
03931		-0.065145	0.105176	-0.992318	-0.971014	-0.235863	0.038747	-0.229975	0.966078	0.117493
03932		-0.065079	0.105100	-0.992330	-0.971024	-0.235826	0.038705	-0.229949	0.966095	0.117402
03933		-0.065028	0.104933	-0.992351	-0.970939	-0.236185	0.038651	-0.230322	0.966026	0.117242
03934		-0.064887	0.104884	-0.992365	-0.970929	-0.236249	0.038516	-0.230406	0.966015	0.117164
03935		-0.064781	0.104791	-0.992382	-0.970832	-0.236669	0.038383	-0.230844	0.965923	0.117066
03936		-0.064586	0.104792	-0.992395	-0.970884	-0.236481	0.038215	-0.230678	0.965969	0.117014
03937		-0.064430	0.104786	-0.992405	-0.970895	-0.236461	0.038066	-0.230677	0.965974	0.116972
03938		-0.064225	0.104810	-0.992416	-0.970949	-0.236267	0.037884	-0.230505	0.966019	0.116939
03939		-0.063981	0.104856	-0.992427	-0.971127	-0.235561	0.037720	-0.229822	0.966186	0.116900
03940		-0.063716	0.104866	-0.992443	-0.971210	-0.235257	0.037494	-0.229547	0.966259	0.116836
03941		-0.063423	0.104916	-0.992457	-0.971279	-0.235013	0.037225	-0.229334	0.966313	0.116808
03942		-0.063102	0.105064	-0.992461	-0.971437	-0.234404	0.036950	-0.228755	0.966445	0.116854
03943		-0.062775	0.105283	-0.992459	-0.971481	-0.234278	0.036595	-0.228659	0.966452	0.116987
03944		-0.062333	0.105544	-0.992459	-0.971707	-0.233400	0.036208	-0.227818	0.966636	0.117107
03945		-0.061756	0.105780	-0.992470	-0.971875	-0.232781	0.035664	-0.227255	0.966759	0.117180
03946		-0.061002	0.106228	-0.992469	-0.972182	-0.231601	0.034966	-0.226142	0.966994	0.117401
03947		-0.060115	0.106905	-0.992450	-0.972615	-0.229899	0.034149	-0.224513	0.967325	0.117798
03948		-0.059096	0.107803	-0.992414	-0.973146	-0.227782	0.033205	-0.222475	0.967726	0.118369
03949		-0.057865	0.108869	-0.992370	-0.973806	-0.225103	0.032087	-0.219893	0.968233	0.119043
03950		-0.056258	0.110149	-0.992322	-0.974405	-0.222719	0.030520	-0.217648	0.968640	0.119859
03951		-0.054224	0.111680	-0.992264	-0.975092	-0.219957	0.028529	-0.215069	0.969096	0.120825
03952		-0.051713	0.113528	-0.992188	-0.975817	-0.217032	0.026026	-0.212382	0.969540	0.122005
03953		-0.048658	0.115530	-0.992112	-0.976521	-0.214197	0.022951	-0.209856	0.969934	0.123240
03954		-0.044980	0.117973	-0.991998	-0.977336	-0.210815	0.019244	-0.206858	0.970381	0.124782
03955		-0.040597	0.120864	-0.991839	-0.978214	-0.207073	0.014805	-0.203593	0.970831	0.126638
03956		-0.035326	0.124174	-0.991631	-0.979230	-0.202528	0.009523	-0.199650	0.971372	0.128749
03957		-0.029028	0.128182	-0.991326	-0.980423	-0.196875	0.003252	-0.194750	0.972013	0.131388
03958		-0.021783	0.133189	-0.990851	-0.981743	-0.190170	-0.003980	-0.188960	0.972675	0.134900
03959		-0.013940	0.139742	-0.990090	-0.982978	-0.183331	-0.012036	-0.183196	0.973068	0.139919
03960		-0.005670	0.147703	-0.989015	-0.984231	-0.175686	-0.020595	-0.176798	0.973303	0.146371
03961		0.003233	0.156459	-0.987679	-0.985433	-0.167444	-0.029751	-0.170036	0.973387	0.153639
03962		0.012677	0.166327	-0.985989	-0.986497	-0.158944	-0.039496	-0.163287	0.973176	0.162066
03963		0.022223	0.177471	-0.983875	-0.987584	-0.149184	-0.049216	-0.155513	0.972753	0.171952
03964		0.031094	0.190164	-0.981260	-0.988550	-0.139175	-0.058296	-0.147653	0.971837	0.183659
03965		0.038913	0.204237	-0.978148	-0.989360	-0.129460	-0.066390	-0.140190	0.970323	0.197027
03966		0.046370	0.218452	-0.974745	-0.990226	-0.118439	-0.073650	-0.131536	0.968634	0.210825
03967		0.054200	0.232157	-0.971167	-0.990653	-0.109425	-0.081445	-0.125178	0.966504	0.224057
03968		0.062345	0.245554	-0.967376	-0.990509	-0.103740	-0.090169	-0.122497	0.963816	0.236756
03969		0.070465	0.258882	-0.963335	-0.990224	-0.098387	-0.098872	-0.120376	0.960885	0.249418
03970		0.078119	0.272124	-0.959086	-0.989552	-0.095772	-0.107774	-0.121181	0.957484	0.261799
03971		0.084795	0.284479	-0.954925	-0.988533	-0.096164	-0.116427	-0.124951	0.953847	0.273063
03972		0.089828	0.296297	-0.950862	-0.987510	-0.097587	-0.123699	-0.129444	0.950097	0.283830
03973		0.093384	0.308000	-0.946792	-0.986639	-0.098886	-0.129483	-0.133505	0.946233	0.294650
03974		0.095101	0.319623	-0.942760	-0.985534	-0.103228	-0.134413	-0.140281	0.941905	0.305182
03975		0.094916	0.331589	-0.938637	-0.984367	-0.109267	-0.138140	-0.148368	0.937075	0.316034
03976		0.091953	0.344180	-0.934390	-0.982924	-0.118826	-0.140499	-0.159387	0.931354	0.327376
03977		0.087129	0.357029	-0.930021	-0.981329	-0.129928	-0.141814	-0.171467	0.925013	0.339043
03978		0.078935	0.370154	-0.925611	-0.979554	-0.143558	-0.140944	-0.185050	0.917811	0.351254
03979		0.067738	0.382821	-0.921336	-0.978541	-0.154624	-0.136192	-0.194597	0.910790	0.364133
03980		0.052269	0.394171	-0.917549	-0.977445	-0.168069	-0.127883	-0.204619	0.903539	0.376496
03981		0.033158	0.404633	-0.913878	-0.976541	-0.181536	-0.115809	-0.212762	0.896280	0.389121
03982		0.009373	0.413347	-0.910525	-0.974693	-0.199610	-0.100650	-0.223353	0.888426	0.401016
03983		-0.017521	0.420275	-0.907228	-0.972181	-0.219133	-0.082738	-0.233576	0.880540	0.412422
03984		-0.048387	0.425696	-0.903571	-0.968161	-0.242434	-0.062371	-0.245608	0.871784	0.423873
03985		-0.081733	0.429069	-0.899566	-0.963288	-0.265599	-0.039161	-0.255726	0.863340	0.435026
03986		-0.119957	0.430768	-0.894455	-0.956153	-0.292594	-0.012682	-0.267175	0.853714	0.446979
03987		-0.161477	0.431870	-0.887363	-0.947789	-0.318416	0.017503	-0.274992	0.843860	0.460739
03988		-0.208136	0.431884	-0.877585	-0.936163	-0.347873	0.050831	-0.283335	0.832142	0.476719
03989		-0.257802	0.432134	-0.864175	-0.922744	-0.375328	0.087590	-0.286498	0.819993	0.495509
03990		-0.312637	0.429833	-0.847055	-0.905013	-0.405603	0.128208	-0.288460	0.806678	0.515811
03991		-0.370782	0.426268	-0.825116	-0.884835	-0.432019	0.174430	-0.282112	0.794767	0.537362
03992		-0.432642	0.416608	-0.799537	-0.858607	-0.460882	0.224458	-0.274981	0.783598	0.557099
03993		-0.494455	0.401065	-0.771143	-0.828006	-0.487232	0.277511	-0.264425	0.775727	0.572998
03994		-0.555125	0.374625	-0.742625	-0.791061	-0.513676	0.332203	-0.257017	0.771876	0.581506
03995		-0.612580	0.341932	-0.712621	-0.748608	-0.540301	0.384266	-0.253637	0.768867	0.586951
03996		-0.668409	0.306066	-0.677903	-0.697655	-0.573992	0.428733	-0.257890	0.759511	0.597190
03997		-0.723705	0.269607	-0.635267	-0.636881	-0.615433	0.464354	-0.265771	0.740645	0.617099
03998		-0.774923	0.231337	-0.588198	-0.570883	-0.655581	0.494273	-0.271268	0.718816	0.640091
03999		-0.822431	0.190167	-0.536138	-0.500158	-0.690732	0.522237	-0.271015	0.697657	0.663193
04000		-0.862078	0.145283	-0.485503	-0.430739	-0.714793	0.550940	-0.266992	0.684079	0.678787
04001		-0.894282	0.098950	-0.436427	-0.360052	-0.738243	0.570403	-0.265748	0.667238	0.695824
04002		-0.919865	0.051470	-0.388843	-0.290018	-0.756695	0.585920	-0.264078	0.651739	0.710985
04003		-0.939849	-0.008918	-0.341475	-0.211110	-0.770730	0.601172	-0.268546	0.637100	0.722487
04004		-0.951569	-0.075431	-0.298038	-0.128744	-0.782564	0.609113	-0.279180	0.617984	0.734952
04005		-0.952719	-0.146240	-0.266347	-0.047477	-0.794152	0.605862	-0.300121	0.589861	0.749660
04006		-0.946080	-0.207481	-0.248765	0.016758	-0.798274	0.602062	-0.323499	0.565430	0.758708
04007		-0.936645	-0.254288	-0.240903	0.054310	-0.784851	0.617300	-0.346045	0.565107	0.748937
04008		-0.923577	-0.289755	-0.251094	0.064923	-0.763621	0.642392	-0.377877	0.576997	0.724074
04009		-0.916892	-0.297218	-0.266403	0.040053	-0.732596	0.679484	-0.397121	0.612343	0.683616
04010		-0.917879	-0.281738	-0.279504	-0.002945	-0.699431	0.714694	-0.396850	0.656825	0.641164
04011		-0.923410	-0.255832	-0.286119	-0.050091	-0.658756	0.750688	-0.380532	0.707525	0.595487
04012		-0.929559	-0.224120	-0.292728	-0.092428	-0.626976	0.773536	-0.356899	0.746104	0.562096
04013		-0.933152	-0.188904	-0.305848	-0.136684	-0.600452	0.787893	-0.332483	0.777028	0.534492
04014		-0.932623	-0.152023	-0.327265	-0.179364	-0.591657	0.785984	-0.313117	0.791727	0.524526
04015		-0.928743	-0.113035	-0.353071	-0.220309	-0.597689	0.770864	-0.298162	0.793720	0.530197
04016		-0.922859	-0.068327	-0.379027	-0.259760	-0.616172	0.743543	-0.284350	0.784642	0.550891
04017		-0.912065	-0.021568	-0.409477	-0.301224	-0.642305	0.704776	-0.278210	0.766146	0.579327
04018		-0.897673	0.022905	-0.440068	-0.341214	-0.668070	0.661253	-0.278850	0.743745	0.607524
04019		-0.881783	0.068246	-0.466692	-0.380060	-0.688765	0.617379	-0.279308	0.721765	0.633279
04020		-0.864532	0.113611	-0.489569	-0.418454	-0.702238	0.575985	-0.278355	0.702819	0.654648
04021		-0.845910	0.159516	-0.508912	-0.457245	-0.708093	0.538081	-0.274524	0.687865	0.671921
04022		-0.827284	0.207229	-0.522165	-0.495751	-0.706514	0.505044	-0.264257	0.676679	0.687222
04023		-0.808872	0.255547	-0.529548	-0.534813	-0.694009	0.482003	-0.244337	0.673088	0.698034
04024		-0.791530	0.300150	-0.532345	-0.569968	-0.676849	0.465846	-0.220494	0.672150	0.706822
04025		-0.776258	0.336774	-0.532923	-0.597307	-0.663261	0.450899	-0.201616	0.668333	0.716019
04026		-0.766280	0.364248	-0.529281	-0.614748	-0.655172	0.439129	-0.186818	0.661870	0.725966
04027		-0.763979	0.380326	-0.521237	-0.621133	-0.652242	0.434483	-0.174728	0.655693	0.734532
04028		-0.769596	0.384873	-0.509505	-0.616513	-0.655608	0.435993	-0.166234	0.649655	0.741832
04029		-0.782629	0.378383	-0.494285	-0.601105	-0.665716	0.442148	-0.161752	0.643155	0.748457
04030		-0.801531	0.363118	-0.475072	-0.576159	-0.681550	0.451143	-0.159967	0.635322	0.755497
04031		-0.824646	0.340237	-0.451882	-0.542420	-0.702239	0.461131	-0.160436	0.625380	0.763650
04032		-0.850470	0.311314	-0.424010	-0.501313	-0.723839	0.474071	-0.159330	0.615744	0.771669
04033		-0.878565	0.275449	-0.390194	-0.451279	-0.746297	0.489273	-0.156431	0.605945	0.779975
04034		-0.907331	0.232353	-0.350375	-0.392361	-0.767338	0.507193	-0.151008	0.597666	0.787396
04035		-0.934571	0.180712	-0.306464	-0.323837	-0.788801	0.522420	-0.147332	0.587483	0.795712
04036		-0.957100	0.121885	-0.262874	-0.248558	-0.811630	0.528654	-0.148921	0.571314	0.807107
04037		-0.972308	0.057757	-0.226456	-0.172552	-0.830935	0.528936	-0.157620	0.553364	0.817890
04038		-0.979294	-0.021209	-0.201328	-0.086278	-0.855931	0.509842	-0.183136	0.516655	0.836378
04039		-0.975929	-0.117118	-0.183975	0.016199	-0.880170	0.474382	-0.217488	0.459982	0.860880
04040		-0.964260	-0.205043	-0.167808	0.104676	-0.876626	0.469648	-0.243403	0.435297	0.866759
04041		-0.947413	-0.280975	-0.153172	0.174624	-0.855013	0.488323	-0.268170	0.435896	0.859116
04042		-0.929696	-0.332317	-0.158842	0.209005	-0.831070	0.515402	-0.303285	0.445968	0.842099
04043		-0.919344	-0.350772	-0.178229	0.200114	-0.806881	0.555785	-0.338763	0.475291	0.811996
04044		-0.915713	-0.348250	-0.200480	0.157543	-0.770112	0.618149	-0.369663	0.534463	0.760065
04045		-0.919073	-0.334742	-0.207972	0.109825	-0.724383	0.680594	-0.378475	0.602675	0.702524
04046		-0.923248	-0.315660	-0.219025	0.066748	-0.693184	0.717663	-0.378362	0.647962	0.661051
04047		-0.925561	-0.292449	-0.240437	0.017286	-0.667053	0.744810	-0.378203	0.685211	0.622453
04048		-0.923764	-0.267014	-0.274526	-0.033857	-0.657097	0.753045	-0.381464	0.704930	0.597962
04049		-0.915846	-0.244251	-0.318697	-0.081063	-0.664891	0.742529	-0.393262	0.705876	0.589138
04050		-0.908326	-0.209138	-0.362223	-0.132173	-0.678119	0.722970	-0.396831	0.704568	0.588310
04051		-0.891231	-0.173900	-0.418886	-0.188126	-0.698638	0.690300	-0.412693	0.694020	0.589932
04052		-0.865965	-0.143775	-0.478992	-0.242366	-0.717139	0.653430	-0.437451	0.681939	0.586171
04053		-0.837453	-0.112855	-0.534730	-0.296171	-0.728588	0.617610	-0.459298	0.675591	0.576734
04054		-0.806214	-0.081109	-0.586038	-0.352460	-0.729739	0.585877	-0.475175	0.678897	0.559739
04055		-0.772287	-0.052029	-0.633140	-0.409208	-0.721593	0.558438	-0.485924	0.690360	0.535986
04056		-0.735528	-0.027865	-0.676921	-0.465553	-0.705095	0.534885	-0.492198	0.708565	0.505644
04057		-0.696828	-0.005754	-0.717215	-0.521987	-0.681727	0.512618	-0.491894	0.731584	0.472043
04058		-0.655513	0.013632	-0.755060	-0.577727	-0.652959	0.489771	-0.486347	0.757270	0.435899
04059		-0.612123	0.030744	-0.790165	-0.630942	-0.621336	0.464601	-0.476674	0.782941	0.399732
04060		-0.565893	0.044173	-0.823295	-0.682177	-0.585886	0.437461	-0.463033	0.809189	0.361682
04061		-0.518406	0.055087	-0.853359	-0.732363	-0.543791	0.409799	-0.441474	0.837411	0.322248
04062		-0.473213	0.065085	-0.878540	-0.780006	-0.494484	0.383506	-0.409463	0.866747	0.284763
04063		-0.430943	0.074872	-0.899268	-0.824664	-0.437267	0.358785	-0.366357	0.896210	0.250181
04064		-0.390918	0.084305	-0.916556	-0.865360	-0.372925	0.334781	-0.313584	0.924023	0.218737
04065		-0.352463	0.095539	-0.930936	-0.900950	-0.303685	0.309944	-0.253099	0.947970	0.193114
04066		-0.314447	0.109620	-0.942925	-0.930045	-0.234497	0.282890	-0.190103	0.965916	0.175688
04067		-0.276106	0.125313	-0.952923	-0.952713	-0.166587	0.254139	-0.126897	0.978031	0.165383
04068		-0.238319	0.140660	-0.960947	-0.968820	-0.103475	0.225125	-0.067768	0.984636	0.160935
04069		-0.201266	0.155508	-0.967114	-0.979421	-0.047123	0.196250	-0.015054	0.986710	0.161792
04070		-0.165797	0.168214	-0.971707	-0.985744	0.000350	0.168252	0.028642	0.985750	0.165758
04071		-0.132418	0.178408	-0.975006	-0.989261	0.037606	0.141236	0.061864	0.983238	0.171512
04072		-0.100415	0.186589	-0.977293	-0.991170	0.066737	0.114582	0.086601	0.980169	0.178240
04073		-0.068699	0.194216	-0.978550	-0.991728	0.093309	0.088143	0.108427	0.976511	0.186199
04074		-0.036597	0.202411	-0.978617	-0.990927	0.119373	0.061748	0.129319	0.971998	0.196206
04075		-0.003901	0.212180	-0.977223	-0.988646	0.145975	0.035641	0.150213	0.966266	0.209202
04076		0.030223	0.223563	-0.974221	-0.984882	0.172984	0.009142	0.170568	0.959216	0.225412
04077		0.066701	0.235289	-0.969634	-0.979844	0.198842	-0.019153	0.188298	0.951368	0.243810
04078		0.106171	0.246421	-0.963330	-0.974053	0.220511	-0.050946	0.199870	0.943744	0.263439
04079		0.150143	0.256283	-0.954870	-0.967045	0.238941	-0.087927	0.205624	0.936603	0.283713
04080		0.197993	0.262892	-0.944292	-0.958010	0.255737	-0.129672	0.207401	0.930315	0.302487
04081		0.248139	0.265432	-0.931650	-0.946363	0.271867	-0.174602	0.206940	0.925005	0.318656
04082		0.298372	0.265170	-0.916875	-0.931988	0.288123	-0.219962	0.205846	0.920147	0.333103
04083		0.346600	0.264470	-0.899958	-0.914949	0.306767	-0.262225	0.206726	0.914303	0.348302
04084		0.391959	0.265026	-0.880982	-0.895776	0.328167	-0.299819	0.209650	0.906679	0.366032
04085		0.434315	0.266506	-0.860433	-0.875521	0.349440	-0.333698	0.211737	0.898257	0.385099
04086		0.473730	0.268244	-0.838824	-0.855027	0.368265	-0.365115	0.210970	0.890183	0.403814
04087		0.510166	0.268914	-0.816955	-0.834255	0.385722	-0.394002	0.209165	0.882555	0.421125
04088		0.543539	0.268107	-0.795414	-0.813381	0.402272	-0.420224	0.207308	0.875383	0.436723
04089		0.573545	0.267419	-0.774295	-0.793586	0.415784	-0.444235	0.203143	0.869258	0.450691
04090		0.600275	0.267785	-0.753632	-0.775375	0.425909	-0.466256	0.196122	0.864229	0.463297
04091		0.623377	0.269529	-0.734000	-0.759340	0.432640	-0.486030	0.186559	0.860335	0.474362
04092		0.643000	0.271673	-0.716062	-0.745677	0.435340	-0.504425	0.174692	0.858296	0.482504
04093		0.658615	0.273762	-0.700914	-0.734963	0.433849	-0.521157	0.161418	0.858387	0.486945
04094		0.670730	0.275715	-0.688551	-0.727265	0.426750	-0.537560	0.145625	0.861316	0.486752
04095		0.679148	0.277217	-0.679639	-0.722997	0.412385	-0.554268	0.126620	0.867807	0.480497
04096		0.684765	0.277450	-0.673883	-0.721271	0.390275	-0.572235	0.104233	0.877899	0.467363
04097		0.687725	0.275606	-0.671622	-0.721556	0.361383	-0.590559	0.079951	0.890755	0.447397
04098		0.688757	0.272007	-0.672032	-0.722946	0.327272	-0.608475	0.054428	0.904934	0.422057
04099		0.687566	0.267893	-0.674898	-0.725591	0.289012	-0.624491	0.027757	0.919079	0.393095
04100		0.684234	0.264818	-0.679482	-0.729263	0.247697	-0.637826	-0.000602	0.931943	0.362604
04101		0.678706	0.263399	-0.685550	-0.733756	0.203842	-0.648113	-0.030968	0.942905	0.331619
04102		0.671097	0.263190	-0.693080	-0.738724	0.158495	-0.655107	-0.062568	0.951636	0.300791
04103		0.660547	0.263453	-0.703043	-0.744712	0.111056	-0.658081	-0.095296	0.958258	0.269555
04104		0.646442	0.263238	-0.716113	-0.751745	0.059395	-0.656774	-0.130354	0.962901	0.236284
04105		0.627535	0.264583	-0.732254	-0.759392	0.000436	-0.650634	-0.171827	0.964363	0.201196
04106		0.603682	0.266816	-0.751250	-0.766358	-0.065456	-0.639070	-0.219688	0.961522	0.164963
04107		0.574951	0.268243	-0.772966	-0.771528	-0.136728	-0.621330	-0.272353	0.953599	0.128345
04108		0.541841	0.266147	-0.797229	-0.774017	-0.211679	-0.596732	-0.327576	0.940403	0.091306
04109		0.503591	0.258373	-0.824403	-0.773801	-0.289488	-0.563408	-0.384225	0.921651	0.054146
04110		0.459279	0.244713	-0.853919	-0.771192	-0.367210	-0.520018	-0.440823	0.897369	0.020069
04111		0.407774	0.225311	-0.884848	-0.765785	-0.443393	-0.465807	-0.497286	0.867547	-0.008264
04112		0.349458	0.198787	-0.915621	-0.755216	-0.518632	-0.400836	-0.554552	0.831567	-0.031113
04113		0.285425	0.162742	-0.944483	-0.739947	-0.588896	-0.325085	-0.609107	0.791654	-0.047666
04114		0.216443	0.117156	-0.969240	-0.722957	-0.647954	-0.239766	-0.656114	0.752615	-0.055546
04115		0.141668	0.061882	-0.987978	-0.704913	-0.694404	-0.144573	-0.695002	0.716920	-0.054753
04116		0.059338	-0.001361	-0.998237	-0.691088	-0.721658	-0.040097	-0.720331	0.692248	-0.043762
04117		-0.032248	-0.072929	-0.996816	-0.684729	-0.724909	0.075187	-0.728084	0.684974	-0.026560
04118		-0.131018	-0.152342	-0.979605	-0.684664	-0.700727	0.200543	-0.716986	0.696975	-0.012495
04119		-0.233796	-0.237580	-0.942812	-0.684664	-0.648269	0.333139	-0.690343	0.723397	-0.011100
04120		-0.336469	-0.321707	-0.885039	-0.680267	-0.566852	0.464668	-0.651173	0.758408	-0.028119
04121		-0.430981	-0.398490	-0.809606	-0.666957	-0.463659	0.583258	-0.607803	0.791345	-0.065947
04122		-0.501484	-0.473867	-0.723854	-0.644033	-0.354200	0.678059	-0.577699	0.806221	-0.127560
04123		-0.537788	-0.556314	-0.633482	-0.592911	-0.284618	0.753292	-0.599368	0.780709	-0.176781
04124		-0.544198	-0.631523	-0.552292	-0.531822	-0.249464	0.809280	-0.648856	0.734129	-0.200100
04125		-0.546366	-0.691654	-0.472334	-0.459714	-0.223753	0.859417	-0.700105	0.686694	-0.195712
04126		-0.547153	-0.739576	-0.391984	-0.375246	-0.201874	0.904675	-0.748207	0.642086	-0.167067
04127		-0.546252	-0.774226	-0.319659	-0.300415	-0.175151	0.937589	-0.781895	0.608191	-0.136913
04128		-0.543138	-0.799312	-0.257101	-0.238133	-0.146989	0.960045	-0.805167	0.582661	-0.110507
04129		-0.536869	-0.816583	-0.212046	-0.201656	-0.119848	0.972096	-0.819211	0.564649	-0.100326
04130		-0.528226	-0.828776	-0.184684	-0.183363	-0.101034	0.977840	-0.829069	0.550384	-0.098598
04131		-0.519828	-0.835921	-0.176112	-0.185386	-0.090856	0.978456	-0.833913	0.541278	-0.107739
04132		-0.512892	-0.838154	-0.185582	-0.201117	-0.092848	0.975157	-0.834562	0.537474	-0.120946
04133		-0.508665	-0.834918	-0.210172	-0.227216	-0.105278	0.968137	-0.830441	0.540212	-0.136155
04134		-0.507168	-0.826311	-0.244931	-0.256025	-0.126914	0.958303	-0.822941	0.548729	-0.147189
04135		-0.508041	-0.812279	-0.286525	-0.284816	-0.155515	0.945883	-0.812880	0.562154	-0.152342
04136		-0.509862	-0.793467	-0.332341	-0.311831	-0.189584	0.931031	-0.801749	0.578332	-0.150766
04137		-0.511601	-0.770185	-0.380893	-0.337173	-0.227784	0.913471	-0.790303	0.595759	-0.143151
04138		-0.512136	-0.742575	-0.431624	-0.363539	-0.267888	0.892231	-0.778175	0.613855	-0.132760
04139		-0.511486	-0.709828	-0.484279	-0.392060	-0.308720	0.866591	-0.764638	0.633116	-0.120389
04140		-0.508835	-0.672714	-0.537161	-0.421253	-0.349596	0.836856	-0.750755	0.652103	-0.105497
04141		-0.503883	-0.632158	-0.588624	-0.448907	-0.390548	0.803713	-0.737960	0.669215	-0.086990
04142		-0.496147	-0.589828	-0.637135	-0.474073	-0.430743	0.767929	-0.727388	0.683054	-0.065909
04143		-0.485730	-0.546773	-0.681987	-0.496270	-0.469772	0.730090	-0.719571	0.693076	-0.043165
04144		-0.473222	-0.503736	-0.722711	-0.516941	-0.505502	0.690825	-0.713326	0.700512	-0.021187
04145		-0.458964	-0.460880	-0.759567	-0.539064	-0.535126	0.650423	-0.706231	0.707976	-0.002840
04146		-0.441933	-0.419553	-0.792887	-0.560735	-0.560717	0.609239	-0.700194	0.713843	0.012541
04147		-0.424173	-0.378504	-0.822686	-0.584156	-0.579820	0.567953	-0.691983	0.721487	0.024839
04148		-0.405207	-0.338606	-0.849207	-0.608063	-0.593817	0.526917	-0.682691	0.729882	0.034725
04149		-0.386443	-0.298270	-0.872752	-0.632422	-0.603086	0.486138	-0.671345	0.739812	0.044426
04150		-0.368505	-0.258966	-0.892827	-0.654886	-0.609331	0.447035	-0.659794	0.749434	0.054949
04151		-0.351947	-0.219669	-0.909878	-0.676441	-0.612191	0.409451	-0.646963	0.759584	0.066866
04152		-0.336397	-0.180669	-0.924227	-0.696715	-0.612547	0.373329	-0.633581	0.769510	0.080184
04153		-0.321566	-0.142173	-0.936153	-0.713660	-0.613389	0.338295	-0.622322	0.776879	0.095782
04154		-0.306740	-0.103877	-0.946108	-0.729166	-0.613240	0.303735	-0.611742	0.783037	0.112361
04155		-0.290163	-0.066711	-0.954649	-0.743541	-0.612293	0.268784	-0.602456	0.787812	0.128063
04156		-0.271693	-0.031670	-0.961863	-0.755117	-0.612611	0.233466	-0.596642	0.789750	0.142528
04157		-0.252405	0.002712	-0.967618	-0.765028	-0.612855	0.197841	-0.592473	0.790191	0.156763
04158		-0.233728	0.036954	-0.971600	-0.773221	-0.612911	0.162694	-0.589492	0.789288	0.171828
04159		-0.215884	0.068878	-0.973987	-0.780747	-0.611211	0.129829	-0.586369	0.788465	0.185727
04160		-0.200036	0.098652	-0.974809	-0.787024	-0.608781	0.099892	-0.583591	0.787181	0.199420
04161		-0.187240	0.127546	-0.973999	-0.792987	-0.604820	0.073241	-0.579752	0.786082	0.214388
04162		-0.177826	0.156738	-0.971499	-0.799590	-0.598478	0.049803	-0.573615	0.785657	0.231751
04163		-0.170611	0.185499	-0.967720	-0.807119	-0.589663	0.029266	-0.565200	0.786058	0.250323
04164		-0.164592	0.212150	-0.963277	-0.814718	-0.579743	0.011527	-0.556008	0.786696	0.268263
04165		-0.159398	0.236483	-0.958472	-0.821715	-0.569885	-0.003953	-0.547153	0.786961	0.285160
