// Start Time: Unknown
// Update Rate: 100.0Hz
// Filter Profile: human (46.1)
// Option Flags: AHS Disabled ICC Disabled 
// Firmware Version: 4.0.2
PacketCounter	SampleTimeFine	Mat[1][1]	Mat[2][1]	Mat[3][1]	Mat[1][2]	Mat[2][2]	Mat[3][2]	Mat[1][3]	Mat[2][3]	Mat[3][3]
51869		-0.250183	0.006416	-0.968177	0.924717	0.297893	-0.236979	0.286892	-0.954578	-0.080460
51870		-0.250133	0.006506	-0.968190	0.924660	0.298143	-0.236884	0.287118	-0.954499	-0.080591
51871		-0.250076	0.006651	-0.968203	0.924624	0.298346	-0.236771	0.287285	-0.954435	-0.080759
51872		-0.250051	0.006711	-0.968210	0.924573	0.298552	-0.236711	0.287472	-0.954370	-0.080858
51873		-0.250001	0.006856	-0.968221	0.924544	0.298720	-0.236608	0.287605	-0.954316	-0.081019
51874		-0.249928	0.006990	-0.968239	0.924534	0.298848	-0.236489	0.287703	-0.954275	-0.081153
51875		-0.249899	0.007109	-0.968246	0.924523	0.298936	-0.236420	0.287763	-0.954247	-0.081276
51876		-0.249879	0.007193	-0.968250	0.924482	0.299109	-0.236361	0.287912	-0.954192	-0.081391
51877		-0.249936	0.007244	-0.968235	0.924419	0.299283	-0.236387	0.288064	-0.954137	-0.081498
51878		-0.249942	0.007245	-0.968234	0.924376	0.299420	-0.236380	0.288196	-0.954094	-0.081535
51879		-0.250044	0.007242	-0.968207	0.924323	0.299513	-0.236471	0.288279	-0.954065	-0.081585
51880		-0.250075	0.007177	-0.968200	0.924274	0.299636	-0.236508	0.288411	-0.954026	-0.081565
51881		-0.250093	0.007130	-0.968195	0.924254	0.299675	-0.236536	0.288458	-0.954015	-0.081536
51882		-0.250100	0.007018	-0.968195	0.924214	0.299774	-0.236566	0.288579	-0.953984	-0.081460
51883		-0.250107	0.006911	-0.968194	0.924162	0.299914	-0.236592	0.288740	-0.953941	-0.081398
51884		-0.250134	0.006780	-0.968187	0.924067	0.300175	-0.236634	0.289022	-0.953860	-0.081349
51885		-0.250180	0.006679	-0.968176	0.923966	0.300446	-0.236683	0.289304	-0.953776	-0.081337
51886		-0.250282	0.006560	-0.968151	0.923830	0.300781	-0.236787	0.289648	-0.953671	-0.081340
51887		-0.250406	0.006481	-0.968119	0.923713	0.301050	-0.236904	0.289916	-0.953586	-0.081371
51888		-0.250573	0.006449	-0.968076	0.923590	0.301312	-0.237052	0.290164	-0.953504	-0.081457
51889		-0.250720	0.006433	-0.968038	0.923508	0.301457	-0.237184	0.290296	-0.953458	-0.081522
51890		-0.250893	0.006442	-0.967993	0.923433	0.301567	-0.237336	0.290386	-0.953423	-0.081610
51891		-0.251080	0.006461	-0.967945	0.923371	0.301624	-0.237505	0.290421	-0.953405	-0.081698
51892		-0.251256	0.006474	-0.967899	0.923294	0.301739	-0.237658	0.290515	-0.953368	-0.081792
51893		-0.251448	0.006497	-0.967849	0.923227	0.301809	-0.237829	0.290561	-0.953346	-0.081888
51894		-0.251615	0.006473	-0.967806	0.923121	0.302018	-0.237977	0.290755	-0.953280	-0.081968
51895		-0.251757	0.006500	-0.967769	0.923027	0.302217	-0.238088	0.290928	-0.953217	-0.082085
51896		-0.251876	0.006422	-0.967738	0.922902	0.302510	-0.238199	0.291221	-0.953125	-0.082122
51897		-0.252053	0.006429	-0.967692	0.922791	0.302735	-0.238347	0.291422	-0.953053	-0.082238
51898		-0.252182	0.006408	-0.967658	0.922683	0.302978	-0.238455	0.291651	-0.952976	-0.082319
51899		-0.252280	0.006420	-0.967633	0.922622	0.303101	-0.238534	0.291759	-0.952937	-0.082389
51900		-0.252329	0.006413	-0.967620	0.922577	0.303207	-0.238574	0.291860	-0.952903	-0.082425
51901		-0.252366	0.006437	-0.967610	0.922566	0.303219	-0.238601	0.291863	-0.952899	-0.082461
51902		-0.252421	0.006469	-0.967596	0.922525	0.303315	-0.238636	0.291943	-0.952868	-0.082531
51903		-0.252460	0.006522	-0.967585	0.922470	0.303479	-0.238643	0.292085	-0.952816	-0.082633
51904		-0.252558	0.006507	-0.967560	0.922386	0.303670	-0.238725	0.292266	-0.952755	-0.082696
51905		-0.252667	0.006525	-0.967531	0.922315	0.303819	-0.238809	0.292396	-0.952707	-0.082783
51906		-0.252750	0.006502	-0.967510	0.922251	0.303954	-0.238884	0.292525	-0.952665	-0.082821
51907		-0.252774	0.006522	-0.967503	0.922236	0.303987	-0.238899	0.292550	-0.952654	-0.082855
51908		-0.252748	0.006504	-0.967510	0.922248	0.303964	-0.238881	0.292535	-0.952661	-0.082825
51909		-0.252697	0.006514	-0.967524	0.922292	0.303866	-0.238838	0.292442	-0.952692	-0.082794
51910		-0.252635	0.006484	-0.967540	0.922331	0.303782	-0.238794	0.292372	-0.952720	-0.082727
51911		-0.252497	0.006512	-0.967576	0.922384	0.303726	-0.238659	0.292324	-0.952737	-0.082696
51912		-0.252392	0.006507	-0.967603	0.922391	0.303787	-0.238556	0.292393	-0.952718	-0.082676
51913		-0.252272	0.006570	-0.967634	0.922437	0.303747	-0.238426	0.292350	-0.952730	-0.082688
51914		-0.252149	0.006624	-0.967666	0.922485	0.303704	-0.238297	0.292305	-0.952743	-0.082689
51915		-0.252068	0.006687	-0.967686	0.922536	0.303617	-0.238209	0.292213	-0.952771	-0.082701
51916		-0.251996	0.006746	-0.967705	0.922596	0.303496	-0.238133	0.292088	-0.952809	-0.082704
51917		-0.251931	0.006815	-0.967721	0.922685	0.303273	-0.238071	0.291861	-0.952879	-0.082692
51918		-0.251923	0.006852	-0.967723	0.922741	0.303105	-0.238067	0.291690	-0.952933	-0.082682
51919		-0.251927	0.006896	-0.967722	0.922822	0.302849	-0.238080	0.291431	-0.953014	-0.082660
51920		-0.251942	0.006911	-0.967718	0.922883	0.302641	-0.238108	0.291225	-0.953080	-0.082626
51921		-0.251965	0.006964	-0.967711	0.922923	0.302504	-0.238127	0.291078	-0.953123	-0.082648
51922		-0.252029	0.006979	-0.967695	0.922917	0.302475	-0.238185	0.291041	-0.953132	-0.082674
51923		-0.252059	0.007009	-0.967687	0.922918	0.302455	-0.238207	0.291012	-0.953138	-0.082705
51924		-0.252085	0.006992	-0.967680	0.922894	0.302509	-0.238233	0.291066	-0.953121	-0.082711
51925		-0.252085	0.007039	-0.967679	0.922887	0.302543	-0.238216	0.291088	-0.953110	-0.082763
51926		-0.252118	0.006995	-0.967671	0.922853	0.302617	-0.238254	0.291168	-0.953086	-0.082751
51927		-0.252087	0.006991	-0.967679	0.922882	0.302548	-0.238231	0.291104	-0.953108	-0.082721
51928		-0.252036	0.006959	-0.967693	0.922916	0.302468	-0.238199	0.291039	-0.953134	-0.082655
51929		-0.251988	0.006983	-0.967705	0.922961	0.302365	-0.238155	0.290937	-0.953167	-0.082637
51930		-0.251947	0.006962	-0.967716	0.922985	0.302315	-0.238126	0.290897	-0.953183	-0.082593
51931		-0.251909	0.006993	-0.967726	0.923020	0.302238	-0.238088	0.290818	-0.953207	-0.082592
51932		-0.251878	0.006983	-0.967734	0.923045	0.302181	-0.238066	0.290768	-0.953225	-0.082558
51933		-0.251856	0.006997	-0.967739	0.923070	0.302120	-0.238046	0.290708	-0.953244	-0.082549
51934		-0.251821	0.007000	-0.967748	0.923083	0.302103	-0.238014	0.290694	-0.953249	-0.082537
51935		-0.251846	0.007026	-0.967742	0.923089	0.302070	-0.238033	0.290654	-0.953260	-0.082560
51936		-0.251838	0.006992	-0.967744	0.923078	0.302106	-0.238031	0.290697	-0.953249	-0.082536
51937		-0.251895	0.006973	-0.967729	0.923057	0.302123	-0.238090	0.290713	-0.953243	-0.082540
51938		-0.251986	0.006910	-0.967706	0.923009	0.302194	-0.238189	0.290789	-0.953221	-0.082527
51939		-0.252098	0.006857	-0.967677	0.922955	0.302265	-0.238305	0.290861	-0.953199	-0.082529
51940		-0.252242	0.006782	-0.967641	0.922881	0.302374	-0.238454	0.290973	-0.953165	-0.082530
51941		-0.252383	0.006704	-0.967604	0.922814	0.302458	-0.238605	0.291060	-0.953139	-0.082522
51942		-0.252546	0.006636	-0.967562	0.922732	0.302579	-0.238770	0.291180	-0.953101	-0.082538
51943		-0.252666	0.006611	-0.967531	0.922682	0.302640	-0.238886	0.291234	-0.953082	-0.082566
51944		-0.252789	0.006553	-0.967499	0.922613	0.302752	-0.239010	0.291346	-0.953047	-0.082578
51945		-0.252828	0.006555	-0.967489	0.922589	0.302801	-0.239043	0.291390	-0.953031	-0.082604
51946		-0.252877	0.006537	-0.967476	0.922559	0.302856	-0.239090	0.291443	-0.953014	-0.082616
51947		-0.252864	0.006524	-0.967480	0.922558	0.302864	-0.239081	0.291455	-0.953012	-0.082602
51948		-0.252828	0.006517	-0.967489	0.922561	0.302882	-0.239047	0.291477	-0.953006	-0.082589
51949		-0.252783	0.006549	-0.967501	0.922587	0.302840	-0.238998	0.291433	-0.953019	-0.082594
51950		-0.252698	0.006540	-0.967523	0.922609	0.302836	-0.238920	0.291439	-0.953020	-0.082560
51951		-0.252646	0.006578	-0.967536	0.922647	0.302763	-0.238866	0.291363	-0.953043	-0.082561
51952		-0.252586	0.006578	-0.967552	0.922659	0.302773	-0.238808	0.291378	-0.953040	-0.082546
51953		-0.252589	0.006599	-0.967551	0.922691	0.302669	-0.238814	0.291271	-0.953073	-0.082540
51954		-0.252598	0.006608	-0.967549	0.922695	0.302653	-0.238821	0.291254	-0.953078	-0.082547
51955		-0.252650	0.006630	-0.967535	0.922701	0.302596	-0.238869	0.291189	-0.953096	-0.082569
51956		-0.252713	0.006622	-0.967519	0.922687	0.302590	-0.238932	0.291179	-0.953098	-0.082578
51957		-0.252785	0.006631	-0.967500	0.922678	0.302561	-0.239000	0.291143	-0.953107	-0.082601
51958		-0.252871	0.006621	-0.967477	0.922630	0.302650	-0.239077	0.291224	-0.953079	-0.082640
51959		-0.252952	0.006602	-0.967456	0.922596	0.302690	-0.239157	0.291260	-0.953066	-0.082658
51960		-0.253024	0.006603	-0.967437	0.922580	0.302683	-0.239227	0.291247	-0.953069	-0.082678
51961		-0.253049	0.006628	-0.967431	0.922586	0.302650	-0.239246	0.291207	-0.953079	-0.082701
51962		-0.253033	0.006598	-0.967435	0.922589	0.302643	-0.239240	0.291209	-0.953081	-0.082667
51963		-0.253015	0.006581	-0.967440	0.922594	0.302638	-0.239228	0.291210	-0.953083	-0.082644
51964		-0.252979	0.006522	-0.967450	0.922562	0.302758	-0.239200	0.291343	-0.953045	-0.082609
51965		-0.252912	0.006480	-0.967468	0.922545	0.302858	-0.239140	0.291455	-0.953014	-0.082575
51966		-0.252834	0.006417	-0.967488	0.922511	0.303017	-0.239070	0.291631	-0.952964	-0.082532
51967		-0.252778	0.006372	-0.967503	0.922477	0.303162	-0.239017	0.291787	-0.952918	-0.082511
51968		-0.252729	0.006249	-0.967517	0.922407	0.303398	-0.238986	0.292049	-0.952843	-0.082442
51969		-0.252707	0.006166	-0.967523	0.922367	0.303526	-0.238978	0.292195	-0.952803	-0.082390
51970		-0.252700	0.006108	-0.967525	0.922327	0.303649	-0.238978	0.292328	-0.952764	-0.082366
51971		-0.252696	0.006067	-0.967527	0.922301	0.303726	-0.238980	0.292413	-0.952740	-0.082346
51972		-0.252713	0.006017	-0.967523	0.922269	0.303805	-0.239004	0.292500	-0.952715	-0.082325
51973		-0.252750	0.006011	-0.967513	0.922263	0.303793	-0.239041	0.292487	-0.952719	-0.082327
51974		-0.252783	0.005968	-0.967505	0.922243	0.303820	-0.239083	0.292521	-0.952711	-0.082304
51975		-0.252852	0.005928	-0.967487	0.922178	0.303968	-0.239148	0.292667	-0.952664	-0.082326
51976		-0.252951	0.005851	-0.967461	0.922072	0.304212	-0.239244	0.292914	-0.952586	-0.082346
51977		-0.253056	0.005764	-0.967434	0.921955	0.304489	-0.239346	0.293193	-0.952499	-0.082367
51978		-0.253157	0.005661	-0.967409	0.921838	0.304760	-0.239448	0.293472	-0.952412	-0.082371
51979		-0.253261	0.005562	-0.967382	0.921753	0.304927	-0.239563	0.293649	-0.952359	-0.082353
51980		-0.253314	0.005437	-0.967369	0.921690	0.305059	-0.239638	0.293801	-0.952318	-0.082287
51981		-0.253350	0.005367	-0.967360	0.921674	0.305065	-0.239692	0.293821	-0.952316	-0.082235
51982		-0.253275	0.005296	-0.967380	0.921653	0.305176	-0.239632	0.293952	-0.952281	-0.082174
51983		-0.253275	0.005240	-0.967380	0.921634	0.305224	-0.239644	0.294012	-0.952266	-0.082135
51984		-0.253204	0.005231	-0.967399	0.921627	0.305299	-0.239573	0.294093	-0.952242	-0.082124
51985		-0.253175	0.005229	-0.967406	0.921616	0.305359	-0.239541	0.294153	-0.952223	-0.082128
51986		-0.253139	0.005247	-0.967416	0.921597	0.305455	-0.239493	0.294246	-0.952192	-0.082158
51987		-0.253147	0.005329	-0.967413	0.921614	0.305413	-0.239481	0.294184	-0.952205	-0.082226
51988		-0.253173	0.005400	-0.967406	0.921650	0.305293	-0.239495	0.294049	-0.952243	-0.082269
51989		-0.253194	0.005520	-0.967400	0.921726	0.305059	-0.239499	0.293792	-0.952317	-0.082327
51990		-0.253284	0.005566	-0.967376	0.921783	0.304815	-0.239593	0.293537	-0.952395	-0.082335
51991		-0.253298	0.005635	-0.967372	0.921881	0.304501	-0.239613	0.293215	-0.952495	-0.082324
51992		-0.253362	0.005684	-0.967355	0.921967	0.304181	-0.239687	0.292889	-0.952597	-0.082308
51993		-0.253422	0.005729	-0.967339	0.922031	0.303937	-0.239752	0.292637	-0.952675	-0.082307
51994		-0.253484	0.005757	-0.967322	0.922073	0.303758	-0.239819	0.292451	-0.952732	-0.082307
51995		-0.253549	0.005783	-0.967305	0.922083	0.303679	-0.239879	0.292363	-0.952757	-0.082330
51996		-0.253629	0.005771	-0.967284	0.922062	0.303679	-0.239960	0.292359	-0.952757	-0.082343
51997		-0.253675	0.005783	-0.967272	0.922053	0.303676	-0.240000	0.292349	-0.952758	-0.082367
51998		-0.253707	0.005771	-0.967264	0.922025	0.303736	-0.240029	0.292407	-0.952739	-0.082381
51999		-0.253759	0.005800	-0.967250	0.922052	0.303612	-0.240081	0.292276	-0.952778	-0.082392
52000		-0.253747	0.005789	-0.967253	0.922070	0.303561	-0.240078	0.292231	-0.952794	-0.082365
52001		-0.253760	0.005811	-0.967250	0.922072	0.303550	-0.240084	0.292214	-0.952798	-0.082387
52002		-0.253778	0.005785	-0.967245	0.922030	0.303667	-0.240098	0.292331	-0.952761	-0.082398
52003		-0.253799	0.005808	-0.967239	0.922001	0.303749	-0.240105	0.292403	-0.952734	-0.082446
52004		-0.253841	0.005785	-0.967229	0.921954	0.303864	-0.240142	0.292516	-0.952698	-0.082466
52005		-0.253829	0.005783	-0.967232	0.921921	0.303981	-0.240120	0.292632	-0.952661	-0.082490
52006		-0.253801	0.005743	-0.967239	0.921878	0.304132	-0.240093	0.292789	-0.952613	-0.082483
52007		-0.253755	0.005722	-0.967252	0.921862	0.304218	-0.240048	0.292882	-0.952585	-0.082472
52008		-0.253708	0.005732	-0.967264	0.921857	0.304272	-0.239995	0.292936	-0.952568	-0.082480
52009		-0.253622	0.005756	-0.967286	0.921858	0.304344	-0.239900	0.293007	-0.952545	-0.082495
52010		-0.253529	0.005768	-0.967311	0.921852	0.304444	-0.239799	0.293108	-0.952513	-0.082503
52011		-0.253430	0.005800	-0.967336	0.921856	0.304518	-0.239688	0.293181	-0.952489	-0.082521
52012		-0.253320	0.005830	-0.967365	0.921865	0.304586	-0.239569	0.293249	-0.952467	-0.082532
52013		-0.253202	0.005900	-0.967395	0.921892	0.304608	-0.239435	0.293263	-0.952460	-0.082567
52014		-0.253121	0.005953	-0.967416	0.921901	0.304658	-0.239337	0.293307	-0.952443	-0.082603
52015		-0.253082	0.006052	-0.967426	0.921932	0.304612	-0.239275	0.293242	-0.952457	-0.082671
52016		-0.252963	0.006061	-0.967457	0.921981	0.304552	-0.239164	0.293191	-0.952477	-0.082628
52017		-0.252929	0.006152	-0.967465	0.922040	0.304410	-0.239117	0.293035	-0.952521	-0.082666
52018		-0.252897	0.006225	-0.967473	0.922084	0.304311	-0.239074	0.292924	-0.952552	-0.082699
52019		-0.252873	0.006324	-0.967479	0.922133	0.304195	-0.239033	0.292791	-0.952589	-0.082754
52020		-0.252883	0.006374	-0.967476	0.922160	0.304111	-0.239035	0.292697	-0.952615	-0.082782
52021		-0.252922	0.006392	-0.967465	0.922162	0.304076	-0.239070	0.292655	-0.952626	-0.082802
52022		-0.252938	0.006399	-0.967461	0.922147	0.304116	-0.239079	0.292691	-0.952613	-0.082824
52023		-0.253019	0.006380	-0.967440	0.922113	0.304157	-0.239159	0.292728	-0.952601	-0.082841
52024		-0.253008	0.006344	-0.967443	0.922074	0.304283	-0.239148	0.292859	-0.952561	-0.082836
52025		-0.253003	0.006314	-0.967445	0.922055	0.304341	-0.239147	0.292924	-0.952542	-0.082821
52026		-0.252978	0.006274	-0.967452	0.922032	0.304426	-0.239127	0.293017	-0.952515	-0.082798
52027		-0.252971	0.006254	-0.967454	0.922020	0.304466	-0.239123	0.293061	-0.952503	-0.082787
52028		-0.252945	0.006215	-0.967461	0.921991	0.304572	-0.239101	0.293175	-0.952469	-0.082770
52029		-0.252903	0.006209	-0.967472	0.921976	0.304653	-0.239056	0.293259	-0.952443	-0.082772
52030		-0.252816	0.006172	-0.967495	0.921972	0.304726	-0.238976	0.293346	-0.952420	-0.082731
52031		-0.252739	0.006129	-0.967515	0.921985	0.304733	-0.238915	0.293370	-0.952418	-0.082669
52032		-0.252664	0.006122	-0.967535	0.921997	0.304753	-0.238844	0.293397	-0.952412	-0.082645
52033		-0.252581	0.006115	-0.967556	0.922018	0.304752	-0.238767	0.293405	-0.952412	-0.082612
52034		-0.252512	0.006102	-0.967574	0.922033	0.304755	-0.238705	0.293416	-0.952411	-0.082581
52035		-0.252458	0.006116	-0.967588	0.922062	0.304706	-0.238654	0.293370	-0.952427	-0.082565
52036		-0.252430	0.006075	-0.967596	0.922079	0.304663	-0.238643	0.293341	-0.952441	-0.082508
52037		-0.252421	0.006093	-0.967598	0.922108	0.304581	-0.238636	0.293258	-0.952467	-0.082501
52038		-0.252411	0.006115	-0.967601	0.922133	0.304513	-0.238626	0.293188	-0.952488	-0.082502
52039		-0.252416	0.006126	-0.967600	0.922159	0.304428	-0.238634	0.293103	-0.952516	-0.082491
52040		-0.252429	0.006128	-0.967596	0.922183	0.304338	-0.238654	0.293014	-0.952544	-0.082475
52041		-0.252414	0.006142	-0.967600	0.922217	0.304243	-0.238644	0.292920	-0.952575	-0.082460
52042		-0.252419	0.006143	-0.967599	0.922253	0.304123	-0.238658	0.292803	-0.952613	-0.082432
52043		-0.252415	0.006171	-0.967599	0.922298	0.303987	-0.238658	0.292665	-0.952656	-0.082423
52044		-0.252391	0.006167	-0.967606	0.922323	0.303925	-0.238642	0.292608	-0.952676	-0.082396
52045		-0.252376	0.006181	-0.967610	0.922357	0.303830	-0.238632	0.292514	-0.952706	-0.082380
52046		-0.252328	0.006186	-0.967622	0.922387	0.303770	-0.238591	0.292458	-0.952725	-0.082355
52047		-0.252294	0.006203	-0.967631	0.922429	0.303664	-0.238562	0.292355	-0.952759	-0.082334
52048		-0.252284	0.006189	-0.967633	0.922443	0.303624	-0.238560	0.292320	-0.952772	-0.082309
52049		-0.252239	0.006192	-0.967645	0.922475	0.303558	-0.238522	0.292260	-0.952793	-0.082281
52050		-0.252231	0.006160	-0.967647	0.922512	0.303435	-0.238534	0.292149	-0.952832	-0.082218
52051		-0.252228	0.006142	-0.967648	0.922534	0.303361	-0.238543	0.292081	-0.952856	-0.082182
52052		-0.252226	0.006090	-0.967649	0.922544	0.303317	-0.238560	0.292052	-0.952870	-0.082123
52053		-0.252250	0.006069	-0.967643	0.922567	0.303218	-0.238597	0.291959	-0.952902	-0.082085
52054		-0.252268	0.006031	-0.967639	0.922562	0.303212	-0.238626	0.291960	-0.952904	-0.082055
52055		-0.252313	0.006014	-0.967627	0.922558	0.303184	-0.238677	0.291934	-0.952913	-0.082046
52056		-0.252312	0.005925	-0.967628	0.922554	0.303176	-0.238703	0.291947	-0.952916	-0.081961
52057		-0.252362	0.005848	-0.967615	0.922535	0.303180	-0.238772	0.291965	-0.952916	-0.081906
52058		-0.252399	0.005769	-0.967606	0.922509	0.303213	-0.238828	0.292013	-0.952905	-0.081853
52059		-0.252433	0.005710	-0.967597	0.922500	0.303202	-0.238879	0.292013	-0.952909	-0.081805
52060		-0.252489	0.005647	-0.967583	0.922476	0.303217	-0.238949	0.292039	-0.952905	-0.081768
52061		-0.252532	0.005577	-0.967572	0.922469	0.303189	-0.239013	0.292025	-0.952914	-0.081709
52062		-0.252594	0.005530	-0.967557	0.922456	0.303170	-0.239087	0.292012	-0.952921	-0.081680
52063		-0.252608	0.005548	-0.967553	0.922472	0.303111	-0.239100	0.291949	-0.952939	-0.081686
52064		-0.252600	0.005568	-0.967555	0.922463	0.303152	-0.239084	0.291985	-0.952926	-0.081712
52065		-0.252623	0.005597	-0.967549	0.922455	0.303168	-0.239095	0.291992	-0.952921	-0.081750
52066		-0.252624	0.005600	-0.967548	0.922416	0.303294	-0.239084	0.292112	-0.952881	-0.081785
52067		-0.252574	0.005640	-0.967561	0.922415	0.303349	-0.239021	0.292161	-0.952863	-0.081820
52068		-0.252527	0.005684	-0.967573	0.922412	0.303406	-0.238958	0.292210	-0.952844	-0.081862
52069		-0.252425	0.005761	-0.967599	0.922478	0.303293	-0.238848	0.292090	-0.952880	-0.081873
52070		-0.252326	0.005842	-0.967625	0.922551	0.303155	-0.238741	0.291946	-0.952923	-0.081883
52071		-0.252161	0.005896	-0.967667	0.922651	0.302974	-0.238584	0.291771	-0.952981	-0.081838
52072		-0.252009	0.005966	-0.967707	0.922724	0.302875	-0.238427	0.291672	-0.953012	-0.081832
52073		-0.251828	0.006059	-0.967753	0.922808	0.302769	-0.238237	0.291562	-0.953045	-0.081837
52074		-0.251647	0.006123	-0.967800	0.922872	0.302720	-0.238050	0.291515	-0.953060	-0.081829
52075		-0.251475	0.006205	-0.967844	0.922958	0.302598	-0.237873	0.291391	-0.953098	-0.081823
52076		-0.251332	0.006246	-0.967881	0.922999	0.302589	-0.237724	0.291385	-0.953101	-0.081815
52077		-0.251230	0.006270	-0.967907	0.923022	0.302603	-0.237619	0.291401	-0.953096	-0.081810
52078		-0.251189	0.006223	-0.967918	0.922981	0.302756	-0.237581	0.291564	-0.953048	-0.081793
52079		-0.251184	0.006191	-0.967919	0.922962	0.302815	-0.237581	0.291629	-0.953029	-0.081777
52080		-0.251192	0.006098	-0.967918	0.922915	0.302940	-0.237604	0.291772	-0.952990	-0.081724
52081		-0.251233	0.006038	-0.967908	0.922914	0.302893	-0.237665	0.291738	-0.953005	-0.081670
52082		-0.251248	0.005931	-0.967905	0.922907	0.302879	-0.237712	0.291748	-0.953011	-0.081572
52083		-0.251242	0.005888	-0.967906	0.922921	0.302828	-0.237723	0.291710	-0.953027	-0.081518
52084		-0.251211	0.005834	-0.967915	0.922923	0.302832	-0.237709	0.291729	-0.953026	-0.081459
52085		-0.251174	0.005802	-0.967924	0.922908	0.302903	-0.237677	0.291808	-0.953004	-0.081436
52086		-0.251112	0.005773	-0.967941	0.922886	0.303019	-0.237616	0.291933	-0.952967	-0.081420
52087		-0.251072	0.005767	-0.967951	0.922831	0.303228	-0.237562	0.292140	-0.952900	-0.081455
52088		-0.251020	0.005750	-0.967965	0.922784	0.303418	-0.237501	0.292332	-0.952840	-0.081470
52089		-0.250949	0.005768	-0.967983	0.922782	0.303487	-0.237422	0.292401	-0.952818	-0.081482
52090		-0.250880	0.005757	-0.968001	0.922792	0.303508	-0.237358	0.292429	-0.952812	-0.081457
52091		-0.250846	0.005774	-0.968010	0.922833	0.303403	-0.237329	0.292327	-0.952845	-0.081436
52092		-0.250813	0.005765	-0.968018	0.922869	0.303310	-0.237309	0.292242	-0.952874	-0.081394
52093		-0.250808	0.005786	-0.968019	0.922893	0.303242	-0.237304	0.292171	-0.952896	-0.081395
52094		-0.250859	0.005803	-0.968006	0.922869	0.303285	-0.237343	0.292204	-0.952882	-0.081437
52095		-0.250904	0.005786	-0.967995	0.922865	0.303257	-0.237394	0.292178	-0.952891	-0.081428
52096		-0.250954	0.005759	-0.967982	0.922828	0.303330	-0.237443	0.292250	-0.952868	-0.081437
52097		-0.250971	0.005749	-0.967978	0.922809	0.303375	-0.237458	0.292295	-0.952854	-0.081444
52098		-0.250979	0.005706	-0.967976	0.922810	0.303357	-0.237480	0.292288	-0.952860	-0.081402
52099		-0.250965	0.005645	-0.967980	0.922826	0.303299	-0.237489	0.292247	-0.952879	-0.081327
52100		-0.250914	0.005591	-0.967993	0.922873	0.303174	-0.237467	0.292143	-0.952919	-0.081230
52101		-0.250815	0.005567	-0.968019	0.922962	0.302958	-0.237398	0.291948	-0.952987	-0.081125
52102		-0.250704	0.005572	-0.968048	0.923054	0.302748	-0.237309	0.291752	-0.953054	-0.081043
52103		-0.250613	0.005559	-0.968071	0.923118	0.302607	-0.237238	0.291626	-0.953099	-0.080969
52104		-0.250545	0.005521	-0.968089	0.923126	0.302626	-0.237183	0.291660	-0.953093	-0.080918
52105		-0.250509	0.005489	-0.968099	0.923111	0.302697	-0.237151	0.291738	-0.953071	-0.080895
52106		-0.250509	0.005464	-0.968099	0.923085	0.302777	-0.237152	0.291822	-0.953046	-0.080892
52107		-0.250501	0.005453	-0.968101	0.923079	0.302799	-0.237146	0.291846	-0.953039	-0.080885
52108		-0.250508	0.005393	-0.968099	0.923066	0.302821	-0.237168	0.291882	-0.953032	-0.080837
52109		-0.250484	0.005388	-0.968106	0.923103	0.302718	-0.237156	0.291785	-0.953065	-0.080800
52110		-0.250479	0.005354	-0.968107	0.923126	0.302639	-0.237167	0.291717	-0.953090	-0.080747
52111		-0.250376	0.005337	-0.968134	0.923186	0.302520	-0.237084	0.291614	-0.953128	-0.080671
52112		-0.250343	0.005330	-0.968143	0.923214	0.302455	-0.237060	0.291556	-0.953149	-0.080638
52113		-0.250227	0.005368	-0.968172	0.923260	0.302406	-0.236943	0.291509	-0.953164	-0.080626
52114		-0.250136	0.005376	-0.968196	0.923266	0.302461	-0.236849	0.291568	-0.953147	-0.080619
52115		-0.250044	0.005435	-0.968219	0.923273	0.302526	-0.236739	0.291624	-0.953126	-0.080663
52116		-0.249967	0.005450	-0.968239	0.923279	0.302570	-0.236656	0.291671	-0.953111	-0.080665
52117		-0.249927	0.005514	-0.968249	0.923295	0.302567	-0.236600	0.291656	-0.953112	-0.080710
52118		-0.249898	0.005522	-0.968256	0.923325	0.302494	-0.236577	0.291585	-0.953135	-0.080692
52119		-0.249917	0.005590	-0.968251	0.923358	0.302388	-0.236584	0.291465	-0.953169	-0.080733
52120		-0.249926	0.005593	-0.968249	0.923378	0.302315	-0.236598	0.291393	-0.953192	-0.080721
52121		-0.249964	0.005628	-0.968239	0.923408	0.302195	-0.236634	0.291265	-0.953230	-0.080735
52122		-0.250024	0.005669	-0.968223	0.923399	0.302187	-0.236680	0.291243	-0.953232	-0.080789
52123		-0.250073	0.005752	-0.968210	0.923381	0.302227	-0.236699	0.291257	-0.953219	-0.080890
52124		-0.250142	0.005804	-0.968192	0.923316	0.302396	-0.236735	0.291403	-0.953165	-0.081001
52125		-0.250171	0.005877	-0.968184	0.923265	0.302558	-0.236728	0.291541	-0.953113	-0.081117
52126		-0.250203	0.005891	-0.968176	0.923175	0.302831	-0.236731	0.291799	-0.953026	-0.081207
52127		-0.250219	0.005931	-0.968171	0.923125	0.302991	-0.236721	0.291943	-0.952975	-0.081289
52128		-0.250221	0.005917	-0.968171	0.923072	0.303159	-0.236712	0.292109	-0.952922	-0.081319
52129		-0.250237	0.005957	-0.968166	0.923022	0.303320	-0.236702	0.292254	-0.952870	-0.081400
52130		-0.250233	0.005929	-0.968168	0.922941	0.303579	-0.236684	0.292512	-0.952788	-0.081438
52131		-0.250246	0.005920	-0.968164	0.922834	0.303915	-0.236671	0.292838	-0.952681	-0.081517
52132		-0.250293	0.005878	-0.968152	0.922682	0.304363	-0.236690	0.293278	-0.952538	-0.081604
52133		-0.250361	0.005886	-0.968135	0.922510	0.304867	-0.236709	0.293759	-0.952377	-0.081757
52134		-0.250470	0.005820	-0.968107	0.922280	0.305510	-0.236777	0.294388	-0.952171	-0.081888
52135		-0.250639	0.005768	-0.968063	0.922040	0.306139	-0.236899	0.294995	-0.951969	-0.082049
52136		-0.250806	0.005716	-0.968021	0.921760	0.306896	-0.237008	0.295727	-0.951726	-0.082240
52137		-0.250999	0.005693	-0.967970	0.921501	0.307571	-0.237141	0.296370	-0.951508	-0.082447
52138		-0.251212	0.005669	-0.967915	0.921235	0.308250	-0.237292	0.297015	-0.951288	-0.082659
52139		-0.251425	0.005644	-0.967860	0.920967	0.308936	-0.237442	0.297667	-0.951066	-0.082872
52140		-0.251667	0.005614	-0.967798	0.920662	0.309710	-0.237613	0.298403	-0.950814	-0.083113
52141		-0.251899	0.005614	-0.967737	0.920379	0.310430	-0.237771	0.299080	-0.950580	-0.083364
52142		-0.252146	0.005536	-0.967673	0.920042	0.311290	-0.237953	0.299910	-0.950299	-0.083584
52143		-0.252443	0.005491	-0.967596	0.919686	0.312174	-0.238172	0.300751	-0.950009	-0.083856
52144		-0.252781	0.005426	-0.967508	0.919275	0.313190	-0.238423	0.301720	-0.949675	-0.084157
52145		-0.253168	0.005382	-0.967407	0.918854	0.314201	-0.238714	0.302675	-0.949341	-0.084491
52146		-0.253640	0.005328	-0.967284	0.918399	0.315247	-0.239086	0.303659	-0.948995	-0.084852
52147		-0.254135	0.005323	-0.967154	0.917984	0.316159	-0.239475	0.304499	-0.948691	-0.085233
52148		-0.254680	0.005361	-0.967011	0.917603	0.316935	-0.239911	0.305193	-0.948432	-0.085636
52149		-0.255177	0.005485	-0.966879	0.917326	0.317442	-0.240298	0.305610	-0.948262	-0.086035
52150		-0.255648	0.005649	-0.966754	0.917123	0.317751	-0.240666	0.305827	-0.948157	-0.086413
52151		-0.256009	0.005884	-0.966657	0.917047	0.317765	-0.240936	0.305752	-0.948151	-0.086746
52152		-0.256242	0.006126	-0.966593	0.917068	0.317580	-0.241101	0.305494	-0.948212	-0.086995
52153		-0.256326	0.006425	-0.966569	0.917168	0.317277	-0.241117	0.305121	-0.948311	-0.087219
52154		-0.256303	0.006727	-0.966573	0.917294	0.316979	-0.241030	0.304762	-0.948409	-0.087413
52155		-0.256221	0.007032	-0.966593	0.917428	0.316702	-0.240885	0.304428	-0.948499	-0.087597
52156		-0.256149	0.007323	-0.966610	0.917536	0.316494	-0.240747	0.304163	-0.948566	-0.087789
52157		-0.256085	0.007639	-0.966624	0.917613	0.316384	-0.240600	0.303986	-0.948601	-0.088031
52158		-0.256110	0.007876	-0.966616	0.917610	0.316431	-0.240548	0.303972	-0.948583	-0.088268
52159		-0.256240	0.008137	-0.966579	0.917590	0.316457	-0.240589	0.303923	-0.948572	-0.088556
52160		-0.256486	0.008379	-0.966512	0.917507	0.316585	-0.240737	0.303966	-0.948527	-0.088887
52161		-0.256861	0.008613	-0.966410	0.917450	0.316530	-0.241027	0.303822	-0.948543	-0.089207
52162		-0.257313	0.008849	-0.966288	0.917426	0.316313	-0.241405	0.303513	-0.948614	-0.089509
52163		-0.257844	0.009063	-0.966144	0.917415	0.315983	-0.241875	0.303093	-0.948721	-0.089789
52164		-0.258438	0.009267	-0.965983	0.917437	0.315499	-0.242424	0.302520	-0.948881	-0.090039
52165		-0.259108	0.009490	-0.965802	0.917490	0.314861	-0.243053	0.301787	-0.949090	-0.090290
52166		-0.259790	0.009705	-0.965616	0.917540	0.314215	-0.243698	0.301046	-0.949302	-0.090535
52167		-0.260511	0.009990	-0.965419	0.917589	0.313558	-0.244360	0.300274	-0.949516	-0.090852
52168		-0.261229	0.010292	-0.965222	0.917601	0.313022	-0.245003	0.299614	-0.949690	-0.091214
52169		-0.261926	0.010645	-0.965029	0.917617	0.312499	-0.245610	0.298956	-0.949858	-0.091620
52170		-0.262568	0.010967	-0.964851	0.917620	0.312050	-0.246168	0.298382	-0.950002	-0.091998
52171		-0.263171	0.011303	-0.964683	0.917619	0.311647	-0.246680	0.297852	-0.950131	-0.092388
52172		-0.263715	0.011592	-0.964531	0.917602	0.311333	-0.247142	0.297425	-0.950230	-0.092740
52173		-0.264224	0.011916	-0.964388	0.917607	0.310982	-0.247564	0.296957	-0.950341	-0.093103
52174		-0.264708	0.012211	-0.964251	0.917602	0.310673	-0.247968	0.296539	-0.950438	-0.093442
52175		-0.265232	0.012472	-0.964104	0.917574	0.310398	-0.248416	0.296158	-0.950525	-0.093771
52176		-0.265852	0.012750	-0.963930	0.917494	0.310216	-0.248942	0.295852	-0.950581	-0.094169
52177		-0.266521	0.013006	-0.963741	0.917362	0.310147	-0.249509	0.295657	-0.950600	-0.094591
52178		-0.267212	0.013229	-0.963547	0.917219	0.310090	-0.250107	0.295478	-0.950615	-0.094994
52179		-0.267925	0.013479	-0.963345	0.917079	0.310007	-0.250721	0.295265	-0.950639	-0.095420
52180		-0.268643	0.013710	-0.963142	0.916917	0.309990	-0.251336	0.295119	-0.950641	-0.095848
52181		-0.269377	0.013956	-0.962934	0.916727	0.310045	-0.251958	0.295037	-0.950619	-0.096313
52182		-0.270129	0.014153	-0.962720	0.916479	0.310263	-0.252593	0.295122	-0.950545	-0.096782
52183		-0.270866	0.014308	-0.962511	0.916189	0.310615	-0.253213	0.295347	-0.950428	-0.097244
52184		-0.271660	0.014435	-0.962285	0.915826	0.311142	-0.253877	0.295742	-0.950254	-0.097744
52185		-0.272465	0.014514	-0.962056	0.915427	0.311761	-0.254556	0.296237	-0.950050	-0.098230
52186		-0.273242	0.014531	-0.961836	0.915010	0.312442	-0.255219	0.296809	-0.949826	-0.098668
52187		-0.273987	0.014530	-0.961624	0.914615	0.313071	-0.255862	0.297339	-0.949618	-0.099067
52188		-0.274714	0.014472	-0.961417	0.914201	0.313758	-0.256499	0.297941	-0.949393	-0.099424
52189		-0.275415	0.014419	-0.961217	0.913783	0.314481	-0.257106	0.298577	-0.949154	-0.099789
52190		-0.276114	0.014340	-0.961018	0.913313	0.315354	-0.257702	0.299366	-0.948866	-0.100170
52191		-0.276831	0.014280	-0.960812	0.912793	0.316375	-0.258294	0.300289	-0.948527	-0.100617
52192		-0.277569	0.014164	-0.960601	0.912182	0.317644	-0.258894	0.301462	-0.948104	-0.101088
52193		-0.278318	0.014108	-0.960385	0.911542	0.319002	-0.259477	0.302704	-0.947649	-0.101644
52194		-0.279059	0.013987	-0.960172	0.910860	0.320473	-0.260059	0.304072	-0.947154	-0.102171
52195		-0.279794	0.013889	-0.959960	0.910196	0.321893	-0.260632	0.305384	-0.946674	-0.102705
52196		-0.280522	0.013840	-0.959748	0.909491	0.323447	-0.261168	0.306813	-0.946145	-0.103321
52197		-0.281253	0.013763	-0.959535	0.908836	0.324828	-0.261733	0.308081	-0.945673	-0.103867
52198		-0.281972	0.013661	-0.959325	0.908142	0.326324	-0.262281	0.309467	-0.945159	-0.104421
52199		-0.282680	0.013535	-0.959119	0.907430	0.327866	-0.262819	0.310905	-0.944627	-0.104964
52200		-0.283319	0.013361	-0.958933	0.906717	0.329449	-0.263301	0.312401	-0.944079	-0.105454
52201		-0.283910	0.013164	-0.958760	0.905990	0.331096	-0.263738	0.313970	-0.943505	-0.105928
52202		-0.284515	0.012977	-0.958584	0.905248	0.332768	-0.264180	0.315558	-0.942919	-0.106425
52203		-0.285065	0.012836	-0.958422	0.904542	0.334381	-0.264561	0.317082	-0.942350	-0.106931
52204		-0.285598	0.012685	-0.958266	0.903836	0.335998	-0.264928	0.318615	-0.941777	-0.107425
52205		-0.286054	0.012606	-0.958131	0.903208	0.337453	-0.265217	0.319980	-0.941258	-0.107915
52206		-0.286410	0.012519	-0.958025	0.902642	0.338802	-0.265425	0.321258	-0.940774	-0.108337
52207		-0.286738	0.012459	-0.957928	0.902104	0.340091	-0.265605	0.322473	-0.940310	-0.108756
52208		-0.286942	0.012376	-0.957868	0.901575	0.341444	-0.265667	0.323770	-0.939821	-0.109133
52209		-0.287194	0.012305	-0.957793	0.900956	0.343014	-0.265744	0.325266	-0.939250	-0.109598
52210		-0.287404	0.012159	-0.957732	0.900246	0.344849	-0.265775	0.327041	-0.938580	-0.110057
52211		-0.287616	0.011986	-0.957671	0.899499	0.346771	-0.265805	0.328906	-0.937873	-0.110518
52212		-0.287845	0.011817	-0.957604	0.898768	0.348620	-0.265858	0.330698	-0.937190	-0.110969
52213		-0.288104	0.011639	-0.957528	0.898106	0.350239	-0.265967	0.332268	-0.936588	-0.111359
52214		-0.288325	0.011413	-0.957465	0.897524	0.351638	-0.266083	0.333645	-0.936066	-0.111629
52215		-0.288549	0.011207	-0.957400	0.896975	0.352945	-0.266206	0.334926	-0.935577	-0.111894
52216		-0.288752	0.010981	-0.957341	0.896446	0.354200	-0.266322	0.336165	-0.935105	-0.112120
52217		-0.288957	0.010844	-0.957281	0.895960	0.355353	-0.266422	0.337284	-0.934669	-0.112398
52218		-0.289089	0.010686	-0.957242	0.895472	0.356556	-0.266454	0.338463	-0.934213	-0.112646
52219		-0.289188	0.010574	-0.957214	0.894986	0.357788	-0.266436	0.339662	-0.933743	-0.112932
52220		-0.289165	0.010530	-0.957221	0.894493	0.359145	-0.266265	0.340977	-0.933222	-0.113271
52221		-0.289139	0.010468	-0.957230	0.893986	0.360534	-0.266093	0.342328	-0.932687	-0.113603
52222		-0.289048	0.010423	-0.957258	0.893519	0.361857	-0.265862	0.343620	-0.932175	-0.113907
52223		-0.288937	0.010360	-0.957292	0.893049	0.363197	-0.265616	0.344934	-0.931655	-0.114193
52224		-0.288806	0.010291	-0.957332	0.892615	0.364444	-0.265365	0.346163	-0.931168	-0.114440
52225		-0.288672	0.010188	-0.957374	0.892218	0.365582	-0.265135	0.347297	-0.930723	-0.114623
52226		-0.288564	0.010050	-0.957408	0.891849	0.366611	-0.264956	0.348334	-0.930320	-0.114754
52227		-0.288470	0.009941	-0.957437	0.891536	0.367484	-0.264799	0.349211	-0.929977	-0.114871
52228		-0.288429	0.009811	-0.957451	0.891227	0.368301	-0.264705	0.350033	-0.929655	-0.114973
52229		-0.288447	0.009745	-0.957446	0.890964	0.368967	-0.264662	0.350687	-0.929391	-0.115110
52230		-0.288443	0.009677	-0.957448	0.890763	0.369483	-0.264619	0.351200	-0.929187	-0.115195
52231		-0.288444	0.009678	-0.957448	0.890633	0.369827	-0.264577	0.351529	-0.929050	-0.115294
52232		-0.288460	0.009641	-0.957444	0.890520	0.370104	-0.264570	0.351803	-0.928940	-0.115346
52233		-0.288447	0.009636	-0.957447	0.890497	0.370173	-0.264552	0.351871	-0.928913	-0.115356
52234		-0.288428	0.009645	-0.957453	0.890498	0.370185	-0.264529	0.351883	-0.928908	-0.115360
52235		-0.288441	0.009637	-0.957449	0.890524	0.370105	-0.264554	0.351807	-0.928940	-0.115335
52236		-0.288478	0.009592	-0.957438	0.890544	0.370014	-0.264616	0.351727	-0.928977	-0.115282
52237		-0.288582	0.009468	-0.957408	0.890535	0.369928	-0.264767	0.351665	-0.929012	-0.115186
52238		-0.288684	0.009343	-0.957379	0.890517	0.369865	-0.264914	0.351626	-0.929039	-0.115094
52239		-0.288865	0.009173	-0.957326	0.890494	0.369747	-0.265156	0.351536	-0.929087	-0.114975
52240		-0.289049	0.008966	-0.957272	0.890493	0.369558	-0.265423	0.351388	-0.929164	-0.114804
52241		-0.289245	0.008764	-0.957215	0.890514	0.369301	-0.265709	0.351172	-0.929268	-0.114623
52242		-0.289422	0.008500	-0.957164	0.890532	0.369051	-0.265996	0.350982	-0.929370	-0.114381
52243		-0.289563	0.008290	-0.957123	0.890612	0.368676	-0.266248	0.350662	-0.929521	-0.114138
52244		-0.289544	0.008113	-0.957130	0.890756	0.368261	-0.266343	0.350313	-0.929687	-0.113854
52245		-0.289415	0.008045	-0.957170	0.890966	0.367778	-0.266306	0.349884	-0.929879	-0.113609
52246		-0.289161	0.008003	-0.957247	0.891221	0.367275	-0.266146	0.349443	-0.930078	-0.113334
52247		-0.288788	0.007999	-0.957360	0.891495	0.366820	-0.265855	0.349052	-0.930258	-0.113064
52248		-0.288295	0.008028	-0.957508	0.891784	0.366424	-0.265434	0.348723	-0.930413	-0.112798
52249		-0.287690	0.008062	-0.957690	0.892086	0.366075	-0.264901	0.348451	-0.930550	-0.112508
52250		-0.287005	0.008072	-0.957895	0.892354	0.365867	-0.264284	0.348329	-0.930632	-0.112209
52251		-0.286297	0.008099	-0.958107	0.892633	0.365650	-0.263642	0.348197	-0.930717	-0.111914
52252		-0.285539	0.008066	-0.958333	0.892906	0.365468	-0.262968	0.348119	-0.930789	-0.111557
52253		-0.284827	0.008028	-0.958545	0.893172	0.365268	-0.262343	0.348020	-0.930868	-0.111209
52254		-0.284173	0.007954	-0.958740	0.893397	0.365123	-0.261776	0.347976	-0.930925	-0.110864
52255		-0.283531	0.007840	-0.958931	0.893597	0.365026	-0.261229	0.347986	-0.930964	-0.110502
52256		-0.282950	0.007692	-0.959104	0.893720	0.365078	-0.260733	0.348142	-0.930945	-0.110173
52257		-0.282428	0.007536	-0.959259	0.893796	0.365213	-0.260285	0.348372	-0.930894	-0.109882
52258		-0.281969	0.007329	-0.959395	0.893801	0.365476	-0.259899	0.348731	-0.930792	-0.109603
52259		-0.281581	0.007125	-0.959511	0.893796	0.365714	-0.259580	0.349058	-0.930700	-0.109346
52260		-0.281277	0.006918	-0.959602	0.893728	0.366059	-0.259329	0.349477	-0.930566	-0.109146
52261		-0.281022	0.006694	-0.959678	0.893636	0.366425	-0.259127	0.349916	-0.930423	-0.108956
52262		-0.280864	0.006470	-0.959726	0.893513	0.366806	-0.259014	0.350357	-0.930275	-0.108803
52263		-0.280756	0.006258	-0.959759	0.893333	0.367303	-0.258930	0.350902	-0.930080	-0.108713
52264		-0.280743	0.006023	-0.959764	0.893124	0.367804	-0.258942	0.351445	-0.929884	-0.108638
52265		-0.280767	0.005764	-0.959759	0.892911	0.368280	-0.258999	0.351967	-0.929697	-0.108547
52266		-0.280800	0.005503	-0.959750	0.892689	0.368771	-0.259065	0.352502	-0.929504	-0.108463
52267		-0.280835	0.005257	-0.959742	0.892488	0.369208	-0.259133	0.352982	-0.929332	-0.108379
52268		-0.280829	0.004983	-0.959745	0.892309	0.369610	-0.259178	0.353440	-0.929174	-0.108244
52269		-0.280824	0.004710	-0.959748	0.892108	0.370068	-0.259216	0.353951	-0.928993	-0.108126
52270		-0.280814	0.004370	-0.959752	0.891853	0.370652	-0.259259	0.354601	-0.928762	-0.107982
52271		-0.280772	0.004058	-0.959766	0.891547	0.371397	-0.259245	0.355402	-0.928465	-0.107896
52272		-0.280794	0.003687	-0.959761	0.891179	0.372241	-0.259300	0.356306	-0.928129	-0.107809
52273		-0.280794	0.003342	-0.959762	0.890806	0.373118	-0.259321	0.357238	-0.927778	-0.107747
52274		-0.280822	0.003003	-0.959755	0.890447	0.373938	-0.259373	0.358110	-0.927449	-0.107684
52275		-0.280862	0.002694	-0.959744	0.890146	0.374605	-0.259443	0.358826	-0.927181	-0.107610
52276		-0.280859	0.002383	-0.959746	0.889935	0.375069	-0.259498	0.359353	-0.926994	-0.107462
52277		-0.280830	0.002143	-0.959755	0.889879	0.375168	-0.259546	0.359513	-0.926954	-0.107266
52278		-0.280695	0.001918	-0.959795	0.889940	0.375044	-0.259516	0.359467	-0.927005	-0.106979
52279		-0.280555	0.001699	-0.959837	0.890054	0.374789	-0.259494	0.359296	-0.927108	-0.106661
52280		-0.280394	0.001405	-0.959884	0.890135	0.374612	-0.259471	0.359220	-0.927180	-0.106289
52281		-0.280242	0.001104	-0.959929	0.890192	0.374491	-0.259452	0.359198	-0.927230	-0.105931
52282		-0.280106	0.000787	-0.959969	0.890175	0.374543	-0.259434	0.359345	-0.927209	-0.105613
52283		-0.279996	0.000407	-0.960001	0.890090	0.374736	-0.259447	0.359641	-0.927131	-0.105287
52284		-0.279905	-0.000011	-0.960028	0.889910	0.375152	-0.259465	0.360159	-0.926963	-0.104997
52285		-0.279904	-0.000440	-0.960028	0.889662	0.375673	-0.259561	0.360771	-0.926752	-0.104761
52286		-0.279942	-0.000835	-0.960017	0.889347	0.376348	-0.259662	0.361517	-0.926478	-0.104613
52287		-0.280060	-0.001195	-0.959982	0.888951	0.377182	-0.259807	0.362399	-0.926138	-0.104571
52288		-0.280164	-0.001501	-0.959951	0.888547	0.378059	-0.259916	0.363308	-0.925780	-0.104585
52289		-0.280284	-0.001698	-0.959916	0.888181	0.378853	-0.260008	0.364109	-0.925455	-0.104679
52290		-0.280378	-0.001846	-0.959888	0.887832	0.379636	-0.260061	0.364888	-0.925134	-0.104803
52291		-0.280474	-0.001896	-0.959860	0.887527	0.380327	-0.260090	0.365553	-0.924850	-0.104989
52292		-0.280518	-0.001920	-0.959847	0.887260	0.380965	-0.260067	0.366167	-0.924587	-0.105165
52293		-0.280596	-0.001898	-0.959824	0.887009	0.381552	-0.260064	0.366717	-0.924345	-0.105379
52294		-0.280602	-0.001860	-0.959822	0.886833	0.382002	-0.260004	0.367137	-0.924160	-0.105541
52295		-0.280569	-0.001758	-0.959832	0.886672	0.382456	-0.259884	0.367550	-0.923972	-0.105747
