// Start Time: Unknown
// Update Rate: 100.0Hz
// Filter Profile: human (46.1)
// Option Flags: AHS Disabled ICC Disabled 
// Firmware Version: 4.0.2
PacketCounter	SampleTimeFine	Mat[1][1]	Mat[2][1]	Mat[3][1]	Mat[1][2]	Mat[2][2]	Mat[3][2]	Mat[1][3]	Mat[2][3]	Mat[3][3]
03740		-0.167862	-0.121997	-0.978233	-0.775485	-0.596315	0.207439	-0.608642	0.793426	0.005492
03741		-0.167775	-0.121883	-0.978262	-0.775534	-0.596300	0.207300	-0.608603	0.793455	0.005520
03742		-0.167728	-0.121774	-0.978283	-0.775622	-0.596221	0.207198	-0.608504	0.793531	0.005552
03743		-0.167625	-0.121690	-0.978312	-0.775748	-0.596103	0.207065	-0.608373	0.793632	0.005521
03744		-0.167555	-0.121670	-0.978326	-0.775860	-0.595981	0.206998	-0.608249	0.793727	0.005461
03745		-0.167537	-0.121709	-0.978324	-0.776027	-0.595760	0.207009	-0.608041	0.793887	0.005362
03746		-0.167590	-0.121811	-0.978302	-0.776168	-0.595539	0.207115	-0.607846	0.794037	0.005261
03747		-0.167642	-0.121919	-0.978280	-0.776265	-0.595375	0.207223	-0.607708	0.794144	0.005168
03748		-0.167643	-0.122106	-0.978257	-0.776219	-0.595395	0.207337	-0.607766	0.794100	0.005032
03749		-0.167717	-0.122248	-0.978226	-0.776158	-0.595424	0.207482	-0.607824	0.794056	0.004979
03750		-0.167814	-0.122416	-0.978188	-0.776068	-0.595479	0.207661	-0.607912	0.793990	0.004926
03751		-0.167890	-0.122507	-0.978164	-0.776001	-0.595526	0.207776	-0.607976	0.793940	0.004918
03752		-0.167922	-0.122647	-0.978141	-0.775944	-0.595562	0.207887	-0.608040	0.793891	0.004841
03753		-0.167954	-0.122705	-0.978128	-0.775960	-0.595520	0.207947	-0.608011	0.793914	0.004806
03754		-0.168008	-0.122773	-0.978110	-0.776022	-0.595410	0.208032	-0.607917	0.793986	0.004759
03755		-0.168046	-0.122861	-0.978093	-0.776108	-0.595267	0.208116	-0.607796	0.794079	0.004679
03756		-0.168076	-0.122869	-0.978087	-0.776167	-0.595181	0.208146	-0.607713	0.794143	0.004669
03757		-0.168102	-0.122910	-0.978077	-0.776240	-0.595069	0.208192	-0.607613	0.794220	0.004625
03758		-0.168148	-0.123037	-0.978053	-0.776278	-0.594980	0.208306	-0.607551	0.794267	0.004533
03759		-0.168189	-0.123049	-0.978045	-0.776275	-0.594970	0.208346	-0.607544	0.794273	0.004548
03760		-0.168263	-0.123100	-0.978025	-0.776214	-0.595018	0.208436	-0.607601	0.794229	0.004567
03761		-0.168296	-0.123134	-0.978016	-0.776145	-0.595091	0.208481	-0.607680	0.794169	0.004582
03762		-0.168414	-0.123143	-0.977994	-0.776064	-0.595163	0.208580	-0.607751	0.794114	0.004667
03763		-0.168473	-0.123201	-0.977977	-0.776052	-0.595150	0.208662	-0.607750	0.794114	0.004656
03764		-0.168539	-0.123306	-0.977952	-0.776055	-0.595106	0.208779	-0.607729	0.794131	0.004606
03765		-0.168602	-0.123357	-0.977935	-0.776176	-0.594919	0.208860	-0.607556	0.794264	0.004558
03766		-0.168564	-0.123467	-0.977927	-0.776189	-0.594889	0.208898	-0.607550	0.794269	0.004444
03767		-0.168607	-0.123507	-0.977915	-0.776278	-0.594752	0.208957	-0.607425	0.794365	0.004403
03768		-0.168657	-0.123567	-0.977899	-0.776286	-0.594714	0.209032	-0.607400	0.794384	0.004379
03769		-0.168692	-0.123563	-0.977893	-0.776259	-0.594741	0.209058	-0.607425	0.794364	0.004411
03770		-0.168706	-0.123530	-0.977895	-0.776183	-0.594844	0.209048	-0.607519	0.794293	0.004472
03771		-0.168721	-0.123502	-0.977896	-0.776076	-0.594985	0.209042	-0.607650	0.794192	0.004540
03772		-0.168692	-0.123476	-0.977904	-0.775941	-0.595175	0.209003	-0.607831	0.794053	0.004592
03773		-0.168743	-0.123441	-0.977900	-0.775918	-0.595198	0.209022	-0.607846	0.794041	0.004656
03774		-0.168673	-0.123422	-0.977914	-0.776009	-0.595103	0.208955	-0.607750	0.794115	0.004601
03775		-0.168701	-0.123468	-0.977904	-0.776090	-0.594979	0.209006	-0.607638	0.794201	0.004551
03776		-0.168762	-0.123503	-0.977889	-0.776138	-0.594891	0.209077	-0.607559	0.794261	0.004539
03777		-0.168821	-0.123544	-0.977873	-0.776243	-0.594729	0.209149	-0.607409	0.794377	0.004503
03778		-0.168912	-0.123598	-0.977851	-0.776240	-0.594697	0.209254	-0.607389	0.794392	0.004510
03779		-0.169037	-0.123657	-0.977822	-0.776209	-0.594689	0.209389	-0.607393	0.794389	0.004541
03780		-0.169150	-0.123716	-0.977795	-0.776163	-0.594706	0.209515	-0.607421	0.794367	0.004571
03781		-0.169307	-0.123761	-0.977762	-0.776036	-0.594818	0.209666	-0.607539	0.794276	0.004664
03782		-0.169457	-0.123854	-0.977724	-0.775880	-0.594959	0.209841	-0.607695	0.794156	0.004724
03783		-0.169608	-0.123882	-0.977694	-0.775811	-0.595001	0.209978	-0.607742	0.794120	0.004808
03784		-0.169702	-0.123906	-0.977675	-0.775719	-0.595090	0.210066	-0.607833	0.794050	0.004872
03785		-0.169810	-0.123918	-0.977655	-0.775697	-0.595086	0.210159	-0.607831	0.794051	0.004929
03786		-0.169896	-0.123927	-0.977639	-0.775664	-0.595103	0.210232	-0.607849	0.794037	0.004980
03787		-0.169956	-0.123903	-0.977631	-0.775635	-0.595129	0.210266	-0.607869	0.794021	0.005043
03788		-0.170029	-0.123876	-0.977622	-0.775519	-0.595266	0.210306	-0.607997	0.793923	0.005144
03789		-0.170080	-0.123842	-0.977618	-0.775496	-0.595289	0.210326	-0.608012	0.793911	0.005207
03790		-0.170169	-0.123854	-0.977601	-0.775442	-0.595332	0.210403	-0.608056	0.793877	0.005266
03791		-0.170208	-0.123846	-0.977595	-0.775384	-0.595399	0.210429	-0.608119	0.793828	0.005314
03792		-0.170260	-0.123873	-0.977582	-0.775284	-0.595509	0.210487	-0.608232	0.793741	0.005354
03793		-0.170356	-0.123886	-0.977564	-0.775224	-0.595557	0.210570	-0.608282	0.793703	0.005417
03794		-0.170443	-0.123887	-0.977549	-0.775165	-0.595609	0.210639	-0.608332	0.793663	0.005485
03795		-0.170571	-0.123925	-0.977521	-0.775140	-0.595598	0.210764	-0.608329	0.793666	0.005532
03796		-0.170706	-0.124014	-0.977487	-0.775113	-0.595576	0.210925	-0.608325	0.793669	0.005544
03797		-0.170810	-0.124061	-0.977462	-0.775132	-0.595511	0.211037	-0.608271	0.793710	0.005556
03798		-0.170924	-0.124163	-0.977430	-0.775124	-0.595468	0.211189	-0.608250	0.793727	0.005538
03799		-0.171039	-0.124212	-0.977403	-0.775099	-0.595457	0.211310	-0.608249	0.793727	0.005570
03800		-0.171112	-0.124266	-0.977384	-0.775059	-0.595478	0.211401	-0.608280	0.793703	0.005580
03801		-0.171197	-0.124278	-0.977367	-0.775043	-0.595472	0.211475	-0.608277	0.793705	0.005623
03802		-0.171250	-0.124277	-0.977358	-0.774960	-0.595565	0.211517	-0.608367	0.793636	0.005681
03803		-0.171285	-0.124243	-0.977356	-0.774921	-0.595614	0.211523	-0.608407	0.793605	0.005741
03804		-0.171268	-0.124195	-0.977365	-0.774840	-0.595734	0.211479	-0.608515	0.793521	0.005799
03805		-0.171225	-0.124056	-0.977390	-0.774874	-0.595732	0.211361	-0.608483	0.793545	0.005876
03806		-0.171123	-0.123969	-0.977419	-0.774886	-0.595765	0.211226	-0.608497	0.793534	0.005887
03807		-0.171000	-0.123834	-0.977458	-0.774930	-0.595770	0.211047	-0.608475	0.793551	0.005914
03808		-0.170867	-0.123714	-0.977496	-0.774934	-0.595829	0.210868	-0.608508	0.793525	0.005938
03809		-0.170713	-0.123569	-0.977542	-0.774990	-0.595830	0.210658	-0.608480	0.793547	0.005951
03810		-0.170520	-0.123417	-0.977595	-0.774999	-0.595905	0.210412	-0.608522	0.793515	0.005966
03811		-0.170304	-0.123267	-0.977651	-0.775044	-0.595940	0.210149	-0.608526	0.793512	0.005954
03812		-0.170133	-0.123164	-0.977694	-0.775052	-0.596000	0.209951	-0.608564	0.793483	0.005941
03813		-0.169946	-0.123020	-0.977745	-0.775076	-0.596051	0.209714	-0.608585	0.793466	0.005947
03814		-0.169748	-0.122897	-0.977794	-0.775065	-0.596148	0.209482	-0.608655	0.793413	0.005941
03815		-0.169580	-0.122805	-0.977835	-0.775088	-0.596183	0.209293	-0.608671	0.793401	0.005916
03816		-0.169433	-0.122713	-0.977872	-0.775083	-0.596251	0.209120	-0.608719	0.793364	0.005912
03817		-0.169297	-0.122646	-0.977904	-0.775141	-0.596228	0.208971	-0.608683	0.793392	0.005872
03818		-0.169126	-0.122620	-0.977937	-0.775207	-0.596195	0.208820	-0.608647	0.793420	0.005776
03819		-0.169022	-0.122609	-0.977956	-0.775310	-0.596091	0.208732	-0.608543	0.793500	0.005693
03820		-0.168937	-0.122531	-0.977981	-0.775409	-0.596003	0.208618	-0.608442	0.793578	0.005675
03821		-0.168829	-0.122535	-0.977999	-0.775499	-0.595915	0.208535	-0.608357	0.793644	0.005581
03822		-0.168710	-0.122532	-0.978020	-0.775569	-0.595858	0.208439	-0.608301	0.793687	0.005495
03823		-0.168595	-0.122521	-0.978041	-0.775634	-0.595806	0.208342	-0.608249	0.793728	0.005418
03824		-0.168519	-0.122523	-0.978054	-0.775617	-0.595849	0.208283	-0.608292	0.793695	0.005381
03825		-0.168463	-0.122508	-0.978066	-0.775678	-0.595788	0.208229	-0.608230	0.793743	0.005341
03826		-0.168414	-0.122512	-0.978074	-0.775754	-0.595703	0.208193	-0.608147	0.793807	0.005286
03827		-0.168427	-0.122521	-0.978070	-0.775860	-0.595559	0.208210	-0.608008	0.793913	0.005249
03828		-0.168448	-0.122542	-0.978064	-0.775935	-0.595450	0.208240	-0.607906	0.793991	0.005218
03829		-0.168509	-0.122618	-0.978044	-0.776058	-0.595256	0.208336	-0.607732	0.794126	0.005147
03830		-0.168550	-0.122693	-0.978027	-0.776176	-0.595074	0.208416	-0.607570	0.794250	0.005068
03831		-0.168613	-0.122760	-0.978008	-0.776261	-0.594931	0.208507	-0.607444	0.794347	0.005019
03832		-0.168696	-0.122849	-0.977983	-0.776286	-0.594857	0.208627	-0.607389	0.794389	0.004984
03833		-0.168791	-0.122886	-0.977962	-0.776310	-0.594791	0.208725	-0.607332	0.794433	0.004998
03834		-0.168856	-0.122933	-0.977944	-0.776242	-0.594851	0.208806	-0.607400	0.794380	0.005019
03835		-0.168934	-0.122954	-0.977928	-0.776286	-0.594767	0.208881	-0.607323	0.794439	0.005029
03836		-0.168983	-0.123004	-0.977913	-0.776372	-0.594631	0.208951	-0.607199	0.794534	0.004986
03837		-0.169067	-0.123024	-0.977897	-0.776476	-0.594468	0.209030	-0.607044	0.794653	0.004980
03838		-0.169130	-0.123027	-0.977885	-0.776620	-0.594260	0.209083	-0.606841	0.794808	0.004962
03839		-0.169157	-0.123088	-0.977873	-0.776747	-0.594073	0.209143	-0.606671	0.794938	0.004884
03840		-0.169182	-0.123117	-0.977865	-0.776833	-0.593948	0.209182	-0.606555	0.795027	0.004844
03841		-0.169216	-0.123138	-0.977856	-0.776888	-0.593861	0.209222	-0.606474	0.795089	0.004826
03842		-0.169270	-0.123143	-0.977846	-0.776832	-0.593919	0.209267	-0.606531	0.795045	0.004871
03843		-0.169281	-0.123118	-0.977848	-0.776837	-0.593915	0.209261	-0.606522	0.795052	0.004896
03844		-0.169263	-0.123122	-0.977850	-0.776806	-0.593960	0.209249	-0.606567	0.795018	0.004894
03845		-0.169266	-0.123077	-0.977855	-0.776778	-0.594005	0.209224	-0.606601	0.794991	0.004941
03846		-0.169183	-0.123008	-0.977878	-0.776729	-0.594106	0.209115	-0.606686	0.794926	0.004969
03847		-0.169124	-0.122916	-0.977900	-0.776722	-0.594151	0.209013	-0.606712	0.794906	0.005014
03848		-0.169009	-0.122810	-0.977933	-0.776697	-0.594240	0.208856	-0.606777	0.794856	0.005045
03849		-0.168883	-0.122671	-0.977973	-0.776732	-0.594258	0.208672	-0.606767	0.794864	0.005077
03850		-0.168724	-0.122547	-0.978016	-0.776798	-0.594243	0.208470	-0.606726	0.794895	0.005069
03851		-0.168546	-0.122428	-0.978061	-0.776863	-0.594234	0.208256	-0.606693	0.794920	0.005046
03852		-0.168416	-0.122313	-0.978098	-0.776955	-0.594173	0.208084	-0.606611	0.794983	0.005036
03853		-0.168235	-0.122303	-0.978130	-0.777038	-0.594117	0.207935	-0.606555	0.795027	0.004918
03854		-0.168161	-0.122279	-0.978146	-0.777094	-0.594070	0.207862	-0.606504	0.795065	0.004877
03855		-0.168065	-0.122275	-0.978163	-0.777101	-0.594087	0.207783	-0.606521	0.795053	0.004825
03856		-0.167985	-0.122274	-0.978177	-0.777033	-0.594200	0.207718	-0.606631	0.794969	0.004805
03857		-0.167934	-0.122303	-0.978182	-0.776958	-0.594306	0.207694	-0.606742	0.794885	0.004780
03858		-0.167887	-0.122319	-0.978188	-0.776866	-0.594435	0.207666	-0.606871	0.794786	0.004772
03859		-0.167837	-0.122337	-0.978195	-0.776835	-0.594487	0.207637	-0.606926	0.794744	0.004741
03860		-0.167801	-0.122276	-0.978208	-0.776793	-0.594564	0.207571	-0.606989	0.794696	0.004785
03861		-0.167776	-0.122272	-0.978213	-0.776842	-0.594508	0.207549	-0.606933	0.794739	0.004758
03862		-0.167756	-0.122271	-0.978217	-0.776895	-0.594444	0.207533	-0.606870	0.794787	0.004730
03863		-0.167728	-0.122327	-0.978215	-0.776988	-0.594319	0.207545	-0.606759	0.794872	0.004637
03864		-0.167711	-0.122384	-0.978210	-0.777072	-0.594201	0.207567	-0.606657	0.794951	0.004553
03865		-0.167726	-0.122426	-0.978202	-0.777106	-0.594143	0.207605	-0.606609	0.794988	0.004515
03866		-0.167752	-0.122510	-0.978187	-0.777068	-0.594168	0.207677	-0.606650	0.794957	0.004475
03867		-0.167758	-0.122559	-0.978180	-0.776992	-0.594256	0.207710	-0.606746	0.794883	0.004464
03868		-0.167846	-0.122602	-0.978160	-0.776849	-0.594410	0.207805	-0.606905	0.794761	0.004526
03869		-0.167887	-0.122658	-0.978146	-0.776730	-0.594542	0.207870	-0.607046	0.794654	0.004544
03870		-0.167984	-0.122720	-0.978121	-0.776629	-0.594634	0.207985	-0.607148	0.794575	0.004581
03871		-0.168067	-0.122727	-0.978106	-0.776604	-0.594642	0.208055	-0.607157	0.794569	0.004629
03872		-0.168137	-0.122824	-0.978082	-0.776631	-0.594566	0.208170	-0.607103	0.794610	0.004580
03873		-0.168238	-0.122916	-0.978053	-0.776729	-0.594391	0.208307	-0.606950	0.794727	0.004526
03874		-0.168412	-0.123040	-0.978007	-0.776803	-0.594219	0.208521	-0.606807	0.794837	0.004496
03875		-0.168576	-0.123113	-0.977970	-0.776828	-0.594124	0.208696	-0.606729	0.794896	0.004518
03876		-0.168714	-0.123240	-0.977930	-0.776831	-0.594055	0.208884	-0.606687	0.794928	0.004489
03877		-0.168816	-0.123284	-0.977907	-0.776760	-0.594110	0.208991	-0.606749	0.794880	0.004533
03878		-0.168910	-0.123331	-0.977885	-0.776715	-0.594133	0.209094	-0.606781	0.794856	0.004562
03879		-0.169051	-0.123376	-0.977855	-0.776572	-0.594271	0.209232	-0.606925	0.794746	0.004651
03880		-0.169143	-0.123403	-0.977835	-0.776429	-0.594427	0.209321	-0.607082	0.794625	0.004729
03881		-0.169247	-0.123436	-0.977813	-0.776401	-0.594427	0.209424	-0.607089	0.794620	0.004769
03882		-0.169312	-0.123509	-0.977793	-0.776432	-0.594352	0.209520	-0.607031	0.794664	0.004734
03883		-0.169392	-0.123592	-0.977769	-0.776497	-0.594227	0.209634	-0.606925	0.794745	0.004688
03884		-0.169461	-0.123695	-0.977744	-0.776569	-0.594092	0.209753	-0.606815	0.794830	0.004617
03885		-0.169490	-0.123805	-0.977725	-0.776589	-0.594033	0.209843	-0.606781	0.794856	0.004537
03886		-0.169568	-0.123881	-0.977702	-0.776526	-0.594078	0.209950	-0.606840	0.794811	0.004540
03887		-0.169606	-0.123946	-0.977687	-0.776445	-0.594158	0.210020	-0.606932	0.794741	0.004535
03888		-0.169627	-0.123955	-0.977682	-0.776286	-0.594360	0.210040	-0.607130	0.794589	0.004594
03889		-0.169634	-0.123939	-0.977683	-0.776157	-0.594529	0.210035	-0.607293	0.794465	0.004656
03890		-0.169573	-0.123926	-0.977695	-0.776052	-0.594687	0.209978	-0.607445	0.794348	0.004670
03891		-0.169541	-0.123878	-0.977707	-0.775984	-0.594795	0.209922	-0.607540	0.794275	0.004715
03892		-0.169507	-0.123807	-0.977722	-0.775871	-0.594967	0.209852	-0.607693	0.794157	0.004793
03893		-0.169438	-0.123689	-0.977748	-0.775905	-0.594968	0.209726	-0.607669	0.794175	0.004840
03894		-0.169399	-0.123581	-0.977769	-0.775953	-0.594939	0.209630	-0.607619	0.794213	0.004889
03895		-0.169303	-0.123448	-0.977802	-0.775968	-0.594974	0.209472	-0.607626	0.794208	0.004939
03896		-0.169165	-0.123318	-0.977842	-0.775923	-0.595101	0.209283	-0.607723	0.794134	0.004985
03897		-0.169069	-0.123170	-0.977878	-0.775892	-0.595199	0.209116	-0.607789	0.794082	0.005063
03898		-0.168970	-0.123009	-0.977915	-0.775808	-0.595371	0.208939	-0.607924	0.793978	0.005168
03899		-0.168852	-0.122836	-0.977957	-0.775780	-0.595477	0.208739	-0.607992	0.793926	0.005254
03900		-0.168713	-0.122696	-0.977999	-0.775737	-0.595603	0.208543	-0.608086	0.793853	0.005306
03901		-0.168589	-0.122522	-0.978042	-0.775731	-0.595681	0.208339	-0.608128	0.793821	0.005381
03902		-0.168406	-0.122355	-0.978095	-0.775729	-0.595771	0.208091	-0.608181	0.793780	0.005417
03903		-0.168278	-0.122211	-0.978134	-0.775756	-0.595802	0.207902	-0.608182	0.793779	0.005454
03904		-0.168142	-0.122073	-0.978175	-0.775760	-0.595864	0.207710	-0.608215	0.793754	0.005490
03905		-0.168013	-0.121941	-0.978214	-0.775743	-0.595949	0.207527	-0.608272	0.793710	0.005532
03906		-0.167893	-0.121847	-0.978246	-0.775642	-0.596134	0.207373	-0.608434	0.793585	0.005577
03907		-0.167779	-0.121757	-0.978277	-0.775609	-0.596228	0.207228	-0.608507	0.793528	0.005599
03908		-0.167656	-0.121652	-0.978311	-0.775527	-0.596391	0.207065	-0.608646	0.793422	0.005644
03909		-0.167593	-0.121551	-0.978334	-0.775503	-0.596461	0.206953	-0.608693	0.793385	0.005700
03910		-0.167469	-0.121481	-0.978364	-0.775449	-0.596579	0.206812	-0.608796	0.793307	0.005706
03911		-0.167413	-0.121425	-0.978381	-0.775461	-0.596592	0.206733	-0.608796	0.793306	0.005717
03912		-0.167383	-0.121383	-0.978391	-0.775496	-0.596563	0.206684	-0.608760	0.793334	0.005722
03913		-0.167383	-0.121374	-0.978392	-0.775509	-0.596548	0.206679	-0.608744	0.793346	0.005726
03914		-0.167426	-0.121377	-0.978385	-0.775465	-0.596594	0.206714	-0.608788	0.793312	0.005761
03915		-0.167506	-0.121420	-0.978366	-0.775481	-0.596541	0.206803	-0.608745	0.793345	0.005766
03916		-0.167608	-0.121493	-0.978339	-0.775471	-0.596511	0.206929	-0.608730	0.793357	0.005766
03917		-0.167712	-0.121540	-0.978315	-0.775490	-0.596448	0.207041	-0.608678	0.793397	0.005778
03918		-0.167836	-0.121698	-0.978274	-0.775435	-0.596452	0.207235	-0.608714	0.793369	0.005737
03919		-0.167966	-0.121772	-0.978243	-0.775428	-0.596409	0.207384	-0.608686	0.793390	0.005751
03920		-0.168084	-0.121906	-0.978206	-0.775373	-0.596420	0.207559	-0.608724	0.793362	0.005726
03921		-0.168198	-0.122037	-0.978170	-0.775364	-0.596372	0.207729	-0.608704	0.793377	0.005686
03922		-0.168304	-0.122183	-0.978133	-0.775428	-0.596228	0.207903	-0.608593	0.793463	0.005603
03923		-0.168428	-0.122339	-0.978093	-0.775460	-0.596119	0.208097	-0.608518	0.793521	0.005534
03924		-0.168535	-0.122499	-0.978054	-0.775502	-0.596000	0.208280	-0.608434	0.793586	0.005448
03925		-0.168660	-0.122629	-0.978016	-0.775531	-0.595900	0.208458	-0.608363	0.793641	0.005401
03926		-0.168778	-0.122830	-0.977971	-0.775508	-0.595854	0.208674	-0.608359	0.793644	0.005312
03927		-0.168901	-0.122955	-0.977934	-0.775528	-0.595767	0.208848	-0.608299	0.793690	0.005271
03928		-0.169001	-0.123097	-0.977899	-0.775561	-0.595666	0.209015	-0.608230	0.793744	0.005199
03929		-0.169084	-0.123232	-0.977867	-0.775610	-0.595551	0.209163	-0.608145	0.793810	0.005118
03930		-0.169139	-0.123373	-0.977840	-0.775655	-0.595446	0.209294	-0.608072	0.793866	0.005019
03931		-0.169188	-0.123518	-0.977813	-0.775710	-0.595329	0.209421	-0.607988	0.793931	0.004909
03932		-0.169280	-0.123630	-0.977783	-0.775720	-0.595266	0.209562	-0.607949	0.793961	0.004864
03933		-0.169364	-0.123770	-0.977751	-0.775777	-0.595138	0.209715	-0.607853	0.794035	0.004778
03934		-0.169391	-0.123926	-0.977726	-0.775827	-0.595032	0.209832	-0.607783	0.794090	0.004648
03935		-0.169464	-0.124076	-0.977695	-0.775884	-0.594905	0.209981	-0.607690	0.794162	0.004546
03936		-0.169563	-0.124302	-0.977649	-0.775940	-0.594755	0.210198	-0.607590	0.794239	0.004398
03937		-0.169662	-0.124534	-0.977602	-0.775985	-0.594618	0.210418	-0.607504	0.794305	0.004247
03938		-0.169773	-0.124812	-0.977547	-0.776008	-0.594497	0.210676	-0.607444	0.794352	0.004074
03939		-0.169941	-0.125055	-0.977487	-0.776052	-0.594340	0.210958	-0.607341	0.794431	0.003954
03940		-0.170163	-0.125387	-0.977406	-0.776068	-0.594184	0.211336	-0.607258	0.794495	0.003799
03941		-0.170417	-0.125682	-0.977324	-0.776093	-0.594017	0.211717	-0.607156	0.794574	0.003689
03942		-0.170730	-0.126046	-0.977222	-0.776061	-0.593891	0.212188	-0.607109	0.794611	0.003575
03943		-0.171049	-0.126440	-0.977116	-0.776048	-0.593731	0.212680	-0.607035	0.794667	0.003434
03944		-0.171513	-0.126950	-0.976968	-0.775993	-0.593560	0.213359	-0.606975	0.794714	0.003291
03945		-0.172142	-0.127516	-0.976784	-0.775832	-0.593466	0.214203	-0.607003	0.794693	0.003229
03946		-0.172927	-0.128268	-0.976547	-0.775640	-0.593326	0.215283	-0.607025	0.794677	0.003112
03947		-0.173889	-0.129239	-0.976248	-0.775385	-0.593166	0.216637	-0.607075	0.794639	0.002935
03948		-0.175138	-0.130394	-0.975871	-0.774918	-0.593157	0.218330	-0.607313	0.794457	0.002840
03949		-0.176718	-0.131732	-0.975406	-0.774163	-0.593378	0.220396	-0.607818	0.794071	0.002878
03950		-0.178766	-0.133378	-0.974809	-0.773036	-0.593867	0.223019	-0.608653	0.793431	0.003057
03951		-0.181326	-0.135292	-0.974072	-0.771716	-0.594376	0.226211	-0.609570	0.792725	0.003369
03952		-0.184549	-0.137677	-0.973132	-0.770044	-0.595008	0.230215	-0.610716	0.791840	0.003791
03953		-0.188528	-0.140637	-0.971946	-0.767955	-0.595771	0.235166	-0.612130	0.790746	0.004316
03954		-0.193401	-0.144316	-0.970448	-0.765373	-0.596655	0.241261	-0.613840	0.789415	0.004938
03955		-0.199455	-0.148912	-0.968526	-0.762286	-0.597491	0.248847	-0.615742	0.787927	0.005660
03956		-0.206717	-0.154888	-0.966063	-0.758566	-0.598242	0.258232	-0.617936	0.786204	0.006174
03957		-0.215084	-0.162386	-0.963000	-0.753606	-0.599576	0.269420	-0.621142	0.783670	0.006584
03958		-0.224554	-0.171562	-0.959240	-0.746882	-0.601963	0.282504	-0.625894	0.779877	0.007036
03959		-0.234987	-0.182474	-0.954717	-0.738083	-0.605620	0.297418	-0.632467	0.774550	0.007632
03960		-0.246545	-0.195173	-0.949275	-0.726565	-0.610986	0.314324	-0.641341	0.767205	0.008830
03961		-0.259083	-0.209470	-0.942867	-0.712020	-0.618180	0.332987	-0.652613	0.757612	0.011013
03962		-0.272992	-0.225061	-0.935320	-0.694518	-0.626646	0.353496	-0.665673	0.746098	0.014760
03963		-0.288052	-0.241851	-0.926571	-0.674905	-0.635159	0.375602	-0.679360	0.733540	0.019732
03964		-0.304402	-0.259643	-0.916474	-0.653724	-0.642840	0.399252	-0.692809	0.720654	0.025947
03965		-0.321759	-0.278577	-0.904912	-0.631613	-0.648852	0.424331	-0.705363	0.708086	0.032821
03966		-0.339810	-0.298708	-0.891798	-0.608637	-0.653049	0.450653	-0.717001	0.695917	0.040108
03967		-0.357737	-0.320149	-0.877228	-0.584813	-0.655560	0.477739	-0.728024	0.683919	0.047291
03968		-0.375826	-0.342522	-0.861065	-0.559768	-0.656598	0.505508	-0.738521	0.671980	0.055034
03969		-0.393717	-0.365376	-0.843497	-0.533609	-0.656333	0.533374	-0.748497	0.660096	0.063441
03970		-0.411855	-0.388733	-0.824174	-0.505496	-0.655063	0.561575	-0.758188	0.647904	0.073288
03971		-0.429721	-0.412897	-0.803029	-0.476275	-0.651911	0.590063	-0.767139	0.636025	0.083487
03972		-0.447406	-0.437901	-0.779789	-0.445996	-0.646519	0.618952	-0.775188	0.624705	0.093954
03973		-0.464150	-0.463918	-0.754550	-0.413608	-0.639777	0.647777	-0.783259	0.612753	0.105072
03974		-0.480230	-0.491100	-0.726774	-0.377646	-0.632082	0.676651	-0.791684	0.599411	0.118083
03975		-0.494393	-0.519936	-0.696594	-0.337065	-0.624008	0.704983	-0.801226	0.583336	0.133252
03976		-0.507063	-0.550478	-0.663220	-0.291361	-0.614705	0.732971	-0.811169	0.564899	0.151306
03977		-0.517144	-0.582540	-0.627064	-0.241125	-0.603803	0.759789	-0.821231	0.544122	0.171788
03978		-0.525131	-0.615925	-0.587259	-0.186778	-0.589825	0.785634	-0.830272	0.522248	0.194694
03979		-0.529658	-0.650238	-0.544659	-0.129145	-0.572819	0.809444	-0.838322	0.499068	0.219423
03980		-0.531060	-0.685197	-0.498479	-0.067475	-0.552225	0.830960	-0.844644	0.474924	0.247031
03981		-0.527658	-0.720375	-0.450152	-0.003554	-0.528052	0.849205	-0.849449	0.449690	0.276070
03982		-0.519511	-0.755371	-0.399404	0.061827	-0.499438	0.864141	-0.852224	0.424236	0.306166
03983		-0.506510	-0.789309	-0.347044	0.125950	-0.465906	0.875824	-0.852986	0.399903	0.335399
03984		-0.487920	-0.822012	-0.293651	0.189350	-0.428074	0.883685	-0.852104	0.375565	0.364513
03985		-0.464109	-0.852497	-0.240523	0.251140	-0.387038	0.887204	-0.849430	0.351355	0.393724
03986		-0.434566	-0.880649	-0.188707	0.312190	-0.343826	0.885619	-0.844802	0.325947	0.424345
03987		-0.400579	-0.905572	-0.139557	0.372151	-0.299983	0.878359	-0.837281	0.299916	0.457176
03988		-0.362063	-0.927441	-0.093611	0.430945	-0.255588	0.865425	-0.826557	0.272997	0.492215
03989		-0.320076	-0.945975	-0.051800	0.488585	-0.211666	0.846453	-0.811687	0.245621	0.529938
03990		-0.274679	-0.961429	-0.014345	0.545760	-0.168171	0.820892	-0.791642	0.217653	0.570903
03991		-0.227560	-0.973596	0.018091	0.602608	-0.126206	0.787995	-0.764905	0.190217	0.615416
03992		-0.179262	-0.982726	0.045987	0.659008	-0.085242	0.747290	-0.730461	0.164267	0.662905
03993		-0.133124	-0.988624	0.070010	0.713684	-0.046607	0.698916	-0.687702	0.143008	0.711769
03994		-0.090600	-0.991643	0.091841	0.764407	-0.010134	0.644655	-0.638337	0.128610	0.758937
03995		-0.054041	-0.992269	0.111721	0.808775	0.022122	0.587702	-0.585630	0.122117	0.801327
03996		-0.023402	-0.991306	0.129476	0.845761	0.049423	0.531268	-0.533049	0.121938	0.837252
03997		-0.002289	-0.989567	0.144056	0.874648	0.067850	0.479986	-0.484752	0.127097	0.865368
03998		0.008043	-0.987842	0.155253	0.896839	0.075797	0.435814	-0.442283	0.135732	0.886545
03999		0.003436	-0.986720	0.162397	0.915349	0.068493	0.396792	-0.402646	0.147286	0.903429
04000		-0.015176	-0.986033	0.165855	0.931782	0.046223	0.360065	-0.362702	0.160006	0.918066
04001		-0.048687	-0.984879	0.166260	0.947050	0.007372	0.321001	-0.317373	0.173085	0.932371
04002		-0.093161	-0.981721	0.165964	0.959154	-0.043773	0.279479	-0.267106	0.185221	0.945700
04003		-0.150230	-0.974394	0.167291	0.963973	-0.106797	0.243618	-0.219514	0.197863	0.955334
04004		-0.216304	-0.961102	0.171744	0.958680	-0.175790	0.223673	-0.184782	0.213029	0.959414
04005		-0.287998	-0.941230	0.176477	0.942263	-0.245639	0.227602	-0.170876	0.231836	0.957629
04006		-0.358013	-0.915970	0.181177	0.917028	-0.308408	0.252873	-0.175748	0.256676	0.950384
04007		-0.422486	-0.886179	0.190242	0.886084	-0.359672	0.292390	-0.190685	0.292101	0.937185
04008		-0.472666	-0.856128	0.208883	0.859078	-0.394821	0.325733	-0.196398	0.333410	0.922099
04009		-0.499964	-0.836274	0.225124	0.842884	-0.410150	0.348314	-0.198951	0.363898	0.909943
04010		-0.501563	-0.832446	0.235514	0.839108	-0.401854	0.366621	-0.210550	0.381506	0.900068
04011		-0.482817	-0.840960	0.244284	0.842844	-0.370527	0.390286	-0.237701	0.394330	0.887695
04012		-0.451005	-0.857836	0.246396	0.851930	-0.331456	0.405404	-0.266101	0.392751	0.880305
04013		-0.414363	-0.877936	0.239857	0.864361	-0.297113	0.405715	-0.284927	0.375436	0.881966
04014		-0.375363	-0.898655	0.226983	0.880780	-0.269564	0.389310	-0.288669	0.346054	0.892702
04015		-0.332690	-0.918816	0.212353	0.900905	-0.243110	0.359539	-0.278725	0.310925	0.908646
04016		-0.287231	-0.937661	0.195682	0.918074	-0.211226	0.335446	-0.273201	0.276001	0.921512
04017		-0.239925	-0.954392	0.177684	0.930319	-0.173741	0.322987	-0.277385	0.242795	0.929574
04018		-0.192403	-0.968518	0.157968	0.938745	-0.134756	0.317173	-0.285901	0.209316	0.935119
04019		-0.145678	-0.979632	0.138202	0.944159	-0.095933	0.315216	-0.295538	0.176405	0.938903
04020		-0.103332	-0.987506	0.118974	0.946915	-0.061058	0.315632	-0.304424	0.145273	0.941393
04021		-0.065066	-0.992816	0.100408	0.947965	-0.030072	0.316952	-0.311655	0.115806	0.943112
04022		-0.031293	-0.996077	0.082778	0.948150	-0.003377	0.317804	-0.316278	0.088431	0.944536
04023		-0.000407	-0.997737	0.067234	0.947795	0.021055	0.318183	-0.318879	0.063854	0.945642
04024		0.027028	-0.998124	0.054936	0.946297	0.043258	0.320391	-0.322166	0.043326	0.945691
04025		0.051491	-0.997582	0.046671	0.943481	0.063913	0.325205	-0.327402	0.027289	0.944491
04026		0.072278	-0.996505	0.041870	0.939876	0.082099	0.331502	-0.333781	0.015392	0.942525
04027		0.089843	-0.995161	0.039779	0.936844	0.097998	0.335737	-0.338011	0.007103	0.941115
04028		0.103380	-0.993837	0.040002	0.934376	0.110824	0.338614	-0.340960	0.002371	0.940075
04029		0.111901	-0.992815	0.042387	0.932157	0.119653	0.341711	-0.344327	0.001274	0.938849
04030		0.115601	-0.992276	0.044989	0.931933	0.124021	0.340765	-0.343712	0.002534	0.939072
04031		0.113351	-0.992496	0.045853	0.935790	0.122154	0.330720	-0.333840	0.005422	0.942614
04032		0.104133	-0.993590	0.044002	0.945002	0.112639	0.307057	-0.310045	0.009607	0.950673
04033		0.084246	-0.995653	0.039733	0.959438	0.091818	0.266548	-0.269037	0.015666	0.963002
04034		0.053128	-0.997994	0.034425	0.976097	0.059176	0.209125	-0.210742	0.022492	0.977283
04035		0.008440	-0.999503	0.030382	0.989432	0.012746	0.144436	-0.144752	0.028841	0.989048
04036		-0.047800	-0.998387	0.030648	0.995261	-0.045004	0.086201	-0.084683	0.034623	0.995806
04037		-0.115702	-0.992690	0.034347	0.992302	-0.113981	0.048422	-0.044154	0.039685	0.998236
04038		-0.193841	-0.980007	0.044856	0.980626	-0.192240	0.037650	-0.028274	0.051285	0.998284
04039		-0.282134	-0.957510	0.059794	0.958938	-0.279577	0.047689	-0.028946	0.070794	0.997071
04040		-0.373319	-0.924359	0.078703	0.926917	-0.368164	0.072668	-0.038196	0.100079	0.994246
04041		-0.455410	-0.885016	0.096684	0.887546	-0.442820	0.127171	-0.069734	0.143727	0.987157
04042		-0.510360	-0.854060	0.100567	0.854174	-0.489902	0.174309	-0.099602	0.174862	0.979542
04043		-0.544234	-0.825991	0.146791	0.829719	-0.504090	0.239709	-0.124001	0.252253	0.959683
04044		-0.539772	-0.824854	0.168114	0.823773	-0.476445	0.307243	-0.173334	0.304329	0.936664
04045		-0.511036	-0.841527	0.175139	0.828547	-0.428027	0.360975	-0.228806	0.329582	0.915982
04046		-0.471058	-0.864341	0.176123	0.838453	-0.376703	0.393815	-0.274044	0.333181	0.902159
04047		-0.423809	-0.889319	0.171751	0.856161	-0.331453	0.396393	-0.295592	0.315041	0.901873
04048		-0.378102	-0.911007	0.164635	0.872539	-0.291253	0.392233	-0.309376	0.291955	0.905013
04049		-0.334565	-0.929168	0.157203	0.888401	-0.255340	0.381504	-0.314341	0.267298	0.910901
04050		-0.294463	-0.943637	0.151133	0.900510	-0.221030	0.374470	-0.319958	0.246364	0.914839
04051		-0.257490	-0.954844	0.148227	0.903952	-0.183828	0.386107	-0.341423	0.233409	0.910467
04052		-0.226926	-0.962467	0.148870	0.896741	-0.146856	0.417479	-0.379947	0.228235	0.896409
04053		-0.203387	-0.966940	0.153823	0.880697	-0.112031	0.460241	-0.427792	0.229078	0.874367
04054		-0.189919	-0.968417	0.161551	0.859607	-0.084517	0.503918	-0.474349	0.234574	0.848509
04055		-0.185296	-0.967778	0.170501	0.836449	-0.064264	0.544264	-0.515769	0.243465	0.821405
04056		-0.190919	-0.965221	0.178600	0.811244	-0.052711	0.582327	-0.552660	0.256065	0.793093
04057		-0.204124	-0.961002	0.186573	0.784540	-0.046598	0.618325	-0.585518	0.272589	0.763456
04058		-0.226466	-0.954240	0.195292	0.756164	-0.045862	0.652773	-0.613946	0.295504	0.731948
04059		-0.256921	-0.944056	0.206759	0.726048	-0.047346	0.686012	-0.637845	0.326368	0.697594
04060		-0.296881	-0.929373	0.219380	0.693604	-0.051968	0.718480	-0.656335	0.365466	0.660045
04061		-0.343089	-0.910121	0.232314	0.658868	-0.056906	0.750103	-0.669465	0.410416	0.619174
04062		-0.394500	-0.886143	0.243149	0.620956	-0.062037	0.781386	-0.677335	0.459241	0.574730
04063		-0.445389	-0.859515	0.250726	0.578762	-0.062726	0.813080	-0.683127	0.507247	0.525392
04064		-0.493186	-0.832400	0.252739	0.530978	-0.057910	0.845405	-0.689079	0.551141	0.470546
04065		-0.534939	-0.806807	0.250803	0.478468	-0.044625	0.876970	-0.696354	0.589127	0.409903
04066		-0.572237	-0.782345	0.245928	0.423583	-0.025182	0.905507	-0.702226	0.622336	0.345798
04067		-0.604283	-0.759888	0.239608	0.372487	-0.003585	0.928030	-0.704340	0.650044	0.285215
04068		-0.632623	-0.738942	0.231845	0.328509	0.015059	0.944381	-0.701334	0.673600	0.233222
04069		-0.658745	-0.718618	0.222810	0.295214	0.025512	0.955090	-0.692029	0.694937	0.195341
04070		-0.684709	-0.697419	0.211614	0.271109	0.025788	0.962203	-0.676516	0.716200	0.171419
04071		-0.709288	-0.676663	0.197581	0.252020	0.018347	0.967548	-0.658329	0.736064	0.157520
04072		-0.732489	-0.656480	0.180258	0.232292	0.007875	0.972614	-0.639922	0.754302	0.146726
04073		-0.753322	-0.637753	0.160553	0.209367	-0.001138	0.977837	-0.623435	0.770240	0.134382
04074		-0.772629	-0.619726	0.137786	0.180457	-0.006302	0.983563	-0.608671	0.784793	0.116703
04075		-0.789908	-0.602923	0.111939	0.144507	-0.005614	0.989488	-0.595956	0.797780	0.091561
04076		-0.806064	-0.586066	0.082385	0.100897	0.001084	0.994896	-0.583164	0.810263	0.058259
04077		-0.821145	-0.568575	0.049429	0.050145	0.014396	0.998638	-0.568512	0.822505	0.016690
04078		-0.835730	-0.549002	0.012358	-0.007358	0.033698	0.999405	-0.549091	0.835142	-0.032201
04079		-0.849396	-0.526934	-0.029429	-0.070108	0.057391	0.995887	-0.523078	0.847966	-0.085690
04080		-0.861197	-0.502501	-0.076371	-0.136211	0.083411	0.987162	-0.489679	0.860544	-0.140279
04081		-0.869483	-0.477454	-0.126636	-0.204222	0.114032	0.972260	-0.449768	0.871226	-0.196656
04082		-0.873818	-0.452313	-0.178480	-0.270758	0.147718	0.951246	-0.403897	0.879541	-0.251546
04083		-0.873491	-0.428889	-0.230363	-0.333123	0.181481	0.925253	-0.355025	0.884940	-0.301395
04084		-0.868890	-0.406532	-0.282423	-0.391293	0.214628	0.894888	-0.303185	0.888069	-0.345562
04085		-0.860264	-0.385933	-0.333169	-0.443755	0.244993	0.862009	-0.251054	0.889401	-0.382018
04086		-0.848582	-0.367048	-0.381032	-0.490093	0.274058	0.827467	-0.199295	0.888914	-0.412448
04087		-0.834430	-0.349850	-0.425831	-0.530320	0.299467	0.793146	-0.149960	0.887651	-0.435416
04088		-0.818142	-0.333532	-0.468401	-0.565268	0.317158	0.761500	-0.105428	0.887788	-0.448015
04089		-0.799890	-0.319366	-0.508116	-0.596352	0.327899	0.732698	-0.067388	0.889093	-0.452738
04090		-0.780511	-0.308504	-0.543716	-0.624197	0.336794	0.704945	-0.034358	0.889604	-0.455439
04091		-0.760628	-0.302495	-0.574406	-0.649165	0.346874	0.676952	-0.005528	0.887792	-0.460211
04092		-0.741508	-0.301412	-0.599430	-0.670621	0.360670	0.648216	0.020816	0.882648	-0.469573
04093		-0.723797	-0.305853	-0.618524	-0.688425	0.380872	0.617258	0.046789	0.872577	-0.486231
04094		-0.707551	-0.314839	-0.632652	-0.703023	0.404362	0.585022	0.071632	0.858701	-0.507446
04095		-0.693476	-0.327138	-0.641928	-0.714328	0.428368	0.553386	0.093948	0.842307	-0.530747
04096		-0.681754	-0.341750	-0.646852	-0.723302	0.447517	0.525893	0.109753	0.826399	-0.552285
04097		-0.671293	-0.356820	-0.649650	-0.732090	0.456139	0.505946	0.115799	0.815240	-0.567428
04098		-0.661464	-0.372330	-0.651027	-0.741649	0.453743	0.494038	0.111454	0.809622	-0.576273
04099		-0.652063	-0.388729	-0.650925	-0.751355	0.446138	0.486237	0.101388	0.806133	-0.582983
04100		-0.643619	-0.407336	-0.647944	-0.760073	0.439394	0.478771	0.089682	0.800631	-0.592407
04101		-0.636879	-0.427945	-0.641286	-0.766865	0.437296	0.469777	0.079393	0.790971	-0.606681
04102		-0.631681	-0.451288	-0.630331	-0.772110	0.439094	0.459393	0.069456	0.776875	-0.625812
04103		-0.627410	-0.476015	-0.616252	-0.776519	0.441512	0.449540	0.058094	0.760577	-0.646643
04104		-0.622857	-0.502433	-0.599676	-0.781257	0.439704	0.443055	0.041074	0.744461	-0.666402
04105		-0.617866	-0.530027	-0.580786	-0.786068	0.433671	0.440485	0.018401	0.728698	-0.684588
04106		-0.612020	-0.559253	-0.559166	-0.790753	0.422156	0.443276	-0.011848	0.713456	-0.700600
04107		-0.605868	-0.589587	-0.534146	-0.794097	0.407394	0.451044	-0.048323	0.697436	-0.715016
04108		-0.599488	-0.621643	-0.504156	-0.795304	0.391807	0.462578	-0.090027	0.678268	-0.729279
04109		-0.593892	-0.654267	-0.468217	-0.793207	0.378799	0.476795	-0.134591	0.654558	-0.743935
04110		-0.588958	-0.687872	-0.424216	-0.787510	0.370571	0.492449	-0.181540	0.624106	-0.759957
04111		-0.585765	-0.719637	-0.372829	-0.777704	0.369577	0.508517	-0.228159	0.587822	-0.776150
04112		-0.584217	-0.749084	-0.312353	-0.763122	0.375994	0.525617	-0.276289	0.545438	-0.791304
04113		-0.585153	-0.773662	-0.242988	-0.742145	0.390151	0.544980	-0.326828	0.499229	-0.802467
04114		-0.585804	-0.793855	-0.163181	-0.711969	0.407883	0.571604	-0.387213	0.451028	-0.804140
04115		-0.585792	-0.807285	-0.071684	-0.668982	0.431708	0.605054	-0.457505	0.402391	-0.792951
04116		-0.581386	-0.812946	0.033318	-0.611357	0.463505	0.641409	-0.536874	0.352537	-0.766475
04117		-0.571245	-0.806780	0.150949	-0.541142	0.508476	0.669789	-0.617126	0.300929	-0.727047
04118		-0.550282	-0.786667	0.279901	-0.466290	0.567600	0.678530	-0.692649	0.242868	-0.679156
04119		-0.517634	-0.749411	0.412842	-0.392112	0.636645	0.664026	-0.760463	0.181842	-0.623402
04120		-0.470708	-0.694932	0.543602	-0.321354	0.708843	0.627912	-0.821684	0.120875	-0.556978
04121		-0.411507	-0.624194	0.664111	-0.252766	0.778244	0.574844	-0.875655	0.068688	-0.478028
04122		-0.341510	-0.540763	0.768731	-0.190627	0.840757	0.506743	-0.920344	0.026518	-0.390211
04123		-0.266322	-0.448820	0.853014	-0.134816	0.893622	0.428094	-0.954409	-0.000989	-0.298499
04124		-0.192463	-0.355504	0.914645	-0.081012	0.934645	0.346231	-0.977955	-0.007461	-0.208685
04125		-0.121353	-0.267115	0.955993	-0.036337	0.963661	0.264645	-0.991944	-0.002622	-0.126650
04126		-0.051685	-0.187139	0.980973	-0.005210	0.982323	0.187122	-0.998650	0.004561	-0.051747
04127		0.016473	-0.118692	0.992794	0.010319	0.992897	0.118533	-0.999811	0.008292	0.017581
04128		0.076417	-0.063062	0.995080	0.016213	0.997945	0.061999	-0.996944	0.011395	0.077283
04129		0.125928	-0.020358	0.991830	0.015083	0.999713	0.018605	-0.991925	0.012617	0.126199
04130		0.164228	0.007537	0.986394	0.003947	0.999958	-0.008298	-0.986414	0.005256	0.164192
04131		0.190779	0.021387	0.981400	-0.012529	0.999734	-0.019351	-0.981553	-0.008604	0.190997
04132		0.206299	0.021353	0.978256	-0.030311	0.999422	-0.015423	-0.978019	-0.026470	0.206827
04133		0.213709	0.008340	0.976862	-0.045405	0.998968	0.001405	-0.975842	-0.044654	0.213867
04134		0.215327	-0.016943	0.976395	-0.053957	0.998116	0.029219	-0.975050	-0.058975	0.214008
04135		0.212032	-0.053311	0.975808	-0.054139	0.996337	0.066196	-0.975762	-0.066865	0.208369
04136		0.203986	-0.099400	0.973914	-0.047726	0.992639	0.111307	-0.977810	-0.069186	0.197741
04137		0.191387	-0.152846	0.969541	-0.038880	0.985845	0.163091	-0.980744	-0.068909	0.182735
04138		0.174867	-0.211634	0.961578	-0.031924	0.974894	0.220370	-0.984074	-0.069233	0.163720
04139		0.155645	-0.273656	0.949151	-0.030636	0.959061	0.281537	-0.987338	-0.072898	0.140889
04140		0.134563	-0.336151	0.932146	-0.038341	0.938230	0.343880	-0.990163	-0.082013	0.113362
04141		0.112593	-0.396446	0.911128	-0.055669	0.913001	0.404141	-0.992081	-0.096225	0.080728
04142		0.089406	-0.453209	0.886909	-0.077048	0.884660	0.459826	-0.993011	-0.109446	0.044175
04143		0.064693	-0.505890	0.860169	-0.095933	0.854829	0.509965	-0.993283	-0.115510	0.006769
04144		0.038005	-0.554065	0.831606	-0.108617	0.824986	0.554618	-0.993357	-0.111405	-0.028827
04145		0.009925	-0.597222	0.802015	-0.115918	0.795960	0.594148	-0.993209	-0.098865	-0.061329
04146		-0.019447	-0.635946	0.771489	-0.120355	0.767512	0.629634	-0.992540	-0.080608	-0.091465
04147		-0.048859	-0.670611	0.740198	-0.126882	0.739246	0.661374	-0.990714	-0.061604	-0.121207
04148		-0.077799	-0.702139	0.707777	-0.138914	0.710638	0.689708	-0.987244	-0.044662	-0.152824
04149		-0.104623	-0.731178	0.674116	-0.156668	0.681490	0.714861	-0.982094	-0.030821	-0.185852
04150		-0.128569	-0.758799	0.638509	-0.176287	0.651085	0.738248	-0.975906	-0.017645	-0.217476
04151		-0.149341	-0.785341	0.600780	-0.194060	0.619056	0.760993	-0.969556	-0.002940	-0.244854
04152		-0.168616	-0.810666	0.560704	-0.207301	0.585292	0.783875	-0.963636	0.015939	-0.266741
04153		-0.185567	-0.833995	0.519632	-0.217607	0.550565	0.805932	-0.958234	0.036479	-0.283650
04154		-0.201344	-0.855267	0.477472	-0.226789	0.514913	0.826699	-0.952905	0.058165	-0.297640
04155		-0.215634	-0.874188	0.435084	-0.238385	0.479212	0.844706	-0.946929	0.078430	-0.311728
04156		-0.228430	-0.890484	0.393519	-0.256884	0.445012	0.857890	-0.939058	0.094879	-0.330405
04157		-0.238800	-0.904339	0.353758	-0.282982	0.413294	0.865511	-0.928922	0.106577	-0.354606
04158		-0.247618	-0.916161	0.315173	-0.311043	0.383256	0.869694	-0.917571	0.117320	-0.379867
04159		-0.255552	-0.926164	0.277334	-0.334599	0.353859	0.873400	-0.907048	0.130403	-0.400323
04160		-0.264175	-0.934122	0.240057	-0.349222	0.324654	0.879002	-0.899030	0.148377	-0.411981
04161		-0.272326	-0.940428	0.203552	-0.353400	0.294519	0.887900	-0.894957	0.169863	-0.412552
04162		-0.279693	-0.945412	0.167237	-0.349682	0.262536	0.899332	-0.894144	0.193057	-0.404023
04163		-0.285474	-0.949245	0.132053	-0.342715	0.229787	0.910903	-0.895014	0.214783	-0.390919
04164		-0.290429	-0.951808	0.098554	-0.336937	0.198118	0.920447	-0.895614	0.234118	-0.378239
