// Start Time: Unknown
// Update Rate: 100.0Hz
// Filter Profile: human (46.1)
// Option Flags: AHS Disabled ICC Disabled 
// Firmware Version: 4.0.2
PacketCounter	SampleTimeFine	Mat[1][1]	Mat[2][1]	Mat[3][1]	Mat[1][2]	Mat[2][2]	Mat[3][2]	Mat[1][3]	Mat[2][3]	Mat[3][3]
06814		0.019105	0.118784	-0.992736	-0.978994	-0.199367	-0.042696	-0.202991	0.972699	0.112480
06815		0.019323	0.118786	-0.992732	-0.979037	-0.199118	-0.042882	-0.202764	0.972750	0.112448
06816		0.019514	0.118750	-0.992732	-0.979091	-0.198820	-0.043028	-0.202485	0.972815	0.112387
06817		0.019718	0.118666	-0.992738	-0.979131	-0.198587	-0.043186	-0.202270	0.972873	0.112274
06818		0.019896	0.118604	-0.992742	-0.979171	-0.198362	-0.043323	-0.202061	0.972926	0.112187
06819		0.020111	0.118544	-0.992745	-0.979204	-0.198162	-0.043499	-0.201881	0.972974	0.112093
06820		0.020303	0.118516	-0.992745	-0.979250	-0.197900	-0.043653	-0.201638	0.973031	0.112039
06821		0.020534	0.118469	-0.992745	-0.979310	-0.197564	-0.043832	-0.201323	0.973105	0.111961
06822		0.020793	0.118436	-0.992744	-0.979381	-0.197162	-0.044035	-0.200947	0.973191	0.111895
06823		0.021117	0.118445	-0.992736	-0.979460	-0.196710	-0.044305	-0.200529	0.973281	0.111858
06824		0.021433	0.118416	-0.992733	-0.979554	-0.196186	-0.044550	-0.200036	0.973390	0.111790
06825		0.021743	0.118372	-0.992731	-0.979649	-0.195660	-0.044786	-0.199539	0.973501	0.111709
06826		0.022103	0.118364	-0.992724	-0.979741	-0.195131	-0.045080	-0.199047	0.973609	0.111653
06827		0.022414	0.118306	-0.992724	-0.979821	-0.194671	-0.045323	-0.198616	0.973708	0.111555
06828		0.022728	0.118251	-0.992724	-0.979895	-0.194237	-0.045571	-0.198213	0.973801	0.111459
06829		0.023035	0.118138	-0.992730	-0.979949	-0.193909	-0.045814	-0.197911	0.973880	0.111302
06830		0.023353	0.118079	-0.992730	-0.979993	-0.193622	-0.046083	-0.197656	0.973945	0.111195
06831		0.023621	0.118018	-0.992730	-0.980049	-0.193288	-0.046298	-0.197347	0.974018	0.111098
06832		0.023945	0.118028	-0.992722	-0.980114	-0.192891	-0.046574	-0.196984	0.974096	0.111062
06833		0.024254	0.118022	-0.992715	-0.980197	-0.192407	-0.046823	-0.196531	0.974192	0.111018
06834		0.024563	0.118066	-0.992702	-0.980304	-0.191804	-0.047069	-0.195961	0.974306	0.111029
06835		0.024933	0.118058	-0.992694	-0.980389	-0.191293	-0.047374	-0.195488	0.974407	0.110974
06836		0.025418	0.118178	-0.992667	-0.980476	-0.190736	-0.047813	-0.194988	0.974502	0.111022
06837		0.026125	0.118473	-0.992614	-0.980631	-0.189777	-0.048460	-0.194117	0.974653	0.111220
06838		0.026999	0.119000	-0.992527	-0.980897	-0.188192	-0.049246	-0.192646	0.974896	0.111646
06839		0.027923	0.119648	-0.992424	-0.981228	-0.186241	-0.050062	-0.190819	0.975192	0.112202
06840		0.028950	0.120440	-0.992298	-0.981583	-0.184108	-0.050983	-0.188831	0.975499	0.112892
06841		0.030069	0.121455	-0.992141	-0.981950	-0.181847	-0.052021	-0.186736	0.975797	0.113795
06842		0.031331	0.122645	-0.991956	-0.982343	-0.179363	-0.053203	-0.184445	0.976108	0.114860
06843		0.032665	0.123987	-0.991746	-0.982729	-0.176851	-0.054478	-0.182146	0.976397	0.116069
06844		0.034203	0.125445	-0.991511	-0.983069	-0.174475	-0.055986	-0.180017	0.976638	0.117354
06845		0.035993	0.127050	-0.991243	-0.983359	-0.172236	-0.057783	-0.178070	0.976828	0.118737
06846		0.037982	0.128807	-0.990942	-0.983634	-0.169966	-0.059795	-0.176128	0.976996	0.120244
06847		0.040042	0.130722	-0.990610	-0.983919	-0.167554	-0.061882	-0.174070	0.977158	0.121911
06848		0.042164	0.132767	-0.990250	-0.984220	-0.164958	-0.064024	-0.171850	0.977324	0.123717
06849		0.044374	0.134908	-0.989864	-0.984532	-0.162202	-0.066242	-0.169495	0.977492	0.125623
06850		0.046723	0.137079	-0.989458	-0.984861	-0.159213	-0.068563	-0.166933	0.977681	0.127565
06851		0.049129	0.139254	-0.989037	-0.985133	-0.156449	-0.070963	-0.164616	0.977820	0.129497
06852		0.051688	0.141551	-0.988581	-0.985391	-0.153624	-0.073518	-0.162276	0.977938	0.131543
06853		0.054277	0.143879	-0.988106	-0.985663	-0.150602	-0.076072	-0.159756	0.978069	0.133642
06854		0.056895	0.146248	-0.987610	-0.985916	-0.147589	-0.078653	-0.157263	0.978176	0.135791
06855		0.059528	0.148636	-0.987099	-0.986166	-0.144494	-0.081230	-0.154704	0.978278	0.137978
06856		0.062157	0.151067	-0.986567	-0.986423	-0.141250	-0.083776	-0.152009	0.978380	0.140237
06857		0.064777	0.153662	-0.985998	-0.986712	-0.137675	-0.086280	-0.149005	0.978485	0.142702
06858		0.067408	0.156363	-0.985397	-0.987041	-0.133704	-0.088736	-0.145626	0.978608	0.145324
06859		0.070057	0.159098	-0.984774	-0.987356	-0.129664	-0.091189	-0.142198	0.978711	0.148003
06860		0.072841	0.162015	-0.984096	-0.987660	-0.125448	-0.093758	-0.138643	0.978782	0.150878
06861		0.075633	0.165157	-0.983363	-0.987992	-0.120839	-0.096284	-0.134730	0.978837	0.154034
06862		0.078416	0.168540	-0.982571	-0.988350	-0.115818	-0.098744	-0.130442	0.978867	0.157495
06863		0.081118	0.172045	-0.981743	-0.988688	-0.110785	-0.101106	-0.126158	0.978840	0.161113
06864		0.083754	0.175623	-0.980888	-0.988977	-0.105966	-0.103417	-0.122104	0.978738	0.164812
06865		0.086398	0.179289	-0.979995	-0.989186	-0.101585	-0.105794	-0.118521	0.978538	0.168573
06866		0.089044	0.182991	-0.979074	-0.989361	-0.097287	-0.108163	-0.115044	0.978289	0.172382
06867		0.091645	0.186759	-0.978122	-0.989511	-0.093065	-0.110481	-0.111662	0.977988	0.176271
06868		0.094321	0.190536	-0.977138	-0.989611	-0.089028	-0.112885	-0.108502	0.977635	0.180159
06869		0.096994	0.194224	-0.976150	-0.989682	-0.085099	-0.115271	-0.105457	0.977259	0.183966
06870		0.099600	0.197778	-0.975174	-0.989710	-0.081492	-0.117612	-0.102730	0.976854	0.187627
06871		0.102223	0.201145	-0.974213	-0.989715	-0.077958	-0.119946	-0.100075	0.976454	0.191107
06872		0.104857	0.204420	-0.973251	-0.989746	-0.073999	-0.122177	-0.096995	0.976082	0.194565
06873		0.107501	0.207602	-0.972289	-0.989801	-0.069601	-0.124298	-0.093477	0.975734	0.198003
06874		0.110092	0.210600	-0.971353	-0.989875	-0.064865	-0.126255	-0.089596	0.975418	0.201327
06875		0.112516	0.213334	-0.970479	-0.989943	-0.060215	-0.128009	-0.085746	0.975122	0.204413
06876		0.114863	0.215888	-0.969638	-0.989981	-0.055818	-0.129701	-0.082124	0.974821	0.207314
06877		0.117191	0.218361	-0.968806	-0.990013	-0.051288	-0.131316	-0.078362	0.974519	0.210169
06878		0.119579	0.220841	-0.967951	-0.990043	-0.046409	-0.132897	-0.074271	0.974205	0.213093
06879		0.121954	0.223250	-0.967102	-0.990069	-0.041287	-0.134381	-0.069930	0.973887	0.215998
06880		0.124294	0.225495	-0.966283	-0.990085	-0.036050	-0.135768	-0.065449	0.973577	0.218778
06881		0.126616	0.227576	-0.965493	-0.990068	-0.030965	-0.137138	-0.061106	0.973268	0.221395
06882		0.129073	0.229536	-0.964704	-0.990001	-0.025997	-0.138643	-0.056903	0.972953	0.223885
06883		0.131660	0.231363	-0.963917	-0.989882	-0.021215	-0.140299	-0.052910	0.972636	0.226229
06884		0.134287	0.233033	-0.963152	-0.989729	-0.016541	-0.141994	-0.049021	0.972328	0.228419
06885		0.137045	0.234503	-0.962407	-0.989526	-0.012078	-0.143850	-0.045357	0.972040	0.230391
06886		0.140046	0.235722	-0.961677	-0.989265	-0.007634	-0.145935	-0.041742	0.971790	0.232123
06887		0.143232	0.236824	-0.960936	-0.988966	-0.002853	-0.148114	-0.037818	0.971548	0.233802
06888		0.146686	0.237867	-0.960157	-0.988616	0.002385	-0.150443	-0.033495	0.971295	0.235509
06889		0.150368	0.238975	-0.959312	-0.988217	0.008289	-0.152834	-0.028572	0.970990	0.237406
06890		0.154275	0.240108	-0.958409	-0.987757	0.014756	-0.155302	-0.023147	0.970634	0.239445
06891		0.158368	0.241346	-0.957430	-0.987230	0.021776	-0.157809	-0.017238	0.970195	0.241713
06892		0.162701	0.242720	-0.956355	-0.986618	0.029582	-0.160342	-0.010627	0.969645	0.244285
06893		0.167182	0.244184	-0.955209	-0.985920	0.038033	-0.162834	-0.003432	0.968983	0.247104
06894		0.171860	0.245695	-0.953991	-0.985113	0.046878	-0.165393	0.004085	0.968213	0.250093
06895		0.176611	0.247225	-0.952727	-0.984211	0.055887	-0.167946	0.011725	0.967345	0.253191
06896		0.181369	0.248815	-0.951418	-0.983220	0.065167	-0.170389	0.019606	0.966356	0.256459
06897		0.186104	0.250354	-0.950099	-0.982147	0.074414	-0.172774	0.027446	0.965290	0.259733
06898		0.190804	0.251767	-0.948793	-0.980997	0.083550	-0.175110	0.035185	0.964175	0.262924
06899		0.195267	0.253004	-0.947555	-0.979820	0.092387	-0.177248	0.042697	0.963044	0.265939
06900		0.199660	0.254096	-0.946346	-0.978600	0.100764	-0.179410	0.049770	0.961916	0.268777
06901		0.203867	0.255227	-0.945144	-0.977365	0.108811	-0.181434	0.056535	0.960739	0.271633
06902		0.208042	0.256369	-0.943924	-0.976080	0.116700	-0.183434	0.063130	0.959508	0.274516
06903		0.212150	0.257442	-0.942717	-0.974747	0.124567	-0.185341	0.069716	0.958231	0.277368
06904		0.216275	0.258456	-0.941502	-0.973360	0.132273	-0.187283	0.076131	0.956924	0.280178
06905		0.220411	0.259322	-0.940304	-0.971923	0.139792	-0.189270	0.082365	0.955620	0.282853
06906		0.224638	0.260134	-0.939078	-0.970415	0.147244	-0.191346	0.088498	0.954280	0.285514
06907		0.228788	0.260905	-0.937862	-0.968871	0.154630	-0.193336	0.094579	0.952900	0.288161
06908		0.232818	0.261663	-0.936658	-0.967286	0.162097	-0.195148	0.100767	0.951450	0.290842
06909		0.236623	0.262234	-0.935544	-0.965694	0.169492	-0.196740	0.106975	0.950003	0.293343
06910		0.240429	0.262540	-0.934487	-0.964084	0.176520	-0.198451	0.112855	0.948638	0.295551
06911		0.244229	0.262556	-0.933497	-0.962467	0.183127	-0.200302	0.118358	0.947380	0.297426
06912		0.248105	0.262353	-0.932531	-0.960817	0.189458	-0.202329	0.123594	0.946190	0.299079
06913		0.251885	0.262034	-0.931607	-0.959143	0.195753	-0.204270	0.128839	0.944997	0.300635
06914		0.255645	0.261665	-0.930686	-0.957430	0.202018	-0.206194	0.134061	0.943780	0.302171
06915		0.259112	0.261177	-0.929864	-0.955745	0.208218	-0.207840	0.139331	0.942567	0.303570
06916		0.262382	0.260740	-0.929070	-0.954114	0.214077	-0.209375	0.144300	0.941374	0.304946
06917		0.265298	0.260125	-0.928414	-0.952560	0.219674	-0.210648	0.149154	0.940254	0.306064
06918		0.268150	0.259467	-0.927778	-0.951034	0.224961	-0.211958	0.153717	0.939186	0.307086
06919		0.270765	0.258712	-0.927229	-0.949589	0.229883	-0.213153	0.158009	0.938201	0.307914
06920		0.273459	0.257796	-0.926694	-0.948156	0.234427	-0.214577	0.161924	0.937329	0.308537
06921		0.276066	0.256703	-0.926224	-0.946762	0.238682	-0.216037	0.165616	0.936555	0.308928
06922		0.278743	0.255498	-0.925755	-0.945368	0.242694	-0.217667	0.169062	0.935853	0.309189
06923		0.281364	0.254179	-0.925326	-0.943961	0.246701	-0.219264	0.172547	0.935164	0.309348
06924		0.283996	0.252802	-0.924899	-0.942514	0.250771	-0.220862	0.176104	0.934454	0.309487
06925		0.286527	0.251387	-0.924503	-0.941073	0.254815	-0.222375	0.179676	0.933742	0.309585
06926		0.289219	0.250030	-0.924033	-0.939581	0.258819	-0.224053	0.183137	0.933005	0.309779
06927		0.291813	0.248657	-0.923588	-0.938061	0.262969	-0.225586	0.186781	0.932211	0.309993
06928		0.294514	0.247312	-0.923092	-0.936455	0.267299	-0.227163	0.190562	0.931337	0.310320
06929		0.297055	0.245977	-0.922634	-0.934837	0.271759	-0.228532	0.194521	0.930399	0.310676
06930		0.299673	0.244760	-0.922111	-0.933176	0.276239	-0.229945	0.198442	0.929400	0.311185
06931		0.302181	0.243622	-0.921594	-0.931486	0.280878	-0.231174	0.202536	0.928308	0.311807
06932		0.304691	0.242455	-0.921075	-0.929758	0.285555	-0.232396	0.206672	0.927186	0.312430
06933		0.306982	0.241239	-0.920633	-0.928069	0.290173	-0.233425	0.210832	0.926069	0.312964
06934		0.309343	0.239948	-0.920180	-0.926394	0.294521	-0.234632	0.214713	0.925031	0.313395
06935		0.311644	0.238584	-0.919758	-0.924751	0.298673	-0.235861	0.218435	0.924052	0.313710
06936		0.314128	0.237279	-0.919251	-0.923027	0.302886	-0.237237	0.222137	0.923016	0.314160
06937		0.316539	0.235951	-0.918766	-0.921266	0.307223	-0.238502	0.225992	0.921922	0.314622
06938		0.319022	0.234643	-0.918242	-0.919382	0.311883	-0.239721	0.230135	0.920691	0.315224
06939		0.321415	0.233366	-0.917732	-0.917427	0.316810	-0.240748	0.234564	0.919332	0.315923
06940		0.323967	0.232206	-0.917129	-0.915312	0.322103	-0.241773	0.239269	0.917785	0.316892
06941		0.326352	0.231036	-0.916579	-0.913119	0.327722	-0.242514	0.244354	0.916090	0.317915
06942		0.328979	0.229909	-0.915923	-0.910852	0.333244	-0.243509	0.249241	0.914380	0.319044
06943		0.331636	0.228800	-0.915242	-0.908517	0.338852	-0.244490	0.254192	0.912595	0.320244
06944		0.334507	0.227704	-0.914470	-0.906032	0.344652	-0.245602	0.259249	0.910695	0.321596
06945		0.337338	0.226579	-0.913710	-0.903444	0.350694	-0.246584	0.264562	0.908667	0.323004
06946		0.340326	0.225480	-0.912873	-0.900779	0.356703	-0.247711	0.269771	0.906599	0.324503
06947		0.343221	0.224293	-0.912081	-0.898113	0.362625	-0.248790	0.274941	0.904542	0.325901
06948		0.346304	0.223219	-0.911179	-0.895269	0.368841	-0.249899	0.280298	0.902292	0.327572
06949		0.349350	0.222081	-0.910294	-0.892382	0.375054	-0.250976	0.285672	0.900008	0.329206
06950		0.352565	0.220937	-0.909332	-0.889361	0.381382	-0.252159	0.291092	0.897627	0.330955
06951		0.355780	0.219833	-0.908347	-0.886331	0.387593	-0.253354	0.296373	0.895235	0.332743
06952		0.359227	0.218846	-0.907228	-0.883134	0.393993	-0.254646	0.301713	0.892679	0.334803
06953		0.362538	0.217855	-0.906149	-0.879887	0.400491	-0.255746	0.307188	0.890026	0.336881
06954		0.365993	0.216948	-0.904977	-0.876523	0.407077	-0.256898	0.312662	0.887255	0.339147
06955		0.369332	0.215987	-0.903849	-0.873173	0.413543	-0.257975	0.318061	0.884495	0.341329
06956		0.372800	0.215051	-0.902648	-0.869770	0.419913	-0.259179	0.323297	0.881717	0.343589
06957		0.376260	0.213948	-0.901474	-0.866443	0.425893	-0.260560	0.328185	0.879114	0.345620
06958		0.379873	0.212794	-0.900231	-0.863097	0.431661	-0.262168	0.332807	0.876577	0.347639
06959		0.383482	0.211624	-0.898976	-0.859877	0.436977	-0.263937	0.336976	0.874223	0.349543
06960		0.387254	0.210450	-0.897633	-0.856569	0.442285	-0.265845	0.341063	0.871834	0.351542
06961		0.390948	0.209348	-0.896288	-0.853213	0.447685	-0.267592	0.345235	0.869340	0.353640
06962		0.394693	0.208384	-0.894871	-0.849754	0.453236	-0.269251	0.349480	0.866691	0.355964
06963		0.398368	0.207573	-0.893429	-0.846245	0.458893	-0.270714	0.353796	0.863904	0.358466
06964		0.402185	0.206824	-0.891892	-0.842550	0.464805	-0.272150	0.358269	0.860918	0.361198
06965		0.405907	0.206243	-0.890339	-0.838890	0.470637	-0.273431	0.362634	0.857884	0.364050
06966		0.409768	0.205707	-0.888693	-0.835186	0.476375	-0.274829	0.366817	0.854840	0.367007
06967		0.413517	0.205282	-0.887053	-0.831589	0.481875	-0.276146	0.370761	0.851854	0.369974
06968		0.417413	0.205036	-0.885283	-0.827951	0.487321	-0.277515	0.374516	0.848810	0.373174
06969		0.421158	0.204785	-0.883566	-0.824476	0.492417	-0.278865	0.377976	0.845925	0.376225
06970		0.425047	0.204566	-0.881753	-0.821027	0.497281	-0.280405	0.381118	0.843128	0.379322
06971		0.428683	0.204323	-0.880047	-0.817830	0.501685	-0.281899	0.383908	0.840574	0.382166
06972		0.432521	0.204013	-0.878239	-0.814619	0.505891	-0.283672	0.386420	0.838125	0.385001
06973		0.436150	0.203633	-0.876531	-0.811489	0.509985	-0.285308	0.388920	0.835732	0.387676
06974		0.440128	0.203205	-0.874640	-0.808275	0.513940	-0.287328	0.391126	0.833411	0.390445
06975		0.444124	0.202522	-0.872776	-0.805015	0.517834	-0.289482	0.393326	0.831164	0.393016
06976		0.448454	0.201731	-0.870743	-0.801469	0.521991	-0.291843	0.395646	0.828752	0.395770
06977		0.453000	0.200881	-0.868584	-0.797767	0.526229	-0.294363	0.397942	0.826274	0.398638
06978		0.458009	0.200037	-0.866148	-0.793722	0.530771	-0.297130	0.400290	0.823570	0.401872
06979		0.463318	0.199355	-0.863478	-0.789429	0.535576	-0.299934	0.402665	0.820619	0.405518
06980		0.468860	0.198715	-0.860629	-0.784828	0.540751	-0.302708	0.405234	0.817374	0.409494
06981		0.474473	0.198251	-0.857655	-0.779865	0.546558	-0.305099	0.408272	0.813616	0.413936
06982		0.480105	0.197821	-0.854614	-0.774581	0.552877	-0.307168	0.411732	0.809441	0.418667
06983		0.485503	0.197435	-0.851649	-0.769260	0.559320	-0.308870	0.415362	0.805097	0.423430
06984		0.490892	0.196939	-0.848670	-0.763868	0.565738	-0.310557	0.418964	0.800722	0.428151
06985		0.496205	0.196250	-0.845735	-0.758471	0.572021	-0.312271	0.422495	0.796416	0.432689
06986		0.501607	0.195358	-0.842749	-0.753022	0.578142	-0.314181	0.425851	0.792204	0.437109
06987		0.506997	0.194377	-0.839745	-0.747530	0.584191	-0.316099	0.429130	0.787996	0.441486
06988		0.512393	0.193204	-0.836735	-0.741869	0.590352	-0.317986	0.432532	0.783682	0.445824
06989		0.517492	0.191925	-0.833886	-0.736308	0.596369	-0.319678	0.435950	0.779428	0.449933
06990		0.522485	0.190611	-0.831070	-0.730803	0.602227	-0.321324	0.439245	0.775236	0.453953
06991		0.527410	0.189354	-0.828241	-0.725241	0.608139	-0.322787	0.442565	0.770916	0.458066
06992		0.532391	0.187996	-0.825359	-0.719471	0.614219	-0.324185	0.446005	0.766416	0.462262
06993		0.537451	0.186556	-0.822401	-0.713450	0.620520	-0.325490	0.449594	0.761677	0.466598
06994		0.542620	0.185040	-0.819343	-0.707044	0.627237	-0.326593	0.453489	0.756528	0.471183
06995		0.547797	0.183457	-0.816249	-0.700405	0.634163	-0.327520	0.457549	0.751119	0.475887
06996		0.552976	0.181815	-0.813118	-0.693561	0.641251	-0.328284	0.461726	0.745480	0.480696
06997		0.557997	0.180152	-0.810052	-0.686823	0.648113	-0.328974	0.465740	0.739929	0.485378
06998		0.563008	0.178474	-0.806950	-0.680039	0.654904	-0.329616	0.469647	0.734335	0.490086
06999		0.567900	0.176765	-0.803893	-0.673319	0.661522	-0.330197	0.473426	0.728795	0.494697
07000		0.572771	0.174936	-0.800831	-0.666546	0.668050	-0.330795	0.477128	0.723261	0.499243
07001		0.577546	0.173054	-0.797805	-0.659846	0.674374	-0.331394	0.480670	0.717824	0.503671
07002		0.582228	0.171126	-0.794812	-0.653156	0.680598	-0.331925	0.484146	0.712392	0.508035
07003		0.586857	0.169091	-0.791838	-0.646480	0.686667	-0.332495	0.487507	0.707034	0.512289
07004		0.591412	0.167023	-0.788882	-0.639817	0.692629	-0.333016	0.490782	0.701690	0.516493
07005		0.595934	0.164852	-0.785931	-0.633096	0.698533	-0.333527	0.494016	0.696330	0.520647
07006		0.600379	0.162614	-0.783008	-0.626273	0.704483	-0.333895	0.497320	0.690840	0.524797
07007		0.604710	0.160294	-0.780149	-0.619502	0.710277	-0.334252	0.500543	0.685429	0.528814
07008		0.608955	0.157791	-0.777352	-0.612713	0.715954	-0.334653	0.503743	0.680082	0.532664
07009		0.613199	0.155222	-0.774528	-0.605790	0.721670	-0.334979	0.506957	0.674610	0.536559
07010		0.617388	0.152510	-0.771734	-0.598683	0.727483	-0.335182	0.510305	0.668961	0.540444
07011		0.621591	0.149696	-0.768905	-0.591461	0.733274	-0.335385	0.513612	0.663250	0.544336
07012		0.625782	0.146733	-0.766072	-0.584052	0.739125	-0.335524	0.516991	0.657391	0.548231
07013		0.629883	0.143702	-0.763280	-0.576636	0.744882	-0.335620	0.520325	0.651537	0.552053
07014		0.633924	0.140496	-0.760527	-0.569093	0.750630	-0.335690	0.523711	0.645612	0.555798
07015		0.637875	0.137241	-0.757813	-0.561593	0.756228	-0.335757	0.526999	0.639753	0.559453
07016		0.641751	0.133824	-0.755147	-0.554070	0.761702	-0.335882	0.530248	0.633957	0.562971
07017		0.645513	0.130335	-0.752546	-0.546625	0.766991	-0.336043	0.533399	0.628281	0.566347
07018		0.649143	0.126846	-0.750016	-0.539210	0.772202	-0.336091	0.536532	0.622586	0.569666
07019		0.652724	0.123404	-0.747477	-0.531871	0.777259	-0.336128	0.539504	0.616960	0.572971
07020		0.656196	0.119993	-0.744989	-0.524594	0.782209	-0.336081	0.542410	0.611352	0.576230
07021		0.659540	0.116638	-0.742565	-0.517505	0.786936	-0.336036	0.545157	0.605910	0.579376
07022		0.662795	0.113379	-0.740167	-0.510520	0.791540	-0.335906	0.547788	0.600507	0.582511
07023		0.665908	0.110199	-0.737850	-0.503640	0.796047	-0.335644	0.550376	0.595118	0.585594
07024		0.668881	0.107112	-0.735612	-0.496838	0.800492	-0.335209	0.552947	0.589695	0.588651
07025		0.671734	0.104105	-0.733441	-0.490250	0.804721	-0.334782	0.555363	0.584454	0.591596
07026		0.674516	0.101122	-0.731302	-0.483746	0.808830	-0.334342	0.557689	0.579283	0.594486
07027		0.677183	0.098252	-0.729225	-0.477428	0.812779	-0.333846	0.559898	0.574227	0.597308
07028		0.679735	0.095479	-0.727216	-0.471221	0.816642	-0.333235	0.562059	0.569192	0.600092
07029		0.682262	0.092806	-0.725193	-0.465182	0.820330	-0.332662	0.564025	0.564310	0.602852
07030		0.684650	0.090225	-0.723266	-0.459512	0.823696	-0.332224	0.565777	0.559807	0.605403
07031		0.686998	0.087646	-0.721354	-0.454249	0.826629	-0.332177	0.567179	0.555879	0.607706
07032		0.689374	0.085039	-0.719397	-0.449007	0.829471	-0.332219	0.568467	0.552038	0.609999
07033		0.691718	0.082520	-0.717438	-0.443775	0.832317	-0.332132	0.569728	0.548123	0.612349
07034		0.694053	0.080085	-0.715455	-0.438403	0.835295	-0.331789	0.571045	0.543937	0.614849
07035		0.696447	0.077872	-0.713371	-0.433043	0.838296	-0.331260	0.572220	0.539625	0.617551
07036		0.698855	0.075896	-0.711225	-0.427845	0.841206	-0.330637	0.573193	0.535362	0.620353
07037		0.701226	0.074105	-0.709078	-0.422957	0.843893	-0.330079	0.573925	0.531369	0.623102
07038		0.703453	0.072365	-0.707048	-0.418543	0.846196	-0.329808	0.574435	0.527935	0.625547
07039		0.705607	0.070538	-0.705084	-0.414606	0.848029	-0.330074	0.574649	0.525235	0.627620
07040		0.707833	0.069044	-0.702997	-0.411040	0.849628	-0.330423	0.574472	0.522844	0.629774
07041		0.710078	0.067619	-0.700868	-0.407684	0.851045	-0.330933	0.574092	0.520721	0.631876
07042		0.712274	0.066256	-0.698768	-0.404307	0.852516	-0.331288	0.573761	0.518485	0.634012
07043		0.714372	0.065044	-0.696736	-0.401084	0.853949	-0.331515	0.573414	0.516275	0.636126
07044		0.716420	0.063995	-0.694728	-0.398070	0.855281	-0.331716	0.572959	0.514198	0.638215
07045		0.718355	0.063062	-0.692812	-0.395344	0.856449	-0.331962	0.572424	0.512366	0.640165
07046		0.720319	0.062166	-0.690852	-0.392659	0.857576	-0.332239	0.571804	0.510588	0.642138
07047		0.722167	0.061311	-0.688996	-0.390213	0.858551	-0.332600	0.571146	0.509049	0.643942
07048		0.723986	0.060419	-0.687163	-0.387853	0.859438	-0.333071	0.570451	0.507657	0.645655
07049		0.725741	0.059478	-0.685392	-0.385581	0.860244	-0.333629	0.569761	0.506402	0.647247
07050		0.727473	0.058417	-0.683645	-0.383270	0.861028	-0.334268	0.569110	0.505192	0.648764
07051		0.729222	0.057223	-0.681881	-0.380883	0.861800	-0.335005	0.568475	0.504010	0.650239
07052		0.731035	0.055912	-0.680046	-0.378286	0.862664	-0.335723	0.567880	0.502677	0.651788
07053		0.732971	0.054436	-0.678078	-0.375448	0.863596	-0.336512	0.567267	0.501237	0.653430
07054		0.735008	0.052873	-0.675994	-0.372313	0.864691	-0.337184	0.566698	0.499514	0.655239
07055		0.737162	0.051148	-0.673778	-0.368773	0.865995	-0.337726	0.566214	0.497430	0.657241
07056		0.739409	0.049187	-0.671458	-0.364797	0.867506	-0.338166	0.565860	0.494989	0.659385
07057		0.741773	0.047112	-0.668994	-0.360495	0.869171	-0.338504	0.565523	0.492262	0.661712
07058		0.744319	0.044876	-0.666315	-0.355725	0.871057	-0.338703	0.565198	0.489128	0.664307
07059		0.746946	0.042665	-0.663515	-0.350683	0.873125	-0.338635	0.564883	0.485625	0.667139
07060		0.749637	0.040391	-0.660616	-0.345262	0.875427	-0.338263	0.564658	0.481660	0.670197
07061		0.752348	0.038074	-0.657664	-0.339743	0.877746	-0.337840	0.564399	0.477611	0.673306
07062		0.755180	0.035579	-0.654551	-0.333927	0.880135	-0.337424	0.564089	0.473388	0.676541
07063		0.758094	0.032971	-0.651311	-0.328055	0.882438	-0.337169	0.563625	0.469272	0.679787
07064		0.761095	0.030260	-0.647934	-0.321905	0.884840	-0.336802	0.563126	0.464912	0.683188
07065		0.764188	0.027509	-0.644406	-0.315579	0.887283	-0.336361	0.562518	0.460404	0.686732
07066		0.767281	0.024563	-0.640841	-0.309090	0.889711	-0.335973	0.561911	0.455863	0.690250
07067		0.770400	0.021616	-0.637194	-0.302697	0.892003	-0.335717	0.561122	0.451513	0.693742
07068		0.773428	0.018706	-0.633608	-0.296498	0.894153	-0.335529	0.560266	0.447371	0.697109
07069		0.776454	0.015680	-0.629979	-0.290313	0.896188	-0.335508	0.559319	0.443397	0.700401
07070		0.779500	0.012429	-0.626279	-0.283997	0.898155	-0.335654	0.558324	0.439504	0.703641
07071		0.782528	0.008981	-0.622551	-0.277589	0.900051	-0.335936	0.557310	0.435693	0.706808
07072		0.785554	0.005382	-0.618770	-0.271018	0.901944	-0.336224	0.556286	0.431820	0.709984
07073		0.788567	0.001775	-0.614946	-0.264386	0.903836	-0.336423	0.555213	0.427876	0.713205
07074		0.791521	-0.001828	-0.611140	-0.257714	0.905737	-0.336488	0.554147	0.423836	0.716439
07075		0.794369	-0.005333	-0.607413	-0.251176	0.907584	-0.336454	0.553072	0.419836	0.719617
07076		0.797120	-0.008770	-0.603757	-0.244797	0.909343	-0.336406	0.551973	0.415954	0.722709
07077		0.799783	-0.012158	-0.600166	-0.238712	0.910902	-0.336562	0.550784	0.412443	0.725622
07078		0.802422	-0.015668	-0.596551	-0.232538	0.912428	-0.336750	0.549586	0.408937	0.728509
07079		0.805081	-0.019035	-0.592860	-0.226397	0.913959	-0.336784	0.548260	0.405360	0.731501
07080		0.807657	-0.022486	-0.589224	-0.220144	0.915519	-0.336692	0.547016	0.401646	0.734475
07081		0.810116	-0.025892	-0.585698	-0.214086	0.916970	-0.336651	0.545784	0.398116	0.737309
07082		0.812476	-0.029343	-0.582256	-0.208197	0.918272	-0.336794	0.544552	0.394861	0.739965
07083		0.814727	-0.032650	-0.578925	-0.202590	0.919464	-0.336962	0.543303	0.391817	0.742497
07084		0.816853	-0.035905	-0.575727	-0.197160	0.920576	-0.337146	0.542106	0.388909	0.744897
07085		0.818915	-0.039035	-0.572586	-0.191938	0.921608	-0.337339	0.540868	0.386153	0.747226
07086		0.820894	-0.042001	-0.569534	-0.187093	0.922474	-0.337694	0.539564	0.383767	0.749396
07087		0.822748	-0.044887	-0.566632	-0.182484	0.923247	-0.338104	0.538317	0.381576	0.751408
07088		0.824477	-0.047702	-0.563881	-0.178037	0.923977	-0.338481	0.537159	0.379461	0.753305
07089		0.826086	-0.050361	-0.561290	-0.173849	0.924647	-0.338827	0.536059	0.377480	0.755083
07090		0.827622	-0.053007	-0.558777	-0.169779	0.925253	-0.339238	0.534992	0.375629	0.756760
07091		0.829115	-0.055522	-0.556314	-0.165931	0.925783	-0.339695	0.533887	0.373956	0.758368
07092		0.830529	-0.057870	-0.553960	-0.162269	0.926302	-0.340049	0.532813	0.372311	0.759930
07093		0.831851	-0.060176	-0.551726	-0.158789	0.926744	-0.340488	0.531798	0.370843	0.761358
07094		0.833027	-0.062357	-0.549707	-0.155531	0.927158	-0.340865	0.530921	0.369446	0.762649
07095		0.834111	-0.064415	-0.547823	-0.152445	0.927555	-0.341177	0.530113	0.368092	0.763864
07096		0.835098	-0.066311	-0.546090	-0.149473	0.928006	-0.341265	0.529404	0.366616	0.765065
07097		0.835954	-0.068029	-0.544567	-0.146830	0.928389	-0.341372	0.528793	0.365330	0.766102
07098		0.836726	-0.069536	-0.543189	-0.144482	0.928729	-0.341449	0.528218	0.364181	0.767045
07099		0.837390	-0.070805	-0.542001	-0.142508	0.929002	-0.341536	0.527702	0.363238	0.767846
07100		0.837902	-0.071955	-0.541057	-0.140887	0.929169	-0.341753	0.527324	0.362584	0.768416
07101		0.838280	-0.072963	-0.540335	-0.139596	0.929255	-0.342050	0.527066	0.362162	0.768791
07102		0.838506	-0.073913	-0.539856	-0.138543	0.929278	-0.342415	0.526985	0.361911	0.768965
07103		0.838648	-0.074730	-0.539523	-0.137645	0.929314	-0.342679	0.526995	0.361650	0.769081
07104		0.838739	-0.075350	-0.539295	-0.136914	0.929381	-0.342789	0.527040	0.361348	0.769192
07105		0.838778	-0.075776	-0.539174	-0.136421	0.929432	-0.342849	0.527106	0.361129	0.769250
07106		0.838766	-0.076116	-0.539146	-0.136140	0.929413	-0.343012	0.527198	0.361106	0.769197
07107		0.838659	-0.076283	-0.539288	-0.136146	0.929350	-0.343181	0.527366	0.361234	0.769022
07108		0.838540	-0.076201	-0.539484	-0.136405	0.929276	-0.343278	0.527488	0.361441	0.768841
07109		0.838429	-0.075946	-0.539693	-0.136820	0.929202	-0.343312	0.527557	0.361684	0.768680
07110		0.838358	-0.075457	-0.539873	-0.137341	0.929187	-0.343145	0.527536	0.361824	0.768628
07111		0.838361	-0.074668	-0.539977	-0.137996	0.929237	-0.342746	0.527359	0.361860	0.768733
07112		0.838385	-0.073572	-0.540090	-0.138890	0.929308	-0.342192	0.527086	0.361902	0.768900
07113		0.838487	-0.072114	-0.540129	-0.140033	0.929402	-0.341471	0.526622	0.361955	0.769193
07114		0.838708	-0.070359	-0.540017	-0.141350	0.929509	-0.340637	0.525918	0.362027	0.769641
07115		0.838955	-0.068387	-0.539887	-0.142940	0.929548	-0.339867	0.525093	0.362304	0.770073
07116		0.839162	-0.066200	-0.539838	-0.144766	0.929572	-0.339027	0.524262	0.362649	0.770477
07117		0.839394	-0.063890	-0.539755	-0.146625	0.929632	-0.338061	0.523372	0.362908	0.770960
07118		0.839542	-0.061359	-0.539819	-0.148546	0.929817	-0.336711	0.522594	0.362871	0.771505
07119		0.839867	-0.058298	-0.539652	-0.150768	0.930037	-0.335112	0.521433	0.362812	0.772318
07120		0.840061	-0.054741	-0.539723	-0.153543	0.930223	-0.333332	0.520310	0.362890	0.773039
07121		0.840599	-0.050281	-0.539318	-0.157146	0.930220	-0.331656	0.518361	0.363542	0.774041
07122		0.841123	-0.045710	-0.538909	-0.160876	0.930175	-0.329990	0.516363	0.364259	0.775038
07123		0.841537	-0.040795	-0.538657	-0.164936	0.930125	-0.328121	0.514404	0.364970	0.776006
07124		0.841879	-0.035479	-0.538500	-0.169415	0.930019	-0.326135	0.512386	0.365796	0.776952
07125		0.842211	-0.029711	-0.538328	-0.174367	0.929810	-0.324114	0.510173	0.366840	0.777916
07126		0.842500	-0.023534	-0.538182	-0.179616	0.929603	-0.321831	0.507870	0.367809	0.778964
07127		0.842753	-0.017103	-0.538028	-0.185079	0.929355	-0.319445	0.505483	0.368791	0.780051
07128		0.842877	-0.010378	-0.538006	-0.190899	0.929017	-0.316994	0.503106	0.369892	0.781066
07129		0.842908	-0.003077	-0.538050	-0.197341	0.928531	-0.314464	0.500563	0.371243	0.782058
07130		0.842900	0.004660	-0.538050	-0.204161	0.927955	-0.311797	0.497834	0.372662	0.783125
07131		0.842710	0.013028	-0.538211	-0.211546	0.927308	-0.308784	0.495065	0.374071	0.784208
07132		0.842259	0.021919	-0.538628	-0.219613	0.926451	-0.305710	0.492311	0.375776	0.785125
07133		0.841617	0.031074	-0.539180	-0.228113	0.925373	-0.302735	0.489536	0.377781	0.785899
07134		0.840699	0.040411	-0.539992	-0.237132	0.923984	-0.300037	0.486820	0.380290	0.786375
07135		0.839529	0.050208	-0.540989	-0.246741	0.922351	-0.297300	0.484055	0.383076	0.786729
07136		0.838045	0.060524	-0.542234	-0.256799	0.920619	-0.294133	0.481389	0.385742	0.787063
07137		0.836198	0.071447	-0.543753	-0.267517	0.918660	-0.290686	0.478756	0.388534	0.787295
07138		0.834111	0.083024	-0.545312	-0.278691	0.916577	-0.286737	0.476014	0.391145	0.787665
07139		0.831651	0.095001	-0.547112	-0.290409	0.914190	-0.282702	0.473308	0.393995	0.787875
07140		0.828658	0.107637	-0.549309	-0.303100	0.911303	-0.278670	0.470592	0.397417	0.787783
07141		0.825251	0.120907	-0.551672	-0.316368	0.908136	-0.274225	0.467838	0.400836	0.787692
07142		0.821339	0.134586	-0.554337	-0.330255	0.904536	-0.269716	0.465118	0.404600	0.787378
07143		0.816759	0.148542	-0.557530	-0.344868	0.900369	-0.265333	0.462570	0.408987	0.786612
07144		0.811674	0.163073	-0.560885	-0.360200	0.895663	-0.260850	0.459826	0.413757	0.785726
07145		0.806090	0.178083	-0.564362	-0.376043	0.890504	-0.256114	0.456957	0.418675	0.784794
07146		0.799917	0.193686	-0.567996	-0.392429	0.884896	-0.250915	0.454019	0.423609	0.783851
07147		0.792972	0.209829	-0.571986	-0.409287	0.878897	-0.244997	0.451309	0.428382	0.782821
07148		0.784962	0.226674	-0.576588	-0.426976	0.872282	-0.238362	0.448916	0.433294	0.781492
07149		0.775709	0.244368	-0.581858	-0.445532	0.865040	-0.230666	0.446964	0.438166	0.779894
07150		0.765215	0.263074	-0.587570	-0.465211	0.856853	-0.222222	0.445000	0.443391	0.778061
07151		0.753747	0.282273	-0.593454	-0.485730	0.847561	-0.213790	0.442641	0.449402	0.775955
07152		0.741590	0.301714	-0.599177	-0.506906	0.837051	-0.205892	0.439421	0.456414	0.773689
07153		0.728756	0.321275	-0.604729	-0.528532	0.825399	-0.198422	0.435394	0.464219	0.771318
07154		0.715289	0.340936	-0.610020	-0.550425	0.812697	-0.191199	0.430574	0.472532	0.768973
07155		0.701160	0.360552	-0.615124	-0.572063	0.799419	-0.183502	0.425580	0.480554	0.766779
07156		0.686175	0.380353	-0.620077	-0.593605	0.785483	-0.175068	0.420473	0.488208	0.764758
07157		0.670180	0.400360	-0.624957	-0.614882	0.771077	-0.165409	0.415667	0.495129	0.762934
07158		0.652919	0.420949	-0.629682	-0.636311	0.755795	-0.154537	0.410858	0.501573	0.761327
07159		0.634217	0.441906	-0.634420	-0.657838	0.739559	-0.142486	0.406225	0.507713	0.759743
07160		0.614068	0.462965	-0.639205	-0.679594	0.721988	-0.129945	0.401338	0.514195	0.757978
07161		0.593023	0.483790	-0.643639	-0.701050	0.703415	-0.117199	0.396045	0.520725	0.756303
07162		0.571251	0.504256	-0.647610	-0.722028	0.683951	-0.104342	0.390318	0.527197	0.754794
07163		0.548740	0.524115	-0.651296	-0.742279	0.663860	-0.091171	0.384585	0.533473	0.753327
07164		0.525353	0.543229	-0.654910	-0.761943	0.642941	-0.077912	0.378744	0.539935	0.751680
07165		0.500929	0.561804	-0.658367	-0.781008	0.621219	-0.064138	0.372957	0.546319	0.749960
07166		0.475272	0.579850	-0.661732	-0.799534	0.598556	-0.049753	0.367235	0.552724	0.748088
07167		0.448341	0.597295	-0.665004	-0.817290	0.575201	-0.034376	0.361978	0.558912	0.746049
07168		0.420272	0.614212	-0.667919	-0.834308	0.550996	-0.018278	0.356794	0.564932	0.744010
07169		0.391456	0.630690	-0.670069	-0.850358	0.526203	-0.001502	0.351645	0.570387	0.742297
07170		0.361901	0.646598	-0.671520	-0.865524	0.500624	0.015590	0.346259	0.575575	0.740823
07171		0.331742	0.661656	-0.672428	-0.879602	0.474563	0.033010	0.340951	0.580518	0.739426
07172		0.300636	0.675654	-0.673134	-0.892752	0.447693	0.050648	0.335578	0.585715	0.737784
07173		0.268769	0.688578	-0.673515	-0.904917	0.420063	0.068347	0.329982	0.591106	0.736007
07174		0.236142	0.700408	-0.673547	-0.916154	0.391508	0.085922	0.323880	0.596783	0.734133
07175		0.202771	0.710943	-0.673382	-0.926375	0.362134	0.103381	0.317353	0.602842	0.732030
07176		0.168646	0.719984	-0.673188	-0.935581	0.331888	0.120579	0.310237	0.609486	0.729575
07177		0.134012	0.727636	-0.672745	-0.943593	0.301109	0.137713	0.302774	0.616343	0.726945
07178		0.099047	0.733947	-0.671946	-0.950352	0.269953	0.154777	0.294992	0.623255	0.724246
07179		0.063736	0.738795	-0.670910	-0.955705	0.238752	0.172119	0.287342	0.630222	0.721287
07180		0.028081	0.742110	-0.669690	-0.959719	0.207379	0.189563	0.279556	0.637391	0.718040
07181		-0.007790	0.743963	-0.668176	-0.962288	0.176125	0.207321	0.271921	0.644593	0.714534
07182		-0.043756	0.744701	-0.665962	-0.963418	0.144970	0.225411	0.264408	0.651463	0.711115
07183		-0.079761	0.744286	-0.663081	-0.963028	0.114183	0.244008	0.257324	0.658027	0.707661
07184		-0.115965	0.742477	-0.659758	-0.961208	0.083474	0.262890	0.250263	0.664651	0.703994
07185		-0.152341	0.739157	-0.656078	-0.957930	0.052942	0.282078	0.243234	0.671449	0.699995
07186		-0.188683	0.734395	-0.651968	-0.953234	0.022648	0.301383	0.236100	0.678344	0.695777
07187		-0.225251	0.728022	-0.647492	-0.947075	-0.007602	0.320923	0.228717	0.685512	0.691203
07188		-0.261845	0.720205	-0.642450	-0.939578	-0.038127	0.340205	0.220523	0.692713	0.686672
07189		-0.298555	0.710962	-0.636708	-0.930661	-0.069030	0.359311	0.211505	0.699834	0.682274
07190		-0.335085	0.700365	-0.630243	-0.920252	-0.099781	0.378392	0.202126	0.706776	0.677948
07191		-0.371280	0.688471	-0.623023	-0.908332	-0.130148	0.397485	0.192572	0.713491	0.673682
07192		-0.406649	0.675418	-0.615180	-0.895087	-0.159736	0.416297	0.182908	0.719927	0.669515
07193		-0.441149	0.661177	-0.606822	-0.880773	-0.189292	0.434059	0.172123	0.725957	0.665853
07194		-0.474508	0.645697	-0.598262	-0.865528	-0.218462	0.450705	0.160321	0.731676	0.662531
07195		-0.506996	0.628687	-0.589668	-0.849336	-0.247776	0.466086	0.146916	0.737129	0.659588
07196		-0.538381	0.610217	-0.581190	-0.832360	-0.277355	0.479845	0.131613	0.742098	0.657243
07197		-0.568627	0.590593	-0.572593	-0.814494	-0.306783	0.492425	0.115161	0.746380	0.655480
07198		-0.597474	0.570065	-0.563960	-0.795918	-0.335923	0.503657	0.097670	0.749788	0.654430
07199		-0.625146	0.548508	-0.555277	-0.776437	-0.364469	0.514108	0.079611	0.752530	0.653728
07200		-0.651472	0.526333	-0.546404	-0.756165	-0.391962	0.524004	0.061631	0.754546	0.653347
07202		-0.699922	0.480929	-0.528031	-0.713727	-0.443525	0.542106	0.026520	0.756302	0.653685
07204		-0.742684	0.434413	-0.509613	-0.669611	-0.489045	0.558977	-0.006397	0.756386	0.654094
07205		-0.762361	0.410444	-0.500341	-0.646767	-0.509875	0.567204	-0.022306	0.756018	0.654171
07206		-0.780977	0.386130	-0.490895	-0.623399	-0.529821	0.575033	-0.038049	0.755112	0.654491
07207		-0.798832	0.361213	-0.481033	-0.599183	-0.548717	0.583000	-0.053364	0.753946	0.654766
07208		-0.815602	0.336602	-0.470629	-0.574583	-0.566992	0.590232	-0.068169	0.751810	0.655846
07209		-0.831315	0.312088	-0.459910	-0.549695	-0.583994	0.597317	-0.082169	0.749368	0.657036
07210		-0.845897	0.287869	-0.448987	-0.524693	-0.600188	0.603715	-0.095686	0.746261	0.658740
07211		-0.859581	0.263689	-0.437709	-0.499447	-0.614649	0.610540	-0.108045	0.743421	0.660039
07212		-0.872231	0.240109	-0.426100	-0.474435	-0.627065	0.617819	-0.118848	0.741038	0.660862
07213		-0.883983	0.216753	-0.414236	-0.449601	-0.637073	0.626096	-0.128190	0.739700	0.660615
07214		-0.894919	0.193894	-0.401903	-0.424968	-0.645031	0.635088	-0.136100	0.739148	0.659649
07215		-0.905169	0.171319	-0.388998	-0.400287	-0.651396	0.644556	-0.142967	0.739143	0.658200
07216		-0.914654	0.149609	-0.375532	-0.375924	-0.656358	0.654122	-0.148621	0.739467	0.656582
07217		-0.923429	0.128217	-0.361716	-0.351599	-0.660408	0.663506	-0.153807	0.739879	0.654921
07218		-0.931469	0.106737	-0.347812	-0.327258	-0.663501	0.672806	-0.158960	0.740522	0.652961
07219		-0.938866	0.084322	-0.333796	-0.302300	-0.665883	0.682066	-0.164756	0.741275	0.650666
07220		-0.945488	0.061027	-0.319887	-0.276633	-0.668811	0.690048	-0.171832	0.740923	0.649235
07221		-0.951370	0.036870	-0.305837	-0.249731	-0.673593	0.695634	-0.180362	0.738182	0.650044
07222		-0.956501	0.013218	-0.291430	-0.222264	-0.680068	0.698646	-0.188958	0.733030	0.653424
07223		-0.960836	-0.010082	-0.276936	-0.194587	-0.686985	0.700134	-0.197309	0.726602	0.658118
07224		-0.964267	-0.033115	-0.262855	-0.167385	-0.692902	0.701334	-0.205358	0.720271	0.662599
07225		-0.966879	-0.055962	-0.249026	-0.140383	-0.698236	0.701968	-0.213162	0.713677	0.667254
07226		-0.968540	-0.079214	-0.235913	-0.113996	-0.701449	0.703544	-0.221211	0.708304	0.670351
07227		-0.969383	-0.102458	-0.223155	-0.088292	-0.702572	0.706114	-0.229130	0.704198	0.672015
07228		-0.969336	-0.125635	-0.211197	-0.063353	-0.702621	0.708739	-0.237434	0.700386	0.673116
07229		-0.968427	-0.148854	-0.199978	-0.038831	-0.702311	0.710811	-0.246254	0.696134	0.674357
07230		-0.966928	-0.171348	-0.188918	-0.014823	-0.701706	0.712313	-0.254618	0.691555	0.675959
07231		-0.964726	-0.193832	-0.178139	0.009183	-0.701037	0.713066	-0.263097	0.686277	0.678088
07232		-0.961934	-0.215760	-0.167720	0.032550	-0.699818	0.713579	-0.271335	0.680957	0.680202
07233		-0.958617	-0.237265	-0.157351	0.055374	-0.697521	0.714422	-0.279263	0.676144	0.681793
07234		-0.954832	-0.258354	-0.146798	0.077913	-0.694415	0.715344	-0.286751	0.671596	0.683179
07235		-0.950747	-0.278485	-0.136113	0.099711	-0.690551	0.716378	-0.293494	0.667522	0.684307
07236		-0.946388	-0.297594	-0.125644	0.120497	-0.686103	0.717456	-0.299716	0.663852	0.685179
07237		-0.941347	-0.316923	-0.115869	0.140974	-0.681335	0.718268	-0.306582	0.659805	0.686050
07238		-0.935548	-0.336569	-0.107100	0.161289	-0.676873	0.718212	-0.314221	0.654648	0.687532
07239		-0.929255	-0.355891	-0.099132	0.181615	-0.673734	0.716309	-0.321717	0.647629	0.690706
07240		-0.922709	-0.374464	-0.091563	0.201230	-0.670463	0.714133	-0.328807	0.640512	0.693996
07241		-0.915765	-0.392810	-0.084113	0.220519	-0.666577	0.712072	-0.335777	0.633542	0.697050
07242		-0.909027	-0.409772	-0.075875	0.239777	-0.663195	0.708999	-0.340848	0.626306	0.701116
07243		-0.902574	-0.425245	-0.067287	0.258162	-0.659632	0.705859	-0.344548	0.619719	0.705149
07244		-0.896406	-0.439284	-0.059037	0.274603	-0.654969	0.703995	-0.347922	0.614854	0.707747
07245		-0.890143	-0.452741	-0.051693	0.289698	-0.649815	0.702720	-0.351741	0.610546	0.709586
07246		-0.883913	-0.465480	-0.045007	0.303062	-0.643459	0.702932	-0.356161	0.607691	0.709832
07247		-0.877764	-0.477498	-0.039057	0.314368	-0.635566	0.705144	-0.361528	0.606672	0.707987
07248		-0.871829	-0.488624	-0.034070	0.323900	-0.627302	0.708224	-0.367428	0.606415	0.705165
