// Start Time: Unknown
// Update Rate: 100.0Hz
// Filter Profile: human (46.1)
// Option Flags: AHS Disabled ICC Disabled 
// Firmware Version: 4.0.2
PacketCounter	SampleTimeFine	Mat[1][1]	Mat[2][1]	Mat[3][1]	Mat[1][2]	Mat[2][2]	Mat[3][2]	Mat[1][3]	Mat[2][3]	Mat[3][3]
51869		-0.129411	-0.170608	-0.976804	-0.597201	-0.772981	0.214128	-0.791583	0.611059	-0.001855
51870		-0.129427	-0.170476	-0.976825	-0.597130	-0.773062	0.214034	-0.791634	0.610993	-0.001741
51871		-0.129433	-0.170402	-0.976837	-0.596790	-0.773340	0.213979	-0.791889	0.610663	-0.001599
51872		-0.129506	-0.170269	-0.976850	-0.596709	-0.773419	0.213919	-0.791939	0.610599	-0.001439
51873		-0.129574	-0.170188	-0.976855	-0.596646	-0.773474	0.213896	-0.791975	0.610552	-0.001320
51874		-0.129678	-0.170090	-0.976859	-0.596564	-0.773541	0.213883	-0.792020	0.610494	-0.001158
51875		-0.129808	-0.170006	-0.976856	-0.596575	-0.773529	0.213895	-0.791990	0.610533	-0.001011
51876		-0.129947	-0.169940	-0.976849	-0.596511	-0.773569	0.213928	-0.792015	0.610501	-0.000848
51877		-0.130094	-0.169930	-0.976831	-0.596398	-0.773634	0.214010	-0.792077	0.610421	-0.000701
51878		-0.130177	-0.169970	-0.976813	-0.596354	-0.773645	0.214092	-0.792096	0.610396	-0.000651
51879		-0.130294	-0.170027	-0.976788	-0.596199	-0.773732	0.214209	-0.792193	0.610270	-0.000557
51880		-0.130401	-0.170099	-0.976761	-0.596187	-0.773707	0.214331	-0.792184	0.610282	-0.000518
51881		-0.130496	-0.170284	-0.976716	-0.595893	-0.773877	0.214536	-0.792390	0.610014	-0.000483
51882		-0.130627	-0.170375	-0.976683	-0.595847	-0.773870	0.214688	-0.792403	0.609998	-0.000429
51883		-0.130720	-0.170503	-0.976648	-0.595663	-0.773968	0.214846	-0.792526	0.609838	-0.000389
51884		-0.130826	-0.170581	-0.976620	-0.595559	-0.774013	0.214973	-0.792587	0.609759	-0.000330
51885		-0.130920	-0.170662	-0.976593	-0.595429	-0.774079	0.215094	-0.792669	0.609652	-0.000275
51886		-0.131054	-0.170718	-0.976566	-0.595382	-0.774080	0.215220	-0.792682	0.609635	-0.000197
51887		-0.131167	-0.170797	-0.976536	-0.595305	-0.774103	0.215352	-0.792721	0.609584	-0.000139
51888		-0.131243	-0.170834	-0.976520	-0.595294	-0.774090	0.215428	-0.792717	0.609590	-0.000103
51889		-0.131262	-0.170957	-0.976496	-0.595002	-0.774285	0.215537	-0.792933	0.609309	-0.000085
51890		-0.131302	-0.170989	-0.976485	-0.595066	-0.774221	0.215586	-0.792878	0.609380	-0.000094
51891		-0.131379	-0.171008	-0.976471	-0.595379	-0.773963	0.215648	-0.792630	0.609703	-0.000132
51892		-0.131414	-0.171030	-0.976463	-0.595358	-0.773969	0.215687	-0.792641	0.609689	-0.000113
51893		-0.131433	-0.171058	-0.976455	-0.595285	-0.774016	0.215721	-0.792693	0.609622	-0.000097
51894		-0.131429	-0.171069	-0.976454	-0.595179	-0.774095	0.215727	-0.792773	0.609518	-0.000078
51895		-0.131408	-0.171080	-0.976455	-0.594973	-0.774255	0.215723	-0.792931	0.609312	-0.000045
51896		-0.131441	-0.171051	-0.976455	-0.594936	-0.774284	0.215720	-0.792953	0.609283	0.000008
51897		-0.131438	-0.171051	-0.976456	-0.594848	-0.774352	0.215718	-0.793019	0.609197	0.000030
51898		-0.131452	-0.171066	-0.976451	-0.594927	-0.774286	0.215738	-0.792958	0.609276	0.000010
51899		-0.131491	-0.171088	-0.976442	-0.595057	-0.774174	0.215780	-0.792854	0.609412	-0.000010
51900		-0.131529	-0.171096	-0.976436	-0.595220	-0.774041	0.215809	-0.792725	0.609579	-0.000031
51901		-0.131530	-0.171160	-0.976424	-0.595225	-0.774023	0.215860	-0.792721	0.609585	-0.000072
51902		-0.131547	-0.171159	-0.976422	-0.595277	-0.773980	0.215871	-0.792680	0.609638	-0.000072
51903		-0.131514	-0.171203	-0.976419	-0.594981	-0.774203	0.215886	-0.792907	0.609343	-0.000044
51904		-0.131534	-0.171208	-0.976415	-0.594960	-0.774216	0.215901	-0.792920	0.609326	-0.000027
51905		-0.131559	-0.171203	-0.976413	-0.595038	-0.774152	0.215913	-0.792857	0.609408	-0.000026
51906		-0.131602	-0.171247	-0.976399	-0.595188	-0.774020	0.215974	-0.792737	0.609564	-0.000062
51907		-0.131653	-0.171318	-0.976380	-0.595394	-0.773837	0.216061	-0.792574	0.609776	-0.000123
51908		-0.131707	-0.171389	-0.976360	-0.595643	-0.773620	0.216150	-0.792378	0.610031	-0.000195
51909		-0.131698	-0.171497	-0.976342	-0.595868	-0.773425	0.216230	-0.792210	0.610248	-0.000331
51910		-0.131737	-0.171570	-0.976324	-0.596092	-0.773230	0.216311	-0.792035	0.610475	-0.000409
51911		-0.131738	-0.171633	-0.976313	-0.596223	-0.773114	0.216362	-0.791936	0.610604	-0.000483
51912		-0.131749	-0.171630	-0.976312	-0.596308	-0.773048	0.216366	-0.791871	0.610689	-0.000497
51913		-0.131727	-0.171650	-0.976312	-0.596240	-0.773099	0.216368	-0.791925	0.610618	-0.000506
51914		-0.131734	-0.171609	-0.976318	-0.596357	-0.773017	0.216341	-0.791836	0.610733	-0.000508
51915		-0.131741	-0.171607	-0.976317	-0.596352	-0.773020	0.216343	-0.791839	0.610730	-0.000500
51916		-0.131772	-0.171560	-0.976321	-0.596552	-0.772871	0.216325	-0.791683	0.610932	-0.000502
51917		-0.131801	-0.171540	-0.976321	-0.596704	-0.772753	0.216327	-0.791563	0.611087	-0.000509
51918		-0.131846	-0.171504	-0.976321	-0.596977	-0.772542	0.216326	-0.791350	0.611363	-0.000527
51919		-0.131855	-0.171504	-0.976320	-0.597123	-0.772428	0.216331	-0.791239	0.611507	-0.000560
51920		-0.131876	-0.171456	-0.976326	-0.597337	-0.772270	0.216306	-0.791074	0.611721	-0.000573
51921		-0.131850	-0.171475	-0.976326	-0.597204	-0.772373	0.216305	-0.791178	0.611585	-0.000568
51922		-0.131854	-0.171417	-0.976335	-0.597327	-0.772290	0.216262	-0.791085	0.611706	-0.000562
51923		-0.131863	-0.171369	-0.976343	-0.597430	-0.772219	0.216229	-0.791005	0.611809	-0.000554
51924		-0.131836	-0.171297	-0.976359	-0.597528	-0.772164	0.216155	-0.790936	0.611899	-0.000556
51925		-0.131864	-0.171260	-0.976362	-0.597726	-0.772014	0.216143	-0.790782	0.612098	-0.000566
51926		-0.131866	-0.171196	-0.976372	-0.597921	-0.771877	0.216094	-0.790634	0.612289	-0.000578
51927		-0.131855	-0.171214	-0.976371	-0.597943	-0.771858	0.216101	-0.790619	0.612308	-0.000602
51928		-0.131836	-0.171143	-0.976386	-0.598238	-0.771648	0.216033	-0.790399	0.612592	-0.000653
51929		-0.131860	-0.171127	-0.976385	-0.598594	-0.771372	0.216034	-0.790126	0.612944	-0.000723
51930		-0.131864	-0.171095	-0.976390	-0.598829	-0.771196	0.216012	-0.789947	0.613175	-0.000764
51931		-0.131850	-0.171112	-0.976389	-0.598941	-0.771108	0.216016	-0.789864	0.613281	-0.000815
51932		-0.131863	-0.171088	-0.976392	-0.599070	-0.771010	0.216005	-0.789764	0.613410	-0.000826
51933		-0.131880	-0.171103	-0.976387	-0.599022	-0.771041	0.216028	-0.789798	0.613367	-0.000809
51934		-0.131853	-0.171083	-0.976394	-0.599114	-0.770979	0.215995	-0.789732	0.613451	-0.000843
51935		-0.131805	-0.171088	-0.976400	-0.599062	-0.771027	0.215969	-0.789780	0.613390	-0.000867
51936		-0.131821	-0.171101	-0.976395	-0.599159	-0.770945	0.215990	-0.789703	0.613488	-0.000890
51937		-0.131836	-0.171093	-0.976395	-0.599383	-0.770771	0.215993	-0.789531	0.613710	-0.000935
51938		-0.131852	-0.171068	-0.976397	-0.599532	-0.770658	0.215982	-0.789416	0.613858	-0.000948
51939		-0.131829	-0.171068	-0.976400	-0.599613	-0.770598	0.215967	-0.789357	0.613933	-0.000988
51940		-0.131819	-0.171044	-0.976406	-0.599751	-0.770499	0.215943	-0.789255	0.614065	-0.001017
51941		-0.131847	-0.171008	-0.976408	-0.600003	-0.770305	0.215932	-0.789058	0.614318	-0.001043
51942		-0.131833	-0.170954	-0.976419	-0.600080	-0.770259	0.215880	-0.789002	0.614390	-0.001041
51943		-0.131788	-0.170955	-0.976425	-0.600039	-0.770299	0.215853	-0.789040	0.614341	-0.001064
51944		-0.131748	-0.170975	-0.976427	-0.600074	-0.770274	0.215844	-0.789020	0.614366	-0.001115
51945		-0.131742	-0.170944	-0.976433	-0.600192	-0.770190	0.215816	-0.788932	0.614479	-0.001133
51946		-0.131740	-0.170961	-0.976431	-0.600244	-0.770146	0.215828	-0.788893	0.614530	-0.001159
51947		-0.131749	-0.170980	-0.976426	-0.600387	-0.770029	0.215849	-0.788782	0.614671	-0.001204
51948		-0.131770	-0.171017	-0.976417	-0.600405	-0.770003	0.215891	-0.788765	0.614694	-0.001216
51949		-0.131787	-0.171047	-0.976409	-0.600446	-0.769962	0.215925	-0.788731	0.614737	-0.001233
51950		-0.131800	-0.171050	-0.976407	-0.600457	-0.769950	0.215935	-0.788721	0.614750	-0.001229
51951		-0.131836	-0.171089	-0.976395	-0.600524	-0.769883	0.215987	-0.788664	0.614824	-0.001245
51952		-0.131880	-0.171093	-0.976389	-0.600514	-0.769883	0.216017	-0.788664	0.614823	-0.001211
51953		-0.131930	-0.171141	-0.976373	-0.600517	-0.769861	0.216087	-0.788653	0.614837	-0.001205
51954		-0.131974	-0.171178	-0.976361	-0.600528	-0.769837	0.216142	-0.788638	0.614857	-0.001198
51955		-0.131991	-0.171235	-0.976349	-0.600422	-0.769904	0.216198	-0.788715	0.614757	-0.001192
51956		-0.132081	-0.171283	-0.976328	-0.600482	-0.769830	0.216292	-0.788654	0.614836	-0.001173
51957		-0.132161	-0.171364	-0.976303	-0.600551	-0.769745	0.216404	-0.788588	0.614920	-0.001183
51958		-0.132247	-0.171448	-0.976277	-0.600613	-0.769663	0.216523	-0.788527	0.614999	-0.001188
51959		-0.132355	-0.171576	-0.976240	-0.600588	-0.769636	0.216691	-0.788528	0.614998	-0.001181
51960		-0.132435	-0.171677	-0.976211	-0.600657	-0.769545	0.216819	-0.788462	0.615083	-0.001204
51961		-0.132503	-0.171748	-0.976189	-0.600673	-0.769506	0.216917	-0.788438	0.615113	-0.001203
51962		-0.132568	-0.171818	-0.976168	-0.600696	-0.769461	0.217012	-0.788410	0.615149	-0.001205
51963		-0.132618	-0.171835	-0.976158	-0.600920	-0.769274	0.217056	-0.788231	0.615378	-0.001240
51964		-0.132598	-0.171857	-0.976157	-0.600927	-0.769267	0.217061	-0.788229	0.615381	-0.001270
51965		-0.132578	-0.171882	-0.976156	-0.600916	-0.769273	0.217068	-0.788240	0.615366	-0.001298
51966		-0.132511	-0.171879	-0.976165	-0.601038	-0.769191	0.217024	-0.788159	0.615470	-0.001379
51967		-0.132402	-0.171853	-0.976185	-0.601067	-0.769192	0.216937	-0.788155	0.615475	-0.001453
51968		-0.132342	-0.171852	-0.976193	-0.601155	-0.769134	0.216900	-0.788098	0.615548	-0.001521
51969		-0.132228	-0.171867	-0.976206	-0.601165	-0.769143	0.216840	-0.788109	0.615533	-0.001619
51970		-0.132147	-0.171853	-0.976219	-0.601215	-0.769121	0.216779	-0.788085	0.615564	-0.001683
51971		-0.132043	-0.171867	-0.976231	-0.601142	-0.769193	0.216727	-0.788158	0.615471	-0.001749
51972		-0.131962	-0.171826	-0.976249	-0.601079	-0.769266	0.216645	-0.788220	0.615391	-0.001767
51973		-0.131898	-0.171796	-0.976263	-0.601001	-0.769344	0.216582	-0.788289	0.615302	-0.001774
51974		-0.131792	-0.171776	-0.976281	-0.600901	-0.769445	0.216502	-0.788384	0.615181	-0.001813
51975		-0.131670	-0.171790	-0.976295	-0.600650	-0.769659	0.216438	-0.788596	0.614909	-0.001845
51976		-0.131551	-0.171733	-0.976321	-0.600595	-0.769735	0.216320	-0.788657	0.614830	-0.001883
51977		-0.131483	-0.171722	-0.976332	-0.600668	-0.769691	0.216270	-0.788613	0.614887	-0.001947
51978		-0.131389	-0.171762	-0.976337	-0.600707	-0.769669	0.216243	-0.788599	0.614905	-0.002052
51979		-0.131325	-0.171871	-0.976327	-0.600734	-0.769635	0.216290	-0.788589	0.614917	-0.002177
51980		-0.131309	-0.171976	-0.976310	-0.600796	-0.769566	0.216363	-0.788544	0.614974	-0.002271
51981		-0.131317	-0.172079	-0.976291	-0.600945	-0.769425	0.216448	-0.788429	0.615121	-0.002371
51982		-0.131329	-0.172207	-0.976267	-0.600921	-0.769414	0.216556	-0.788446	0.615099	-0.002436
51983		-0.131278	-0.172401	-0.976240	-0.600462	-0.769737	0.216679	-0.788804	0.614640	-0.002471
51984		-0.131330	-0.172518	-0.976212	-0.600336	-0.769801	0.216804	-0.788891	0.614528	-0.002471
51985		-0.131322	-0.172721	-0.976177	-0.599903	-0.770094	0.216961	-0.789222	0.614104	-0.002485
51986		-0.131373	-0.172832	-0.976151	-0.599849	-0.770102	0.217080	-0.789254	0.614062	-0.002503
51987		-0.131431	-0.172934	-0.976125	-0.599781	-0.770123	0.217195	-0.789296	0.614007	-0.002504
51988		-0.131511	-0.173035	-0.976096	-0.599850	-0.770033	0.217324	-0.789231	0.614092	-0.002527
51989		-0.131582	-0.173155	-0.976065	-0.599901	-0.769954	0.217462	-0.789180	0.614157	-0.002563
51990		-0.131662	-0.173203	-0.976046	-0.599975	-0.769872	0.217549	-0.789110	0.614246	-0.002554
51991		-0.131770	-0.173266	-0.976020	-0.600027	-0.769798	0.217665	-0.789052	0.614321	-0.002528
51992		-0.131839	-0.173268	-0.976011	-0.600028	-0.769785	0.217709	-0.789040	0.614336	-0.002477
51993		-0.131907	-0.173269	-0.976001	-0.599865	-0.769900	0.217752	-0.789153	0.614192	-0.002383
51994		-0.131984	-0.173240	-0.975996	-0.599812	-0.769934	0.217776	-0.789180	0.614157	-0.002292
51995		-0.132069	-0.173240	-0.975984	-0.599681	-0.770022	0.217829	-0.789266	0.614048	-0.002193
51996		-0.132148	-0.173223	-0.975977	-0.599694	-0.770002	0.217864	-0.789243	0.614077	-0.002127
51997		-0.132208	-0.173212	-0.975971	-0.599885	-0.769845	0.217891	-0.789088	0.614277	-0.002127
51998		-0.132345	-0.173187	-0.975957	-0.599979	-0.769753	0.217956	-0.788993	0.614399	-0.002035
51999		-0.132419	-0.173198	-0.975944	-0.600037	-0.769693	0.218010	-0.788936	0.614472	-0.002003
52000		-0.132481	-0.173106	-0.975952	-0.600128	-0.769632	0.217975	-0.788857	0.614574	-0.001924
52001		-0.132513	-0.173062	-0.975956	-0.599964	-0.769764	0.217960	-0.788976	0.614421	-0.001827
52002		-0.132540	-0.172950	-0.975972	-0.599872	-0.769856	0.217889	-0.789042	0.614337	-0.001711
52003		-0.132508	-0.172833	-0.975997	-0.599706	-0.770017	0.217778	-0.789173	0.614169	-0.001615
52004		-0.132474	-0.172699	-0.976025	-0.599702	-0.770055	0.217651	-0.789182	0.614158	-0.001556
52005		-0.132420	-0.172611	-0.976048	-0.599653	-0.770123	0.217548	-0.789228	0.614098	-0.001527
52006		-0.132380	-0.172539	-0.976067	-0.599744	-0.770075	0.217467	-0.789166	0.614178	-0.001537
52007		-0.132298	-0.172561	-0.976074	-0.599624	-0.770178	0.217434	-0.789271	0.614043	-0.001579
52008		-0.132230	-0.172572	-0.976081	-0.599791	-0.770057	0.217401	-0.789155	0.614192	-0.001683
52009		-0.132171	-0.172607	-0.976083	-0.599885	-0.769986	0.217391	-0.789093	0.614271	-0.001775
52010		-0.132137	-0.172624	-0.976084	-0.599959	-0.769931	0.217384	-0.789043	0.614335	-0.001831
52011		-0.132053	-0.172645	-0.976092	-0.599867	-0.770013	0.217349	-0.789127	0.614227	-0.001882
52012		-0.132018	-0.172616	-0.976102	-0.599853	-0.770036	0.217305	-0.789144	0.614206	-0.001886
52013		-0.131913	-0.172603	-0.976118	-0.599637	-0.770225	0.217230	-0.789325	0.613972	-0.001896
52014		-0.131867	-0.172535	-0.976137	-0.599689	-0.770208	0.217149	-0.789294	0.614013	-0.001902
52015		-0.131795	-0.172517	-0.976150	-0.599656	-0.770250	0.217090	-0.789331	0.613965	-0.001935
52016		-0.131748	-0.172423	-0.976172	-0.599806	-0.770162	0.216987	-0.789225	0.614101	-0.001954
52017		-0.131684	-0.172317	-0.976200	-0.600056	-0.770002	0.216863	-0.789045	0.614332	-0.002003
52018		-0.131626	-0.172223	-0.976224	-0.600219	-0.769906	0.216753	-0.788930	0.614479	-0.002032
52019		-0.131549	-0.172178	-0.976243	-0.600250	-0.769905	0.216671	-0.788920	0.614492	-0.002069
52020		-0.131476	-0.172133	-0.976260	-0.600244	-0.769932	0.216590	-0.788937	0.614471	-0.002094
52021		-0.131407	-0.172082	-0.976279	-0.600232	-0.769965	0.216507	-0.788957	0.614444	-0.002110
52022		-0.131396	-0.172078	-0.976281	-0.600112	-0.770061	0.216499	-0.789050	0.614325	-0.002083
52023		-0.131323	-0.172099	-0.976287	-0.599769	-0.770336	0.216471	-0.789324	0.613974	-0.002056
52024		-0.131280	-0.172075	-0.976297	-0.599696	-0.770405	0.216426	-0.789386	0.613894	-0.002054
52025		-0.131285	-0.172039	-0.976303	-0.599806	-0.770327	0.216399	-0.789301	0.614003	-0.002058
52026		-0.131256	-0.172026	-0.976309	-0.599806	-0.770335	0.216372	-0.789306	0.613996	-0.002071
52027		-0.131251	-0.171998	-0.976314	-0.599982	-0.770205	0.216347	-0.789173	0.614167	-0.002106
52028		-0.131225	-0.171985	-0.976320	-0.600001	-0.770198	0.216320	-0.789163	0.614180	-0.002122
52029		-0.131136	-0.172034	-0.976323	-0.599732	-0.770412	0.216305	-0.789383	0.613897	-0.002146
52030		-0.131092	-0.172025	-0.976331	-0.599706	-0.770442	0.216270	-0.789410	0.613863	-0.002166
52031		-0.131077	-0.172020	-0.976334	-0.599785	-0.770383	0.216258	-0.789352	0.613937	-0.002195
52032		-0.131040	-0.171993	-0.976344	-0.599752	-0.770422	0.216213	-0.789384	0.613896	-0.002197
52033		-0.130989	-0.172053	-0.976340	-0.599463	-0.770641	0.216231	-0.789611	0.613604	-0.002194
52034		-0.130965	-0.172045	-0.976345	-0.599410	-0.770689	0.216209	-0.789656	0.613546	-0.002192
52035		-0.130920	-0.172102	-0.976340	-0.599164	-0.770874	0.216228	-0.789849	0.613297	-0.002195
52036		-0.130909	-0.172106	-0.976341	-0.599183	-0.770861	0.216224	-0.789837	0.613313	-0.002210
52037		-0.130890	-0.172148	-0.976336	-0.599150	-0.770881	0.216246	-0.789866	0.613276	-0.002242
52038		-0.130851	-0.172136	-0.976344	-0.599163	-0.770880	0.216212	-0.789862	0.613280	-0.002266
52039		-0.130811	-0.172212	-0.976336	-0.598914	-0.771064	0.216248	-0.790058	0.613028	-0.002277
52040		-0.130792	-0.172167	-0.976346	-0.598878	-0.771104	0.216202	-0.790087	0.612990	-0.002253
52041		-0.130753	-0.172226	-0.976341	-0.598712	-0.771227	0.216224	-0.790220	0.612819	-0.002274
52042		-0.130750	-0.172198	-0.976346	-0.598677	-0.771261	0.216201	-0.790247	0.612784	-0.002249
52043		-0.130768	-0.172215	-0.976341	-0.598668	-0.771261	0.216225	-0.790251	0.612780	-0.002244
52044		-0.130770	-0.172237	-0.976337	-0.598667	-0.771257	0.216244	-0.790251	0.612779	-0.002255
52045		-0.130793	-0.172324	-0.976318	-0.598547	-0.771326	0.216327	-0.790338	0.612667	-0.002260
52046		-0.130792	-0.172361	-0.976312	-0.598572	-0.771298	0.216355	-0.790319	0.612691	-0.002291
52047		-0.130784	-0.172408	-0.976305	-0.598542	-0.771313	0.216388	-0.790344	0.612659	-0.002318
52048		-0.130827	-0.172479	-0.976286	-0.598572	-0.771267	0.216470	-0.790314	0.612698	-0.002339
52049		-0.130824	-0.172569	-0.976271	-0.598577	-0.771243	0.216539	-0.790310	0.612702	-0.002398
52050		-0.130844	-0.172620	-0.976259	-0.598641	-0.771179	0.216592	-0.790258	0.612769	-0.002433
52051		-0.130855	-0.172690	-0.976245	-0.598671	-0.771138	0.216653	-0.790234	0.612800	-0.002477
52052		-0.130860	-0.172743	-0.976235	-0.598710	-0.771096	0.216698	-0.790204	0.612839	-0.002518
52053		-0.130865	-0.172805	-0.976224	-0.598772	-0.771033	0.216750	-0.790156	0.612900	-0.002569
52054		-0.130895	-0.172876	-0.976207	-0.598796	-0.770993	0.216825	-0.790133	0.612930	-0.002598
52055		-0.130923	-0.172902	-0.976199	-0.598947	-0.770865	0.216861	-0.790014	0.613084	-0.002635
52056		-0.130923	-0.172945	-0.976191	-0.598900	-0.770892	0.216896	-0.790049	0.613038	-0.002649
52057		-0.130888	-0.172993	-0.976187	-0.598829	-0.770942	0.216912	-0.790109	0.612961	-0.002687
52058		-0.130853	-0.173004	-0.976190	-0.598764	-0.770997	0.216900	-0.790164	0.612889	-0.002701
52059		-0.130787	-0.173034	-0.976194	-0.598545	-0.771171	0.216884	-0.790341	0.612661	-0.002710
52060		-0.130759	-0.173028	-0.976198	-0.598472	-0.771234	0.216862	-0.790401	0.612584	-0.002706
52061		-0.130810	-0.172988	-0.976199	-0.598566	-0.771161	0.216862	-0.790321	0.612687	-0.002669
52062		-0.130760	-0.172962	-0.976210	-0.598526	-0.771206	0.216811	-0.790359	0.612638	-0.002680
52063		-0.130733	-0.172909	-0.976223	-0.598484	-0.771255	0.216752	-0.790396	0.612591	-0.002655
52064		-0.130677	-0.172794	-0.976251	-0.598462	-0.771308	0.216627	-0.790422	0.612557	-0.002619
52065		-0.130613	-0.172782	-0.976262	-0.598193	-0.771530	0.216579	-0.790636	0.612281	-0.002585
52066		-0.130562	-0.172690	-0.976285	-0.598092	-0.771637	0.216476	-0.790721	0.612172	-0.002539
52067		-0.130524	-0.172574	-0.976310	-0.598136	-0.771635	0.216361	-0.790694	0.612207	-0.002506
52068		-0.130481	-0.172498	-0.976329	-0.598068	-0.771712	0.216275	-0.790752	0.612131	-0.002472
52069		-0.130387	-0.172451	-0.976350	-0.597810	-0.771938	0.216181	-0.790963	0.611859	-0.002443
52070		-0.130357	-0.172340	-0.976374	-0.597727	-0.772032	0.216075	-0.791030	0.611772	-0.002373
52071		-0.130277	-0.172279	-0.976395	-0.597302	-0.772388	0.215979	-0.791365	0.611340	-0.002278
52072		-0.130241	-0.172186	-0.976417	-0.597227	-0.772473	0.215883	-0.791428	0.611259	-0.002226
52073		-0.130161	-0.172090	-0.976444	-0.597024	-0.772664	0.215759	-0.791594	0.611044	-0.002171
52074		-0.130148	-0.171963	-0.976468	-0.596919	-0.772775	0.215651	-0.791675	0.610939	-0.002073
52075		-0.130131	-0.171857	-0.976489	-0.596862	-0.772846	0.215557	-0.791721	0.610879	-0.002004
52076		-0.130112	-0.171713	-0.976517	-0.596744	-0.772972	0.215432	-0.791813	0.610761	-0.001896
52077		-0.130099	-0.171623	-0.976535	-0.596689	-0.773037	0.215353	-0.791857	0.610704	-0.001834
52078		-0.130058	-0.171499	-0.976562	-0.596553	-0.773176	0.215230	-0.791966	0.610563	-0.001750
52079		-0.129987	-0.171406	-0.976588	-0.596201	-0.773479	0.215114	-0.792242	0.610204	-0.001650
52080		-0.129952	-0.171332	-0.976605	-0.596099	-0.773580	0.215034	-0.792324	0.610098	-0.001603
52081		-0.129940	-0.171288	-0.976614	-0.596001	-0.773667	0.214992	-0.792400	0.610000	-0.001558
52082		-0.129906	-0.171246	-0.976626	-0.595940	-0.773729	0.214938	-0.792451	0.609933	-0.001540
52083		-0.129841	-0.171252	-0.976634	-0.595751	-0.773885	0.214903	-0.792605	0.609734	-0.001542
52084		-0.129811	-0.171213	-0.976645	-0.595637	-0.773986	0.214855	-0.792695	0.609616	-0.001509
52085		-0.129776	-0.171165	-0.976658	-0.595651	-0.773992	0.214795	-0.792690	0.609623	-0.001509
52086		-0.129717	-0.171116	-0.976674	-0.595440	-0.774175	0.214721	-0.792859	0.609404	-0.001466
52087		-0.129653	-0.171097	-0.976686	-0.595156	-0.774408	0.214667	-0.793082	0.609113	-0.001425
52088		-0.129626	-0.171029	-0.976702	-0.594949	-0.774586	0.214597	-0.793242	0.608905	-0.001348
52089		-0.129524	-0.171000	-0.976720	-0.594728	-0.774779	0.214513	-0.793424	0.608667	-0.001346
52090		-0.129441	-0.170947	-0.976741	-0.594597	-0.774905	0.214420	-0.793536	0.608522	-0.001340
52091		-0.129381	-0.170946	-0.976749	-0.594441	-0.775035	0.214383	-0.793662	0.608357	-0.001343
52092		-0.129325	-0.170942	-0.976757	-0.594337	-0.775126	0.214347	-0.793750	0.608243	-0.001354
52093		-0.129279	-0.170950	-0.976762	-0.594239	-0.775206	0.214325	-0.793831	0.608137	-0.001367
52094		-0.129204	-0.170964	-0.976769	-0.594136	-0.775295	0.214290	-0.793920	0.608021	-0.001405
52095		-0.129139	-0.170987	-0.976774	-0.593917	-0.775468	0.214269	-0.794094	0.607793	-0.001408
52096		-0.129091	-0.171004	-0.976777	-0.593753	-0.775598	0.214254	-0.794225	0.607623	-0.001412
52097		-0.129107	-0.171038	-0.976769	-0.593698	-0.775630	0.214291	-0.794264	0.607572	-0.001406
52098		-0.129132	-0.171099	-0.976755	-0.593636	-0.775660	0.214355	-0.794305	0.607517	-0.001408
52099		-0.129131	-0.171219	-0.976734	-0.593421	-0.775798	0.214450	-0.794466	0.607307	-0.001425
52100		-0.129185	-0.171356	-0.976703	-0.593499	-0.775700	0.214592	-0.794400	0.607394	-0.001491
52101		-0.129264	-0.171533	-0.976661	-0.593522	-0.775630	0.214780	-0.794369	0.607433	-0.001547
52102		-0.129317	-0.171631	-0.976637	-0.593651	-0.775500	0.214890	-0.794264	0.607571	-0.001604
52103		-0.129400	-0.171730	-0.976609	-0.593762	-0.775380	0.215018	-0.794168	0.607697	-0.001633
52104		-0.129438	-0.171756	-0.976599	-0.593685	-0.775426	0.215063	-0.794219	0.607630	-0.001599
52105		-0.129433	-0.171834	-0.976586	-0.593354	-0.775664	0.215121	-0.794467	0.607305	-0.001562
52106		-0.129457	-0.171829	-0.976584	-0.593231	-0.775755	0.215132	-0.794555	0.607190	-0.001508
52107		-0.129443	-0.171843	-0.976583	-0.593134	-0.775828	0.215135	-0.794630	0.607092	-0.001500
52108		-0.129435	-0.171845	-0.976584	-0.593171	-0.775800	0.215132	-0.794603	0.607127	-0.001517
52109		-0.129435	-0.171874	-0.976579	-0.593384	-0.775632	0.215155	-0.794445	0.607334	-0.001594
52110		-0.129461	-0.171916	-0.976568	-0.593579	-0.775469	0.215204	-0.794295	0.607530	-0.001653
52111		-0.129397	-0.172066	-0.976550	-0.593533	-0.775482	0.215284	-0.794340	0.607471	-0.001781
52112		-0.129417	-0.172144	-0.976533	-0.593709	-0.775326	0.215358	-0.794204	0.607648	-0.001863
52113		-0.129396	-0.172179	-0.976530	-0.593854	-0.775211	0.215372	-0.794100	0.607784	-0.001940
52114		-0.129341	-0.172168	-0.976539	-0.593841	-0.775233	0.215330	-0.794118	0.607760	-0.001971
52115		-0.129265	-0.172210	-0.976542	-0.593561	-0.775450	0.215318	-0.794340	0.607471	-0.001978
52116		-0.129196	-0.172149	-0.976562	-0.593528	-0.775501	0.215227	-0.794376	0.607423	-0.001984
52117		-0.129175	-0.172085	-0.976576	-0.593626	-0.775443	0.215164	-0.794306	0.607515	-0.001986
52118		-0.129153	-0.172044	-0.976586	-0.593782	-0.775337	0.215117	-0.794193	0.607662	-0.002020
52119		-0.129172	-0.171943	-0.976601	-0.594333	-0.774934	0.215047	-0.793778	0.608204	-0.002091
52120		-0.129216	-0.171942	-0.976596	-0.594624	-0.774704	0.215073	-0.793552	0.608498	-0.002137
52121		-0.129175	-0.171968	-0.976597	-0.594728	-0.774625	0.215068	-0.793481	0.608591	-0.002212
52122		-0.129161	-0.171941	-0.976603	-0.594916	-0.774489	0.215038	-0.793342	0.608772	-0.002257
52123		-0.129119	-0.171911	-0.976614	-0.594925	-0.774496	0.214989	-0.793343	0.608771	-0.002272
52124		-0.129082	-0.171851	-0.976629	-0.594870	-0.774558	0.214918	-0.793390	0.608709	-0.002247
52125		-0.128938	-0.171710	-0.976673	-0.594637	-0.774792	0.214720	-0.793588	0.608452	-0.002205
52126		-0.128872	-0.171568	-0.976707	-0.594515	-0.774928	0.214567	-0.793690	0.608319	-0.002134
52127		-0.128745	-0.171356	-0.976761	-0.594270	-0.775183	0.214322	-0.793894	0.608053	-0.002031
52128		-0.128632	-0.171228	-0.976798	-0.594210	-0.775276	0.214152	-0.793957	0.607970	-0.002020
52129		-0.128617	-0.171236	-0.976799	-0.594064	-0.775389	0.214150	-0.794069	0.607825	-0.001997
52130		-0.128698	-0.171278	-0.976781	-0.594230	-0.775239	0.214232	-0.793932	0.608003	-0.002007
52131		-0.128883	-0.171484	-0.976720	-0.594605	-0.774876	0.214507	-0.793621	0.608409	-0.002097
52132		-0.129212	-0.171814	-0.976619	-0.594791	-0.774605	0.214969	-0.793428	0.608660	-0.002105
52133		-0.129702	-0.172323	-0.976464	-0.594584	-0.774568	0.215670	-0.793503	0.608563	-0.001997
52134		-0.130358	-0.173055	-0.976247	-0.594157	-0.774622	0.216652	-0.793716	0.608286	-0.001844
52135		-0.131275	-0.173930	-0.975969	-0.593721	-0.774606	0.217904	-0.793891	0.608058	-0.001580
52136		-0.132499	-0.175025	-0.975608	-0.592854	-0.774813	0.219519	-0.794335	0.607479	-0.001102
52137		-0.134288	-0.176438	-0.975108	-0.592184	-0.774697	0.221728	-0.794534	0.607219	-0.000451
52138		-0.136575	-0.178194	-0.974471	-0.591756	-0.774222	0.224512	-0.794463	0.607312	0.000292
52139		-0.139434	-0.180441	-0.973652	-0.591538	-0.773359	0.228034	-0.794129	0.607748	0.001094
52140		-0.142946	-0.183234	-0.972621	-0.591777	-0.771878	0.232389	-0.793326	0.608794	0.001903
52141		-0.147200	-0.186788	-0.971310	-0.592118	-0.769965	0.237803	-0.792293	0.610134	0.002739
52142		-0.152514	-0.191369	-0.969596	-0.592293	-0.767672	0.244681	-0.791157	0.611602	0.003734
52143		-0.158862	-0.197090	-0.967429	-0.591931	-0.765219	0.253096	-0.790178	0.612858	0.004900
52144		-0.166128	-0.204052	-0.964761	-0.591042	-0.762543	0.263056	-0.789349	0.613915	0.006076
52145		-0.174153	-0.212149	-0.961594	-0.587507	-0.761290	0.274360	-0.790257	0.612724	0.007942
52146		-0.182725	-0.221029	-0.957997	-0.580351	-0.762280	0.286568	-0.793602	0.608338	0.011013
52147		-0.191581	-0.230571	-0.954009	-0.568998	-0.765909	0.299373	-0.799711	0.600184	0.015539
52148		-0.200993	-0.240525	-0.949605	-0.554224	-0.771400	0.312694	-0.807736	0.589143	0.021741
52149		-0.211289	-0.250610	-0.944750	-0.535945	-0.778606	0.326399	-0.817386	0.575298	0.030198
52150		-0.222907	-0.260295	-0.939446	-0.515856	-0.786213	0.340238	-0.827167	0.560460	0.040978
52151		-0.235695	-0.270332	-0.933471	-0.493815	-0.793972	0.354618	-0.837015	0.544544	0.053641
52152		-0.249667	-0.280713	-0.926750	-0.471957	-0.800412	0.369591	-0.845531	0.529661	0.067352
52153		-0.264628	-0.292145	-0.919034	-0.451460	-0.804595	0.385760	-0.852148	0.516990	0.081027
52154		-0.280545	-0.304701	-0.910193	-0.434600	-0.805177	0.403500	-0.855814	0.508770	0.093465
52155		-0.296602	-0.319216	-0.900071	-0.419268	-0.803272	0.423047	-0.858045	0.502848	0.104415
52156		-0.313303	-0.334702	-0.888716	-0.406792	-0.798326	0.444068	-0.858115	0.500651	0.113964
52157		-0.330156	-0.351354	-0.876098	-0.394016	-0.792116	0.466158	-0.857758	0.499101	0.123083
52158		-0.347463	-0.368253	-0.862357	-0.380528	-0.785151	0.488607	-0.857011	0.497924	0.132680
52159		-0.364861	-0.385422	-0.847541	-0.364284	-0.778634	0.510908	-0.856839	0.495156	0.143690
52160		-0.382735	-0.402178	-0.831726	-0.346431	-0.772105	0.532765	-0.856446	0.492043	0.156184
52161		-0.400979	-0.418847	-0.814729	-0.325823	-0.765999	0.554153	-0.856187	0.487661	0.170679
52162		-0.419757	-0.435172	-0.796511	-0.303251	-0.759894	0.574978	-0.855478	0.482894	0.187005
52163		-0.438489	-0.451770	-0.776937	-0.278031	-0.753883	0.595280	-0.854650	0.477037	0.204964
52164		-0.457125	-0.468246	-0.756163	-0.251729	-0.747313	0.614944	-0.853035	0.471455	0.223745
52165		-0.475008	-0.485273	-0.734083	-0.223869	-0.740116	0.634122	-0.851029	0.465551	0.242923
52166		-0.492447	-0.502382	-0.710710	-0.196055	-0.731568	0.652971	-0.847973	0.460891	0.261764
52167		-0.509267	-0.519744	-0.685939	-0.168174	-0.721572	0.671603	-0.844017	0.457383	0.280066
52168		-0.525524	-0.537219	-0.659712	-0.139725	-0.710394	0.689795	-0.839227	0.454682	0.298266
52169		-0.541163	-0.554691	-0.632029	-0.110658	-0.698085	0.707413	-0.833605	0.452765	0.316397
52170		-0.556110	-0.571971	-0.602985	-0.080624	-0.684971	0.724096	-0.827189	0.451292	0.334805
52171		-0.570317	-0.589109	-0.572441	-0.049054	-0.671219	0.739634	-0.819959	0.449906	0.353909
52172		-0.583774	-0.605785	-0.540585	-0.015682	-0.657277	0.753486	-0.811765	0.448342	0.374201
52173		-0.596182	-0.622090	-0.507514	0.019369	-0.643101	0.765536	-0.802615	0.446569	0.395455
52174		-0.607646	-0.637811	-0.473248	0.055487	-0.628511	0.775819	-0.792267	0.445164	0.417303
52175		-0.617858	-0.653041	-0.437937	0.092369	-0.613392	0.784358	-0.780845	0.444171	0.439310
52176		-0.626782	-0.667728	-0.401601	0.129618	-0.597573	0.791269	-0.768338	0.443899	0.461097
52177		-0.634170	-0.681942	-0.364394	0.167137	-0.581048	0.796522	-0.754913	0.444227	0.482461
52178		-0.639990	-0.695515	-0.326607	0.204714	-0.564032	0.799975	-0.740611	0.445115	0.503357
52179		-0.644064	-0.708597	-0.288221	0.242314	-0.546351	0.801738	-0.725579	0.446531	0.523589
52180		-0.646496	-0.721010	-0.249373	0.279669	-0.528088	0.801816	-0.709808	0.448629	0.543051
52181		-0.647230	-0.732804	-0.209980	0.316840	-0.509145	0.800240	-0.693329	0.451409	0.561716
52182		-0.646637	-0.743560	-0.170234	0.353544	-0.489900	0.796872	-0.675920	0.455101	0.579668
52183		-0.644508	-0.753373	-0.130533	0.389694	-0.470548	0.791658	-0.657836	0.459362	0.596857
52184		-0.641080	-0.762058	-0.091015	0.425350	-0.451503	0.784361	-0.638822	0.464125	0.613591
52185		-0.636129	-0.769852	-0.051656	0.460469	-0.432500	0.775186	-0.619119	0.469332	0.629618
52186		-0.629820	-0.776637	-0.012708	0.494634	-0.413634	0.764359	-0.598886	0.475122	0.644666
52187		-0.622136	-0.782486	0.025725	0.527595	-0.394749	0.752208	-0.578437	0.481548	0.658424
52188		-0.613247	-0.787325	0.063615	0.559237	-0.375888	0.738893	-0.557837	0.488700	0.670813
52189		-0.602987	-0.791351	0.100845	0.589667	-0.356988	0.724467	-0.537307	0.496309	0.681893
52190		-0.591586	-0.794459	0.137335	0.618702	-0.338124	0.709140	-0.516947	0.504487	0.691563
52191		-0.578944	-0.796860	0.172735	0.646250	-0.319272	0.693128	-0.497177	0.512912	0.699811
52192		-0.565087	-0.798684	0.206835	0.672284	-0.300441	0.676586	-0.478237	0.521382	0.706718
52193		-0.550069	-0.799955	0.239782	0.696801	-0.281375	0.659770	-0.460318	0.530000	0.712185
52194		-0.534049	-0.800677	0.271491	0.719953	-0.262340	0.642530	-0.443236	0.538604	0.716552
52195		-0.517191	-0.800786	0.302084	0.741818	-0.243381	0.624878	-0.426872	0.547272	0.719912
52196		-0.499853	-0.800135	0.331557	0.762423	-0.224871	0.606749	-0.410924	0.556072	0.722444
52197		-0.481714	-0.799009	0.359911	0.781779	-0.206259	0.588455	-0.395946	0.564838	0.724006
52198		-0.462941	-0.797431	0.387025	0.799890	-0.187707	0.570036	-0.381917	0.573471	0.724755
52199		-0.443563	-0.795484	0.412864	0.816831	-0.169236	0.551494	-0.368834	0.581863	0.724843
52200		-0.423832	-0.793072	0.437497	0.832721	-0.151184	0.532653	-0.356289	0.590068	0.724484
52201		-0.403673	-0.790374	0.460823	0.847489	-0.133270	0.513810	-0.344688	0.597954	0.723630
52202		-0.383351	-0.787366	0.482802	0.861061	-0.115588	0.495190	-0.334089	0.605553	0.722281
52203		-0.362832	-0.784085	0.503552	0.873440	-0.097843	0.477000	-0.324740	0.612893	0.720352
52204		-0.342222	-0.780611	0.523002	0.884708	-0.080203	0.459194	-0.316505	0.619850	0.718060
52205		-0.321369	-0.777038	0.541233	0.894963	-0.062449	0.441748	-0.309456	0.626348	0.715490
52206		-0.300237	-0.773428	0.558272	0.904392	-0.044777	0.424346	-0.303203	0.632301	0.712926
52207		-0.278886	-0.769773	0.574171	0.913065	-0.027295	0.406899	-0.297547	0.637734	0.710465
52208		-0.257380	-0.766172	0.588843	0.921000	-0.010092	0.389433	-0.292430	0.642557	0.708241
52209		-0.235656	-0.762753	0.602225	0.928110	0.007154	0.372238	-0.288234	0.646651	0.706232
52210		-0.213774	-0.759497	0.614381	0.934374	0.024536	0.355447	-0.285036	0.650048	0.704410
52211		-0.191726	-0.756435	0.625338	0.939844	0.042041	0.339008	-0.282727	0.652717	0.702870
52212		-0.169501	-0.753623	0.635076	0.944609	0.059527	0.322754	-0.281040	0.654606	0.701789
52213		-0.147013	-0.751150	0.643553	0.948678	0.077097	0.306702	-0.279995	0.655614	0.701266
52214		-0.124289	-0.749027	0.650777	0.952009	0.094859	0.290999	-0.279699	0.655714	0.701290
52215		-0.101146	-0.747316	0.656726	0.954671	0.112844	0.275443	-0.279950	0.654817	0.702027
52216		-0.077589	-0.746169	0.661220	0.956724	0.130846	0.259919	-0.280461	0.652773	0.703725
52217		-0.053631	-0.745470	0.664378	0.958186	0.148860	0.244378	-0.281076	0.649704	0.706315
52218		-0.029444	-0.745303	0.666076	0.959141	0.166525	0.228731	-0.281392	0.645596	0.709947
52219		-0.005110	-0.745477	0.666511	0.959485	0.184114	0.213283	-0.281712	0.640598	0.714334
52220		0.019116	-0.745990	0.665682	0.959276	0.201358	0.198102	-0.281823	0.634786	0.719460
52221		0.043219	-0.746697	0.663759	0.958589	0.218187	0.183035	-0.281495	0.628361	0.725205
52222		0.067144	-0.747631	0.660711	0.957593	0.234251	0.167754	-0.280190	0.621429	0.731656
52223		0.090659	-0.748783	0.656586	0.956272	0.249546	0.152549	-0.278074	0.614044	0.738664
52224		0.113754	-0.750113	0.651452	0.954404	0.264659	0.138086	-0.275993	0.606041	0.746017
52225		0.136387	-0.751613	0.645350	0.951981	0.279680	0.124542	-0.274099	0.597376	0.753666
52226		0.158397	-0.753193	0.638444	0.949015	0.294617	0.112120	-0.272545	0.588134	0.761458
52227		0.179719	-0.754717	0.630954	0.945650	0.309248	0.100553	-0.271010	0.578591	0.769276
52228		0.200096	-0.756140	0.623068	0.942113	0.323111	0.089564	-0.269043	0.569080	0.777023
52229		0.219338	-0.757376	0.615038	0.938548	0.335980	0.079027	-0.266494	0.559909	0.784527
52230		0.237068	-0.758331	0.607234	0.935186	0.347418	0.068764	-0.263110	0.551575	0.791542
52231		0.252986	-0.758986	0.599949	0.932201	0.357144	0.058727	-0.258841	0.544416	0.797880
52232		0.266601	-0.759304	0.593617	0.929744	0.364906	0.049197	-0.253969	0.538796	0.803242
52233		0.277873	-0.759240	0.588507	0.927787	0.370911	0.040447	-0.248993	0.534770	0.807480
52234		0.286702	-0.758765	0.584874	0.926373	0.375190	0.032635	-0.244201	0.532455	0.810468
52235		0.293169	-0.757855	0.582845	0.925486	0.377898	0.025852	-0.239848	0.531836	0.812172
52236		0.297261	-0.756591	0.582414	0.925111	0.379151	0.020368	-0.236233	0.532743	0.812637
52237		0.298923	-0.754974	0.583661	0.925287	0.378920	0.016251	-0.233430	0.535195	0.811835
52238		0.298193	-0.753023	0.586547	0.925970	0.377349	0.013698	-0.231648	0.539041	0.809799
52239		0.295059	-0.750811	0.590950	0.927137	0.374500	0.012892	-0.230990	0.544088	0.806605
52240		0.289754	-0.748225	0.596827	0.928638	0.370726	0.013922	-0.231676	0.550202	0.802249
52241		0.282526	-0.745239	0.603985	0.930383	0.366211	0.016651	-0.233595	0.557233	0.796822
52242		0.273427	-0.741918	0.612205	0.932405	0.360815	0.020827	-0.236345	0.565128	0.790425
52243		0.262695	-0.738279	0.621237	0.934646	0.354613	0.026199	-0.239641	0.573754	0.783185
52244		0.250443	-0.734347	0.630883	0.937129	0.347471	0.032441	-0.243037	0.583094	0.775199
52245		0.236784	-0.730192	0.640901	0.939844	0.339328	0.039373	-0.246225	0.593024	0.766613
52246		0.221704	-0.725858	0.651135	0.942704	0.330274	0.047197	-0.249312	0.603364	0.757493
52247		0.205375	-0.721321	0.661451	0.945642	0.320390	0.055775	-0.252154	0.614042	0.747911
52248		0.188002	-0.716657	0.671609	0.948483	0.310024	0.065312	-0.255021	0.624731	0.738022
52249		0.169637	-0.711830	0.681558	0.951171	0.299220	0.075767	-0.257869	0.635426	0.727831
52250		0.150374	-0.706765	0.691282	0.953746	0.287812	0.086790	-0.260299	0.646257	0.717354
52251		0.130341	-0.701589	0.700560	0.956076	0.276047	0.098572	-0.262544	0.656941	0.706753
52252		0.109708	-0.696271	0.709346	0.958003	0.264294	0.111257	-0.264941	0.667350	0.696025
52253		0.088564	-0.690897	0.717508	0.959434	0.252738	0.124939	-0.267661	0.677337	0.685254
52254		0.067036	-0.685451	0.725026	0.960267	0.241629	0.139652	-0.270912	0.686857	0.674414
52255		0.045251	-0.680142	0.731683	0.960500	0.230937	0.155267	-0.274576	0.695755	0.663726
52256		0.023309	-0.674882	0.737557	0.960144	0.220656	0.171562	-0.278531	0.704162	0.653128
52257		0.001418	-0.669868	0.742479	0.959238	0.210732	0.188291	-0.282594	0.711948	0.642862
52258		-0.020270	-0.665148	0.746436	0.957899	0.200938	0.205068	-0.286388	0.719168	0.633072
52259		-0.041869	-0.660793	0.749399	0.956205	0.190970	0.221814	-0.289686	0.725867	0.623858
52260		-0.063462	-0.656730	0.751451	0.954191	0.180678	0.238487	-0.292392	0.732162	0.615179
52261		-0.085115	-0.652986	0.752572	0.951816	0.170055	0.255201	-0.294621	0.738032	0.607048
52262		-0.106425	-0.649654	0.752744	0.949014	0.159552	0.271875	-0.296726	0.743299	0.599550
52263		-0.127068	-0.646923	0.751894	0.945819	0.149326	0.288319	-0.298798	0.747792	0.592898
52264		-0.146898	-0.644971	0.749955	0.942188	0.139609	0.304617	-0.301170	0.751347	0.587176
52265		-0.165877	-0.643698	0.747086	0.938179	0.130392	0.320653	-0.303818	0.754089	0.582275
52266		-0.184121	-0.642980	0.743422	0.933941	0.121299	0.336217	-0.306357	0.756216	0.578172
52267		-0.201376	-0.642688	0.739189	0.929621	0.112381	0.350964	-0.308632	0.757841	0.574825
52268		-0.217474	-0.642766	0.734545	0.925333	0.103696	0.364700	-0.310586	0.759012	0.572222
52269		-0.232238	-0.643187	0.729641	0.921054	0.095672	0.377500	-0.312609	0.759708	0.570192
52270		-0.245371	-0.643859	0.724734	0.917021	0.088321	0.388938	-0.314430	0.760030	0.568760
52271		-0.256696	-0.644762	0.719992	0.913377	0.081724	0.398828	-0.315990	0.760002	0.567933
52272		-0.266397	-0.645642	0.715667	0.910198	0.075786	0.407180	-0.317130	0.759870	0.567473
52273		-0.274450	-0.646326	0.711997	0.907568	0.070602	0.413926	-0.317800	0.759788	0.567209
52274		-0.281008	-0.646598	0.709186	0.905493	0.066215	0.419164	-0.317990	0.759952	0.566883
52275		-0.286058	-0.646335	0.707405	0.904087	0.062554	0.422745	-0.317485	0.760486	0.566449
52276		-0.289677	-0.645535	0.706663	0.903405	0.059465	0.424646	-0.316145	0.761412	0.565953
52277		-0.291952	-0.644188	0.706956	0.903403	0.056970	0.424991	-0.314049	0.762743	0.565328
52278		-0.292997	-0.642352	0.708192	0.904073	0.054902	0.423836	-0.311134	0.764440	0.564648
52279		-0.292819	-0.640142	0.710264	0.905307	0.053431	0.421384	-0.307696	0.766396	0.563879
52280		-0.291395	-0.637528	0.713195	0.907032	0.052748	0.417745	-0.303944	0.768619	0.562888
52281		-0.288801	-0.634460	0.716976	0.909282	0.052633	0.412838	-0.299666	0.771161	0.561703
52282		-0.285092	-0.631005	0.721495	0.912068	0.052852	0.406618	-0.294711	0.773976	0.560452
52283		-0.280365	-0.627187	0.726658	0.915198	0.053653	0.399417	-0.289497	0.777018	0.558958
52284		-0.274601	-0.623144	0.732315	0.918528	0.055288	0.391472	-0.284431	0.780151	0.557193
52285		-0.267767	-0.618959	0.738370	0.921938	0.058013	0.382968	-0.279876	0.783278	0.555108
52286		-0.260000	-0.614781	0.744610	0.925352	0.061702	0.374055	-0.275905	0.786281	0.552846
52287		-0.251380	-0.610555	0.751019	0.928783	0.066164	0.364670	-0.272341	0.789205	0.550441
52288		-0.242099	-0.606485	0.757340	0.932232	0.070963	0.354835	-0.268945	0.791922	0.548205
52289		-0.232159	-0.602616	0.763515	0.935641	0.076191	0.344631	-0.265854	0.794385	0.546144
52290		-0.221667	-0.598985	0.769468	0.938969	0.081764	0.334145	-0.263063	0.796575	0.544304
52291		-0.210472	-0.595797	0.775067	0.942188	0.087830	0.323369	-0.260736	0.798318	0.542867
