// Start Time: Unknown
// Update Rate: 100.0Hz
// Filter Profile: human (46.1)
// Option Flags: AHS Disabled ICC Disabled 
// Firmware Version: 4.0.2
PacketCounter	SampleTimeFine	Mat[1][1]	Mat[2][1]	Mat[3][1]	Mat[1][2]	Mat[2][2]	Mat[3][2]	Mat[1][3]	Mat[2][3]	Mat[3][3]
48935		-0.114974	-0.140836	-0.983334	0.673283	-0.738888	0.027103	-0.730391	-0.658947	0.179775
48936		-0.114939	-0.140829	-0.983339	0.673175	-0.738985	0.027149	-0.730496	-0.658838	0.179741
48937		-0.114891	-0.140830	-0.983345	0.672910	-0.739223	0.027248	-0.730748	-0.658572	0.179696
48938		-0.114746	-0.140717	-0.983378	0.672766	-0.739352	0.027296	-0.730903	-0.658451	0.179507
48939		-0.114659	-0.140780	-0.983379	0.672463	-0.739620	0.027476	-0.731195	-0.658136	0.179474
48940		-0.114518	-0.140775	-0.983396	0.672234	-0.739823	0.027624	-0.731428	-0.657909	0.179357
48941		-0.114530	-0.140888	-0.983379	0.671928	-0.740095	0.027777	-0.731707	-0.657579	0.179430
48942		-0.114479	-0.140951	-0.983375	0.671586	-0.740400	0.027942	-0.732029	-0.657222	0.179421
48943		-0.114472	-0.141010	-0.983368	0.671171	-0.740770	0.028093	-0.732411	-0.656792	0.179439
48944		-0.114460	-0.141032	-0.983366	0.670744	-0.741152	0.028222	-0.732804	-0.656356	0.179428
48945		-0.114535	-0.141072	-0.983352	0.670215	-0.741626	0.028331	-0.733276	-0.655812	0.179491
48946		-0.114558	-0.141094	-0.983346	0.669700	-0.742086	0.028459	-0.733743	-0.655286	0.179502
48947		-0.114665	-0.141061	-0.983338	0.669155	-0.742576	0.028495	-0.734223	-0.654738	0.179540
48948		-0.114795	-0.141017	-0.983329	0.668679	-0.743005	0.028491	-0.734636	-0.654261	0.179589
48949		-0.114911	-0.140929	-0.983328	0.668158	-0.743475	0.028473	-0.735092	-0.653746	0.179596
48950		-0.114918	-0.140759	-0.983352	0.667696	-0.743890	0.028452	-0.735511	-0.653310	0.179470
48951		-0.115026	-0.140638	-0.983356	0.667263	-0.744281	0.028394	-0.735886	-0.652892	0.179454
48952		-0.115016	-0.140402	-0.983391	0.667005	-0.744516	0.028285	-0.736122	-0.652674	0.179280
48953		-0.115026	-0.140235	-0.983414	0.666773	-0.744727	0.028208	-0.736331	-0.652469	0.179167
48954		-0.114911	-0.140018	-0.983458	0.666717	-0.744780	0.028135	-0.736400	-0.652455	0.178936
48955		-0.114851	-0.139851	-0.983489	0.666743	-0.744760	0.028042	-0.736385	-0.652514	0.178781
48956		-0.114748	-0.139666	-0.983527	0.666991	-0.744543	0.027911	-0.736176	-0.652801	0.178591
48957		-0.114687	-0.139609	-0.983543	0.667287	-0.744280	0.027837	-0.735918	-0.653113	0.178519
48958		-0.114598	-0.139594	-0.983555	0.667742	-0.743874	0.027775	-0.735519	-0.653578	0.178459
48959		-0.114507	-0.139598	-0.983565	0.668158	-0.743502	0.027739	-0.735155	-0.654001	0.178409
48960		-0.114303	-0.139562	-0.983594	0.668662	-0.743050	0.027726	-0.734729	-0.654523	0.178253
48961		-0.114196	-0.139590	-0.983602	0.669144	-0.742616	0.027702	-0.734306	-0.655008	0.178210
48962		-0.114024	-0.139553	-0.983628	0.669751	-0.742071	0.027644	-0.733779	-0.655634	0.178080
48963		-0.113793	-0.139509	-0.983661	0.670325	-0.741554	0.027626	-0.733291	-0.656228	0.177900
48964		-0.113516	-0.139432	-0.983704	0.671012	-0.740933	0.027589	-0.732705	-0.656945	0.177669
48965		-0.113257	-0.139334	-0.983747	0.671750	-0.740267	0.027511	-0.732069	-0.657716	0.177438
48966		-0.112963	-0.139175	-0.983804	0.672668	-0.739438	0.027368	-0.731271	-0.658682	0.177148
48967		-0.112719	-0.139033	-0.983852	0.673573	-0.738620	0.027208	-0.730476	-0.659629	0.176905
48968		-0.112435	-0.138826	-0.983913	0.674609	-0.737682	0.026994	-0.729562	-0.660722	0.176595
48969		-0.112243	-0.138716	-0.983951	0.675635	-0.736749	0.026794	-0.728641	-0.661784	0.176417
48970		-0.111986	-0.138541	-0.984005	0.676712	-0.735768	0.026577	-0.727682	-0.662911	0.176148
48971		-0.111831	-0.138395	-0.984043	0.677750	-0.734822	0.026322	-0.726739	-0.663991	0.175973
48972		-0.111616	-0.138189	-0.984096	0.678908	-0.733762	0.026035	-0.725690	-0.665205	0.175718
48973		-0.111427	-0.138001	-0.984144	0.679926	-0.732827	0.025778	-0.724765	-0.666273	0.175487
48974		-0.111179	-0.137711	-0.984213	0.680999	-0.731841	0.025472	-0.723795	-0.667416	0.175147
48975		-0.110947	-0.137484	-0.984271	0.681945	-0.730968	0.025234	-0.722939	-0.668419	0.174855
48976		-0.110672	-0.137223	-0.984338	0.683015	-0.729978	0.024970	-0.721971	-0.669554	0.174513
48977		-0.110359	-0.136935	-0.984413	0.684067	-0.729000	0.024718	-0.721023	-0.670677	0.174125
48978		-0.110006	-0.136609	-0.984498	0.685229	-0.727918	0.024440	-0.719972	-0.671918	0.173684
48979		-0.109691	-0.136360	-0.984568	0.686242	-0.726969	0.024229	-0.719055	-0.672994	0.173318
48980		-0.109255	-0.136023	-0.984663	0.687280	-0.725995	0.024032	-0.718129	-0.674114	0.172804
48981		-0.108821	-0.135731	-0.984751	0.688217	-0.725111	0.023892	-0.717297	-0.675123	0.172320
48982		-0.108247	-0.135396	-0.984861	0.689065	-0.724308	0.023840	-0.716570	-0.676052	0.171701
48983		-0.107620	-0.135004	-0.984983	0.689878	-0.723534	0.023793	-0.715881	-0.676958	0.171003
48984		-0.107144	-0.134724	-0.985073	0.690464	-0.722976	0.023778	-0.715388	-0.677610	0.170484
48985		-0.106579	-0.134433	-0.985174	0.690824	-0.722629	0.023872	-0.715125	-0.678037	0.169886
48986		-0.105811	-0.133925	-0.985326	0.691617	-0.721871	0.023846	-0.714472	-0.678945	0.169007
48987		-0.105345	-0.133816	-0.985391	0.692084	-0.721419	0.023980	-0.714088	-0.679447	0.168610
48988		-0.105021	-0.133816	-0.985426	0.692214	-0.721288	0.024175	-0.714010	-0.679586	0.168380
48989		-0.104494	-0.133569	-0.985515	0.692771	-0.720750	0.024230	-0.713547	-0.680204	0.167847
48990		-0.104181	-0.133438	-0.985566	0.693427	-0.720121	0.024199	-0.712956	-0.680897	0.167552
48991		-0.103985	-0.133373	-0.985596	0.693799	-0.719762	0.024201	-0.712622	-0.681288	0.167378
48992		-0.103741	-0.133213	-0.985643	0.694398	-0.719187	0.024114	-0.712074	-0.681927	0.167112
48993		-0.103556	-0.133042	-0.985686	0.694854	-0.718750	0.024011	-0.711656	-0.682421	0.166875
48994		-0.103383	-0.132864	-0.985728	0.695300	-0.718322	0.023898	-0.711245	-0.682906	0.166643
48995		-0.103342	-0.132652	-0.985761	0.695686	-0.717955	0.023682	-0.710874	-0.683333	0.166479
48996		-0.103254	-0.132440	-0.985798	0.696099	-0.717562	0.023492	-0.710482	-0.683787	0.166283
48997		-0.103225	-0.132155	-0.985840	0.696417	-0.717261	0.023231	-0.710175	-0.684157	0.166075
48998		-0.103213	-0.131821	-0.985886	0.696714	-0.716982	0.022927	-0.709885	-0.684514	0.165843
48999		-0.103258	-0.131500	-0.985924	0.696907	-0.716805	0.022617	-0.709689	-0.684762	0.165659
49000		-0.103310	-0.131067	-0.985976	0.697019	-0.716708	0.022240	-0.709572	-0.684946	0.165400
49001		-0.103449	-0.130682	-0.986012	0.696997	-0.716741	0.021867	-0.709573	-0.684985	0.165231
49002		-0.103508	-0.130297	-0.986057	0.697032	-0.716716	0.021538	-0.709530	-0.685084	0.165007
49003		-0.103608	-0.129863	-0.986104	0.697133	-0.716631	0.021129	-0.709416	-0.685256	0.164780
49004		-0.103744	-0.129457	-0.986143	0.697505	-0.716283	0.020652	-0.709031	-0.685697	0.164607
49005		-0.103821	-0.129083	-0.986184	0.697876	-0.715933	0.020240	-0.708654	-0.686132	0.164413
49006		-0.103832	-0.128754	-0.986226	0.698357	-0.715473	0.019882	-0.708178	-0.686673	0.164206
49007		-0.103941	-0.128480	-0.986250	0.698889	-0.714965	0.019484	-0.707638	-0.687254	0.164107
49008		-0.103908	-0.128173	-0.986294	0.699513	-0.714363	0.019139	-0.707025	-0.687937	0.163886
49009		-0.103880	-0.127872	-0.986336	0.700161	-0.713737	0.018791	-0.706387	-0.688642	0.163674
49010		-0.103911	-0.127633	-0.986363	0.700885	-0.713036	0.018429	-0.705665	-0.689412	0.163548
49011		-0.103993	-0.127440	-0.986379	0.701469	-0.712470	0.018096	-0.705072	-0.690033	0.163487
49012		-0.104088	-0.127195	-0.986401	0.702003	-0.711954	0.017728	-0.704527	-0.690611	0.163397
49013		-0.104177	-0.126940	-0.986425	0.702329	-0.711640	0.017406	-0.704189	-0.690981	0.163290
49014		-0.104175	-0.126756	-0.986448	0.702528	-0.711448	0.017227	-0.703990	-0.691213	0.163165
49015		-0.104165	-0.126490	-0.986484	0.702592	-0.711389	0.017028	-0.703927	-0.691322	0.162973
49016		-0.104007	-0.126200	-0.986537	0.702683	-0.711302	0.016910	-0.703860	-0.691464	0.162659
49017		-0.103746	-0.125882	-0.986606	0.702627	-0.711358	0.016879	-0.703955	-0.691465	0.162248
49018		-0.103429	-0.125669	-0.986666	0.702539	-0.711443	0.016970	-0.704089	-0.691416	0.161871
49019		-0.103204	-0.125477	-0.986714	0.702353	-0.711625	0.017033	-0.704308	-0.691263	0.161571
49020		-0.102928	-0.125442	-0.986747	0.702038	-0.711930	0.017275	-0.704662	-0.690956	0.161343
49021		-0.102751	-0.125424	-0.986768	0.701470	-0.712484	0.017518	-0.705253	-0.690388	0.161189
49022		-0.102528	-0.125548	-0.986775	0.700589	-0.713339	0.017966	-0.706161	-0.689482	0.161094
49023		-0.102211	-0.125470	-0.986818	0.699790	-0.714113	0.018315	-0.706998	-0.688694	0.160793
49024		-0.101852	-0.125490	-0.986853	0.699094	-0.714784	0.018740	-0.707739	-0.687994	0.160532
49025		-0.101638	-0.125666	-0.986852	0.698264	-0.715582	0.019207	-0.708588	-0.687132	0.160478
49026		-0.101267	-0.125933	-0.986857	0.697503	-0.716307	0.019834	-0.709390	-0.686327	0.160377
49027		-0.101347	-0.126715	-0.986748	0.696702	-0.717067	0.020527	-0.710166	-0.685389	0.160955
49028		-0.101296	-0.127527	-0.986649	0.696053	-0.717674	0.021300	-0.710809	-0.684603	0.161462
49029		-0.101071	-0.128284	-0.986574	0.695767	-0.717929	0.022073	-0.711121	-0.684194	0.161817
49030		-0.101334	-0.129704	-0.986361	0.695835	-0.717837	0.022907	-0.711017	-0.684023	0.162994
49031		-0.101750	-0.131374	-0.986097	0.695620	-0.718013	0.023881	-0.711168	-0.683519	0.164444
49032		-0.101692	-0.132805	-0.985912	0.695759	-0.717842	0.024931	-0.711040	-0.683422	0.165399
49033		-0.101918	-0.134463	-0.985663	0.695981	-0.717592	0.025928	-0.710790	-0.683361	0.166720
49034		-0.101709	-0.135944	-0.985482	0.695738	-0.717780	0.027210	-0.711058	-0.682870	0.167587
49035		-0.101193	-0.136961	-0.985394	0.696050	-0.717438	0.028238	-0.710827	-0.683026	0.167931
49036		-0.100660	-0.137935	-0.985313	0.696664	-0.716804	0.029175	-0.710301	-0.683495	0.168248
49037		-0.100048	-0.139006	-0.985225	0.697394	-0.716051	0.030209	-0.709671	-0.684067	0.168581
49038		-0.098814	-0.139796	-0.985237	0.698547	-0.714876	0.031374	-0.708709	-0.685134	0.168294
49039		-0.097632	-0.140502	-0.985255	0.699722	-0.713679	0.032436	-0.707713	-0.686237	0.167991
49040		-0.096634	-0.141393	-0.985226	0.701056	-0.712321	0.033466	-0.706528	-0.687465	0.167958
49041		-0.095391	-0.141662	-0.985308	0.702821	-0.710548	0.034116	-0.704942	-0.689241	0.167343
49042		-0.094081	-0.141743	-0.985423	0.704574	-0.708783	0.034684	-0.703367	-0.691040	0.166551
49043		-0.093081	-0.141826	-0.985506	0.705870	-0.707469	0.035144	-0.702199	-0.692367	0.165962
49044		-0.091562	-0.141564	-0.985686	0.707527	-0.705787	0.035641	-0.700729	-0.694136	0.164784
49045		-0.089936	-0.140954	-0.985923	0.709049	-0.704240	0.036003	-0.699401	-0.695829	0.163280
49046		-0.088511	-0.140742	-0.986082	0.709974	-0.703274	0.036650	-0.698644	-0.696848	0.162171
49047		-0.087005	-0.140209	-0.986292	0.710835	-0.702378	0.037142	-0.697957	-0.697859	0.160776
49048		-0.085337	-0.139473	-0.986542	0.711611	-0.701566	0.037629	-0.697372	-0.698823	0.159120
49049		-0.083794	-0.138519	-0.986808	0.711686	-0.701467	0.038034	-0.697482	-0.699111	0.157361
49050		-0.082300	-0.137402	-0.987090	0.711417	-0.701722	0.038363	-0.697934	-0.699076	0.155502
49051		-0.080976	-0.135890	-0.987409	0.710772	-0.702375	0.038373	-0.698746	-0.698716	0.153463
49052		-0.079458	-0.133957	-0.987797	0.709597	-0.703564	0.038332	-0.700113	-0.697892	0.150959
49053		-0.078247	-0.131733	-0.988192	0.707912	-0.705280	0.037965	-0.701953	-0.696582	0.148441
49054		-0.077262	-0.129615	-0.988550	0.705067	-0.708135	0.037742	-0.704919	-0.694078	0.146099
49055		-0.076391	-0.127047	-0.988951	0.701641	-0.711559	0.037214	-0.708424	-0.691045	0.143498
49056		-0.075657	-0.124476	-0.989334	0.697780	-0.715374	0.036646	-0.712305	-0.687565	0.140980
49057		-0.075167	-0.121705	-0.989716	0.693109	-0.719939	0.035891	-0.716903	-0.683283	0.138470
49058		-0.074478	-0.118639	-0.990140	0.688354	-0.724528	0.035035	-0.721541	-0.678958	0.135627
49059		-0.073890	-0.115405	-0.990566	0.683285	-0.729360	0.034004	-0.726404	-0.674326	0.132747
49060		-0.073312	-0.112357	-0.990960	0.677947	-0.734364	0.033109	-0.731446	-0.669391	0.130010
49061		-0.072685	-0.109149	-0.991364	0.672892	-0.739047	0.032034	-0.736161	-0.664753	0.127163
49062		-0.072039	-0.106052	-0.991748	0.668207	-0.743332	0.030950	-0.740480	-0.660463	0.124413
49063		-0.071353	-0.103073	-0.992111	0.663943	-0.747187	0.029877	-0.744372	-0.656573	0.121749
49064		-0.070683	-0.100377	-0.992436	0.660371	-0.750385	0.028863	-0.747606	-0.653335	0.119325
49065		-0.070022	-0.097698	-0.992750	0.657216	-0.753191	0.027767	-0.750443	-0.650507	0.116949
49066		-0.069505	-0.095307	-0.993018	0.654811	-0.755322	0.026661	-0.752590	-0.648386	0.114907
49067		-0.069007	-0.092832	-0.993288	0.653066	-0.756876	0.025366	-0.754150	-0.646932	0.112855
49068		-0.068711	-0.090686	-0.993506	0.651891	-0.757930	0.024098	-0.755193	-0.646002	0.111196
49069		-0.068708	-0.088595	-0.993695	0.651105	-0.758650	0.022619	-0.755871	-0.645446	0.109810
49070		-0.068793	-0.086659	-0.993860	0.650759	-0.758990	0.021135	-0.756162	-0.645309	0.108608
49071		-0.069060	-0.084721	-0.994009	0.650546	-0.759216	0.019512	-0.756320	-0.645301	0.107546
49072		-0.069289	-0.082796	-0.994155	0.650626	-0.759187	0.017881	-0.756230	-0.645584	0.106472
49073		-0.069523	-0.080650	-0.994315	0.650632	-0.759223	0.016088	-0.756204	-0.645815	0.105257
49074		-0.069902	-0.078656	-0.994448	0.650458	-0.759407	0.014343	-0.756319	-0.645844	0.104247
49075		-0.070458	-0.076584	-0.994571	0.649865	-0.759947	0.012479	-0.756777	-0.645457	0.103314
49076		-0.071047	-0.074582	-0.994681	0.649116	-0.760615	0.010668	-0.757365	-0.644905	0.102452
49077		-0.071668	-0.072478	-0.994792	0.647979	-0.761607	0.008806	-0.758279	-0.643973	0.101547
49078		-0.072548	-0.070579	-0.994865	0.646540	-0.762848	0.006972	-0.759422	-0.642714	0.100975
49079		-0.073356	-0.068619	-0.994942	0.644404	-0.764668	0.005226	-0.761159	-0.640761	0.100311
49080		-0.074091	-0.066754	-0.995015	0.642444	-0.766324	0.003574	-0.762743	-0.638977	0.099663
49081		-0.074825	-0.064782	-0.995090	0.640323	-0.768104	0.001856	-0.764453	-0.637040	0.098955
49082		-0.075527	-0.062865	-0.995160	0.638161	-0.769903	0.000202	-0.766190	-0.635057	0.098266
49083		-0.076271	-0.060918	-0.995224	0.636088	-0.771615	-0.001517	-0.767838	-0.633166	0.097601
49084		-0.077090	-0.059132	-0.995269	0.633994	-0.773332	-0.003161	-0.769486	-0.631238	0.097106
49085		-0.077651	-0.057192	-0.995339	0.631782	-0.775131	-0.004749	-0.771247	-0.629206	0.096322
49086		-0.077915	-0.055200	-0.995431	0.629781	-0.776748	-0.006222	-0.772855	-0.627388	0.095285
49087		-0.078168	-0.053136	-0.995523	0.627663	-0.778447	-0.007734	-0.774551	-0.625457	0.094201
49088		-0.078289	-0.051097	-0.995620	0.625842	-0.779896	-0.009187	-0.776011	-0.623820	0.093036
49089		-0.078344	-0.048915	-0.995726	0.623798	-0.781512	-0.010688	-0.777649	-0.621969	0.091740
49090		-0.078300	-0.046784	-0.995831	0.622085	-0.782856	-0.012135	-0.779025	-0.620442	0.090401
49091		-0.078426	-0.044763	-0.995914	0.620183	-0.784339	-0.013584	-0.780527	-0.618715	0.089274
49092		-0.078721	-0.042841	-0.995976	0.618099	-0.785956	-0.015047	-0.782148	-0.616796	0.088352
49093		-0.078783	-0.040725	-0.996060	0.616134	-0.787468	-0.016536	-0.783691	-0.615009	0.087131
49094		-0.079329	-0.039024	-0.996084	0.614229	-0.788922	-0.018010	-0.785130	-0.613252	0.086554
49095		-0.080058	-0.037315	-0.996092	0.612038	-0.790586	-0.019575	-0.786766	-0.611213	0.086131
49096		-0.081014	-0.035883	-0.996067	0.609857	-0.792232	-0.021062	-0.788360	-0.609164	0.086065
49097		-0.082149	-0.034391	-0.996027	0.607456	-0.794029	-0.022685	-0.790094	-0.606906	0.086119
49098		-0.083484	-0.033125	-0.995958	0.605141	-0.795749	-0.024259	-0.791729	-0.604720	0.086478
49099		-0.084871	-0.031704	-0.995887	0.602267	-0.797873	-0.025926	-0.793770	-0.601991	0.086810
49100		-0.086410	-0.030387	-0.995796	0.599528	-0.799877	-0.027615	-0.795676	-0.599394	0.087335
49101		-0.087906	-0.029045	-0.995705	0.596540	-0.802049	-0.029270	-0.797755	-0.596551	0.087831
49102		-0.089840	-0.028008	-0.995562	0.593713	-0.804081	-0.030956	-0.799646	-0.593859	0.088867
49103		-0.091608	-0.026842	-0.995433	0.590690	-0.806239	-0.032620	-0.801681	-0.590981	0.089713
49104		-0.093496	-0.026033	-0.995279	0.587847	-0.808254	-0.034081	-0.803551	-0.588259	0.090872
49105		-0.095266	-0.025118	-0.995135	0.585124	-0.810164	-0.035566	-0.805329	-0.585665	0.091879
49106		-0.097012	-0.024468	-0.994982	0.582381	-0.812082	-0.036813	-0.807106	-0.583030	0.093031
49107		-0.097824	-0.023498	-0.994926	0.579486	-0.814107	-0.037749	-0.809090	-0.580239	0.093256
49108		-0.098381	-0.022725	-0.994889	0.577014	-0.815830	-0.038424	-0.810787	-0.577845	0.093375
49109		-0.098220	-0.021916	-0.994923	0.574123	-0.817856	-0.038663	-0.812857	-0.575006	0.092912
49110		-0.097881	-0.021535	-0.994965	0.571174	-0.819928	-0.038444	-0.814972	-0.572061	0.092555
49111		-0.096508	-0.020844	-0.995114	0.568300	-0.821948	-0.037898	-0.817142	-0.569181	0.091170
49112		-0.094756	-0.020368	-0.995292	0.565946	-0.823610	-0.037026	-0.818979	-0.566790	0.089569
49113		-0.092398	-0.019829	-0.995525	0.564487	-0.824658	-0.035966	-0.820255	-0.565283	0.087390
49114		-0.090100	-0.019764	-0.995737	0.564475	-0.824720	-0.034708	-0.820518	-0.565196	0.085464
49115		-0.088486	-0.020066	-0.995875	0.565886	-0.823795	-0.033681	-0.819721	-0.566533	0.084250
49116		-0.087489	-0.021138	-0.995941	0.569256	-0.821515	-0.032571	-0.817492	-0.569795	0.083907
49117		-0.086760	-0.022548	-0.995974	0.574042	-0.818220	-0.031481	-0.814216	-0.574463	0.083932
49118		-0.086050	-0.024665	-0.995985	0.579899	-0.814138	-0.029940	-0.810132	-0.580147	0.084359
49119		-0.085381	-0.027073	-0.995980	0.586042	-0.809789	-0.028227	-0.805769	-0.586097	0.085006
49120		-0.084648	-0.030193	-0.995953	0.592341	-0.805270	-0.025932	-0.801228	-0.592140	0.086049
49121		-0.083637	-0.033561	-0.995931	0.598299	-0.800935	-0.023255	-0.796896	-0.597809	0.087067
49122		-0.082007	-0.037185	-0.995938	0.604200	-0.796581	-0.020009	-0.792601	-0.603387	0.087792
49123		-0.080223	-0.040934	-0.995936	0.609317	-0.792755	-0.016497	-0.788858	-0.608164	0.088539
49124		-0.078192	-0.045003	-0.995922	0.613321	-0.789735	-0.012467	-0.785954	-0.611795	0.089353
49125		-0.075930	-0.048836	-0.995917	0.616327	-0.787446	-0.008376	-0.783821	-0.614446	0.089889
49126		-0.073394	-0.052526	-0.995919	0.618502	-0.785773	-0.004138	-0.782349	-0.616281	0.090158
49127		-0.070748	-0.056070	-0.995917	0.620179	-0.784460	0.000108	-0.781263	-0.617640	0.090273
49128		-0.067832	-0.059867	-0.995899	0.621470	-0.783424	0.004765	-0.780496	-0.618598	0.090346
49129		-0.064672	-0.063913	-0.995858	0.622428	-0.782615	0.009807	-0.780000	-0.619216	0.090395
49130		-0.061975	-0.068753	-0.995707	0.623500	-0.781676	0.015166	-0.779363	-0.619883	0.091312
49131		-0.060089	-0.073878	-0.995455	0.624651	-0.780642	0.020230	-0.778589	-0.620596	0.093056
49132		-0.059456	-0.079720	-0.995043	0.625920	-0.779485	0.025050	-0.777617	-0.621328	0.096244
49133		-0.059874	-0.085760	-0.994515	0.627209	-0.778297	0.029355	-0.776546	-0.622011	0.100389
49134		-0.061338	-0.092288	-0.993841	0.628629	-0.776990	0.033353	-0.775283	-0.622711	0.105674
49135		-0.062869	-0.098416	-0.993158	0.630432	-0.775365	0.036926	-0.773694	-0.623797	0.110791
49136		-0.063898	-0.104154	-0.992506	0.633722	-0.772512	0.040268	-0.770918	-0.626400	0.115366
49137		-0.065388	-0.110126	-0.991764	0.637478	-0.769246	0.043388	-0.767689	-0.629391	0.120503
49138		-0.067364	-0.116706	-0.990879	0.640741	-0.766335	0.046698	-0.764796	-0.631751	0.126402
49139		-0.069333	-0.123066	-0.989974	0.644184	-0.763250	0.049766	-0.761722	-0.634275	0.132195
49140		-0.070967	-0.129228	-0.989072	0.647866	-0.759922	0.052803	-0.758441	-0.637039	0.137652
49141		-0.072409	-0.135006	-0.988195	0.651290	-0.756784	0.055669	-0.755366	-0.639571	0.142726
49142		-0.073885	-0.140813	-0.987275	0.654431	-0.753852	0.058545	-0.752503	-0.641778	0.147850
49143		-0.075041	-0.146073	-0.986424	0.657761	-0.750742	0.061134	-0.749480	-0.644243	0.152418
49144		-0.075856	-0.151001	-0.985619	0.661293	-0.747426	0.063613	-0.746283	-0.646957	0.156553
49145		-0.076601	-0.155515	-0.984859	0.665036	-0.743912	0.065742	-0.742873	-0.649930	0.160407
49146		-0.077715	-0.160078	-0.984040	0.669022	-0.740165	0.067569	-0.739169	-0.653093	0.164617
49148		-0.081567	-0.169036	-0.982229	0.678882	-0.730959	0.069418	-0.729703	-0.661155	0.174377
49149		-0.083313	-0.173012	-0.981390	0.684405	-0.725749	0.069844	-0.724326	-0.665849	0.178874
49150		-0.085365	-0.176726	-0.980551	0.689987	-0.720451	0.069779	-0.718771	-0.670611	0.183440
49151		-0.087338	-0.180354	-0.979717	0.695017	-0.715600	0.069775	-0.713670	-0.674825	0.187848
49152		-0.089126	-0.183225	-0.979022	0.700260	-0.710524	0.069227	-0.708303	-0.679400	0.191631
49153		-0.090620	-0.185681	-0.978423	0.705157	-0.705723	0.068619	-0.703237	-0.683723	0.194886
49154		-0.091917	-0.187565	-0.977942	0.709673	-0.701262	0.067796	-0.698510	-0.687787	0.197567
49155		-0.093107	-0.189196	-0.977515	0.713642	-0.697300	0.066987	-0.694295	-0.691359	0.199942
49156		-0.094178	-0.190123	-0.977233	0.717218	-0.693731	0.065847	-0.690456	-0.694688	0.201694
49157		-0.095077	-0.190698	-0.977034	0.719896	-0.691048	0.064825	-0.687539	-0.697200	0.202986
49158		-0.095486	-0.190285	-0.977074	0.721996	-0.688967	0.063618	-0.685277	-0.699369	0.203172
49159		-0.095885	-0.189602	-0.977168	0.723276	-0.687728	0.062470	-0.683870	-0.700772	0.203077
49160		-0.096191	-0.188337	-0.977382	0.724002	-0.687082	0.061144	-0.683058	-0.701746	0.202448
49161		-0.096389	-0.186608	-0.977695	0.724167	-0.687033	0.059737	-0.682855	-0.702256	0.201358
49162		-0.096598	-0.184461	-0.978081	0.723989	-0.687358	0.058129	-0.683014	-0.702505	0.199945
49163		-0.096865	-0.182321	-0.978456	0.723858	-0.687634	0.056470	-0.683115	-0.702793	0.198582
49164		-0.097540	-0.180133	-0.978794	0.724566	-0.687068	0.054240	-0.682268	-0.703911	0.197535
49166		-0.097285	-0.174068	-0.979916	0.727889	-0.683925	0.049225	-0.678758	-0.708482	0.193238
49167		-0.097199	-0.171353	-0.980403	0.729663	-0.682198	0.046893	-0.676864	-0.710806	0.191339
49168		-0.097121	-0.169099	-0.980802	0.731085	-0.680801	0.044982	-0.675338	-0.712682	0.189746
49169		-0.096687	-0.166595	-0.981274	0.732976	-0.678892	0.043036	-0.673348	-0.715089	0.187750
49170		-0.095965	-0.164347	-0.981723	0.735389	-0.676383	0.041346	-0.670816	-0.717981	0.185768
49171		-0.095192	-0.162204	-0.982155	0.737822	-0.673822	0.039772	-0.668249	-0.720870	0.183820
49172		-0.094611	-0.160756	-0.982449	0.740792	-0.670636	0.038395	-0.665038	-0.724158	0.182536
49173		-0.094107	-0.159359	-0.982725	0.743825	-0.667350	0.036988	-0.661716	-0.727495	0.181337
49174		-0.094006	-0.158904	-0.982808	0.746730	-0.664154	0.035958	-0.658450	-0.730513	0.181093
49175		-0.094413	-0.158990	-0.982755	0.749669	-0.660892	0.034898	-0.655044	-0.733446	0.181587
49176		-0.095039	-0.159577	-0.982600	0.752735	-0.657447	0.033965	-0.651428	-0.736409	0.182602
49177		-0.095760	-0.160111	-0.982443	0.755592	-0.654212	0.032971	-0.648005	-0.739169	0.183626
49178		-0.096300	-0.160951	-0.982253	0.758194	-0.651225	0.032376	-0.644879	-0.741620	0.184745
49180		-0.095574	-0.161265	-0.982273	0.764004	-0.644444	0.031465	-0.638094	-0.747453	0.184799
49181		-0.094537	-0.161030	-0.982411	0.767769	-0.639975	0.031018	-0.633714	-0.751333	0.184135
49182		-0.093201	-0.159969	-0.982712	0.771402	-0.635626	0.030309	-0.629486	-0.755242	0.182642
49183		-0.091757	-0.158936	-0.983016	0.776229	-0.629767	0.029367	-0.623738	-0.760351	0.181156
49184		-0.089885	-0.157278	-0.983455	0.780967	-0.623926	0.028402	-0.618070	-0.765494	0.178911
49185		-0.087872	-0.155891	-0.983858	0.785621	-0.618084	0.027768	-0.612436	-0.770500	0.176784
49186		-0.085593	-0.153823	-0.984384	0.790363	-0.612047	0.026918	-0.606630	-0.775717	0.173963
49187		-0.083238	-0.151699	-0.984916	0.795227	-0.605750	0.026092	-0.600571	-0.781060	0.171057
49188		-0.081966	-0.150291	-0.985238	0.799687	-0.599897	0.024981	-0.594796	-0.785835	0.169357
49189		-0.081738	-0.150343	-0.985249	0.803792	-0.594425	0.024021	-0.589269	-0.789972	0.169432
49190		-0.081568	-0.149916	-0.985328	0.808364	-0.588249	0.022582	-0.583004	-0.794662	0.169169
49191		-0.081449	-0.149809	-0.985354	0.812741	-0.582235	0.021339	-0.576904	-0.799100	0.169178
49192		-0.082615	-0.151026	-0.985072	0.815517	-0.578378	0.020278	-0.572806	-0.801667	0.170947
49193		-0.084418	-0.153735	-0.984499	0.817262	-0.575923	0.019856	-0.570049	-0.802918	0.174261
49194		-0.085979	-0.156315	-0.983958	0.818899	-0.573604	0.019569	-0.567461	-0.804079	0.177324
49195		-0.088269	-0.160761	-0.983038	0.820022	-0.571985	0.019908	-0.565484	-0.804356	0.182316
49196		-0.091234	-0.166821	-0.981757	0.818790	-0.573694	0.021393	-0.566797	-0.801901	0.188932
49197		-0.093534	-0.172900	-0.980488	0.817285	-0.575751	0.023563	-0.568591	-0.799134	0.195161
49198		-0.095123	-0.177854	-0.979449	0.816373	-0.576962	0.025483	-0.569637	-0.797171	0.200078
49199		-0.096417	-0.182505	-0.978466	0.814640	-0.579302	0.027778	-0.571897	-0.794419	0.204530
49200		-0.096695	-0.185099	-0.977951	0.813143	-0.581309	0.029627	-0.573976	-0.792349	0.206722
49201		-0.095499	-0.185610	-0.977972	0.812959	-0.581496	0.030977	-0.574436	-0.792093	0.206426
49202		-0.093365	-0.184473	-0.978393	0.813439	-0.580776	0.031879	-0.574108	-0.792887	0.204281
49203		-0.091061	-0.183835	-0.978730	0.813539	-0.580552	0.033353	-0.574336	-0.793198	0.202423
49204		-0.089749	-0.184572	-0.978713	0.813421	-0.580628	0.034907	-0.574711	-0.792972	0.202245
49206		-0.088412	-0.189519	-0.977889	0.811361	-0.583197	0.039670	-0.577820	-0.789914	0.205330
49208		-0.085532	-0.193066	-0.977451	0.806119	-0.589963	0.045990	-0.585539	-0.784008	0.206095
49209		-0.083984	-0.194320	-0.977336	0.802825	-0.594185	0.049152	-0.590270	-0.780502	0.205907
49210		-0.082232	-0.194124	-0.977524	0.798679	-0.599518	0.051870	-0.596112	-0.776463	0.204343
49211		-0.080122	-0.193200	-0.977882	0.794066	-0.605380	0.054544	-0.602528	-0.772133	0.201918
49212		-0.077693	-0.191259	-0.978460	0.788677	-0.612157	0.057035	-0.609879	-0.767258	0.198402
49213		-0.075148	-0.188888	-0.979119	0.782472	-0.619834	0.059521	-0.618135	-0.761660	0.194379
49214		-0.073011	-0.186107	-0.979813	0.775717	-0.628077	0.061495	-0.626843	-0.755568	0.190223
49215		-0.071183	-0.183469	-0.980445	0.768149	-0.637119	0.063453	-0.636301	-0.748611	0.186284
49216		-0.069620	-0.180286	-0.981147	0.760130	-0.646526	0.064862	-0.646031	-0.741283	0.182052
49217		-0.068141	-0.177094	-0.981832	0.751185	-0.656751	0.066325	-0.656565	-0.733019	0.177782
49218		-0.066858	-0.173925	-0.982487	0.742660	-0.666267	0.067408	-0.666323	-0.725147	0.173713
49219		-0.066705	-0.171521	-0.982920	0.734038	-0.675685	0.068093	-0.675824	-0.716959	0.170975
49220		-0.067364	-0.169519	-0.983222	0.725351	-0.684972	0.068401	-0.685075	-0.708573	0.169103
49221		-0.068277	-0.167492	-0.983506	0.717144	-0.693567	0.068330	-0.693572	-0.700650	0.167471
49222		-0.068998	-0.164867	-0.983899	0.708952	-0.701979	0.067911	-0.701873	-0.692852	0.165318
49223		-0.069975	-0.162276	-0.984261	0.701047	-0.709941	0.067208	-0.709674	-0.685310	0.163442
49224		-0.071253	-0.159595	-0.984608	0.693492	-0.717425	0.066102	-0.716932	-0.678108	0.161797
49227		-0.074456	-0.150876	-0.985745	0.670819	-0.738988	0.062440	-0.737875	-0.656607	0.156233
49229		-0.076360	-0.144850	-0.986503	0.656144	-0.752273	0.059669	-0.750762	-0.642732	0.152486
49230		-0.077202	-0.142056	-0.986843	0.648717	-0.758780	0.058476	-0.757104	-0.635668	0.150734
49231		-0.078056	-0.139167	-0.987188	0.641896	-0.764667	0.057043	-0.762809	-0.629219	0.149017
49232		-0.078405	-0.136345	-0.987554	0.635641	-0.769962	0.055838	-0.767993	-0.623352	0.147035
49233		-0.078271	-0.133283	-0.987982	0.630228	-0.774491	0.054554	-0.772455	-0.618384	0.144619
49234		-0.078910	-0.130940	-0.988245	0.625957	-0.778047	0.053108	-0.775855	-0.614408	0.143359
49235		-0.079887	-0.128917	-0.988432	0.623125	-0.780430	0.051427	-0.778032	-0.611809	0.142678
49236		-0.081135	-0.127438	-0.988522	0.621372	-0.781931	0.049804	-0.779303	-0.610200	0.142628
49237		-0.082629	-0.126014	-0.988581	0.620211	-0.782967	0.047965	-0.780071	-0.609166	0.142851
49238		-0.084433	-0.125034	-0.988553	0.620058	-0.783200	0.046101	-0.779999	-0.609068	0.143656
49239		-0.086042	-0.123816	-0.988568	0.620394	-0.783051	0.044078	-0.779557	-0.609509	0.144190
49240		-0.087661	-0.122764	-0.988557	0.621617	-0.782193	0.042014	-0.778400	-0.610821	0.144881
49241		-0.089167	-0.121572	-0.988569	0.623201	-0.781047	0.039839	-0.776962	-0.612525	0.145407
49242		-0.090789	-0.120738	-0.988524	0.625024	-0.779689	0.037827	-0.775308	-0.614417	0.146251
49243		-0.092125	-0.119302	-0.988575	0.627072	-0.778154	0.035471	-0.773495	-0.616639	0.146498
49244		-0.092456	-0.117846	-0.988718	0.630108	-0.775783	0.033544	-0.770983	-0.619898	0.145982
49245		-0.093687	-0.116703	-0.988738	0.632795	-0.773684	0.031359	-0.768631	-0.622730	0.146333
49246		-0.094607	-0.116203	-0.988709	0.636268	-0.770896	0.029721	-0.765645	-0.626272	0.146869
49247		-0.095586	-0.115055	-0.988750	0.640281	-0.767651	0.027428	-0.762170	-0.630456	0.147044
49248		-0.095555	-0.113315	-0.988953	0.644619	-0.764086	0.025265	-0.758509	-0.635084	0.146058
49249		-0.095413	-0.111097	-0.989219	0.648400	-0.760955	0.022921	-0.755297	-0.639223	0.144640
49250		-0.095409	-0.108816	-0.989473	0.651095	-0.758715	0.020657	-0.752976	-0.642270	0.143237
49251		-0.095634	-0.106049	-0.989751	0.652902	-0.757227	0.018048	-0.751380	-0.644485	0.141656
49252		-0.095277	-0.103222	-0.990085	0.654059	-0.756276	0.015905	-0.750419	-0.646058	0.139569
49253		-0.094528	-0.099940	-0.990493	0.654083	-0.756295	0.013887	-0.750493	-0.646552	0.136860
49254		-0.093412	-0.096394	-0.990950	0.653252	-0.757044	0.012062	-0.751356	-0.646214	0.133687
49255		-0.092033	-0.092332	-0.991466	0.651370	-0.758692	0.010191	-0.753158	-0.644873	0.129967
49256		-0.090806	-0.088480	-0.991930	0.648569	-0.761108	0.008518	-0.755720	-0.642562	0.126498
49257		-0.089617	-0.084477	-0.992387	0.645076	-0.764089	0.006790	-0.758845	-0.639556	0.122970
49258		-0.088500	-0.080794	-0.992794	0.640777	-0.767708	0.005357	-0.762609	-0.635685	0.119713
49259		-0.087283	-0.077210	-0.993187	0.635257	-0.772289	0.004210	-0.767353	-0.630562	0.116456
49260		-0.086181	-0.074100	-0.993520	0.629154	-0.777273	0.003397	-0.772488	-0.624784	0.113606
49261		-0.085473	-0.071396	-0.993779	0.622558	-0.782569	0.002678	-0.777892	-0.618456	0.111337
49262		-0.084936	-0.069247	-0.993977	0.615604	-0.788053	0.002297	-0.783465	-0.611701	0.109563
49263		-0.084495	-0.067309	-0.994148	0.608001	-0.793933	0.002077	-0.789427	-0.604268	0.108007
49264		-0.084287	-0.066031	-0.994251	0.600358	-0.799728	0.002217	-0.795277	-0.596720	0.107049
49265		-0.083623	-0.064808	-0.994388	0.592803	-0.805343	0.002636	-0.800994	-0.589255	0.105763
49267		-0.081020	-0.063023	-0.994718	0.579098	-0.815246	0.004484	-0.811222	-0.575676	0.102547
49268		-0.077971	-0.062011	-0.995025	0.573187	-0.819401	0.006150	-0.815706	-0.569856	0.099434
49269		-0.073565	-0.061531	-0.995390	0.568500	-0.822635	0.008836	-0.819387	-0.565230	0.095498
49270		-0.068070	-0.061740	-0.995768	0.564445	-0.825375	0.012590	-0.822659	-0.561199	0.091032
49271		-0.061306	-0.062627	-0.996152	0.564309	-0.825385	0.017162	-0.823284	-0.561085	0.085942
49272		-0.054678	-0.064257	-0.996434	0.567282	-0.823231	0.021959	-0.821706	-0.564059	0.081464
49273		-0.049323	-0.067473	-0.996501	0.572994	-0.819111	0.027101	-0.818074	-0.569653	0.079063
49274		-0.044881	-0.071113	-0.996458	0.580275	-0.813794	0.031942	-0.813183	-0.576786	0.077789
49275		-0.040699	-0.075266	-0.996333	0.588593	-0.807584	0.036964	-0.807405	-0.584930	0.077168
49276		-0.036420	-0.079098	-0.996201	0.596864	-0.801253	0.041798	-0.801515	-0.593075	0.076392
49277		-0.031735	-0.083154	-0.996031	0.604636	-0.795107	0.047115	-0.795870	-0.600741	0.075511
49278		-0.027184	-0.086998	-0.995838	0.611257	-0.789702	0.052304	-0.790965	-0.607291	0.074645
49279		-0.023852	-0.092073	-0.995467	0.616577	-0.785167	0.057849	-0.786933	-0.612402	0.075498
49280		-0.021946	-0.098095	-0.994935	0.619651	-0.782307	0.063463	-0.784570	-0.615120	0.077953
49281		-0.022884	-0.105923	-0.994111	0.620951	-0.780815	0.068903	-0.783515	-0.615718	0.083641
49284		-0.034996	-0.128309	-0.991117	0.622783	-0.778418	0.078782	-0.781611	-0.614494	0.107150
49285		-0.037857	-0.133385	-0.990341	0.626433	-0.775309	0.080477	-0.778555	-0.617336	0.112908
49286		-0.039978	-0.137798	-0.989653	0.630698	-0.771687	0.081970	-0.774998	-0.620895	0.117759
49287		-0.042094	-0.143010	-0.988826	0.635617	-0.767429	0.083932	-0.770856	-0.624981	0.123204
49288		-0.044305	-0.148517	-0.987917	0.640638	-0.763015	0.085976	-0.766564	-0.629088	0.128951
49289		-0.046104	-0.154273	-0.986952	0.646569	-0.757735	0.088240	-0.761461	-0.634064	0.134683
49290		-0.047553	-0.159433	-0.986063	0.653161	-0.751844	0.090065	-0.755725	-0.639775	0.139888
49291		-0.048512	-0.164361	-0.985207	0.659988	-0.745635	0.091896	-0.749709	-0.645766	0.144649
49292		-0.049618	-0.169010	-0.984365	0.666583	-0.739559	0.093378	-0.743778	-0.651527	0.149354
49293		-0.050682	-0.173790	-0.983478	0.672698	-0.733793	0.095002	-0.738179	-0.656769	0.154098
49295		-0.052360	-0.182331	-0.981842	0.683740	-0.723139	0.097827	-0.727845	-0.666202	0.162530
49296		-0.052733	-0.186616	-0.981017	0.688803	-0.718078	0.099572	-0.723028	-0.670477	0.166407
49297		-0.053161	-0.190868	-0.980175	0.693580	-0.713226	0.101268	-0.718415	-0.674447	0.170298
49298		-0.053701	-0.195336	-0.979265	0.698146	-0.708501	0.103041	-0.713938	-0.678137	0.174420
49299		-0.053869	-0.199100	-0.978498	0.703086	-0.703397	0.104417	-0.709062	-0.682343	0.177876
49300		-0.053657	-0.202565	-0.977798	0.708300	-0.697950	0.105722	-0.703869	-0.686901	0.180926
49301		-0.053463	-0.205416	-0.977213	0.713364	-0.692643	0.106570	-0.698751	-0.691411	0.183568
49302		-0.052836	-0.207984	-0.976704	0.718378	-0.687298	0.107495	-0.693644	-0.695963	0.185725
49303		-0.052384	-0.209765	-0.976348	0.723282	-0.682096	0.107740	-0.688563	-0.700531	0.187450
49304		-0.051640	-0.211125	-0.976094	0.727986	-0.677043	0.107928	-0.683644	-0.705010	0.188658
49305		-0.051609	-0.211955	-0.975916	0.732716	-0.672037	0.107208	-0.678575	-0.709536	0.189986
49306		-0.051912	-0.212581	-0.975764	0.736752	-0.667758	0.106283	-0.674168	-0.713378	0.191284
49307		-0.052584	-0.212226	-0.975805	0.740320	-0.664078	0.104535	-0.670195	-0.716911	0.192035
49308		-0.053053	-0.211227	-0.975996	0.742432	-0.661971	0.102908	-0.667818	-0.719151	0.191941
49309		-0.053578	-0.209407	-0.976360	0.743687	-0.660865	0.100931	-0.666377	-0.720699	0.191141
49310		-0.054162	-0.207209	-0.976796	0.744181	-0.660620	0.098874	-0.665779	-0.721558	0.189981
49311		-0.054748	-0.204341	-0.977368	0.744075	-0.661085	0.096535	-0.665850	-0.721949	0.188238
49312		-0.055365	-0.201401	-0.977943	0.743918	-0.661607	0.094138	-0.665973	-0.722298	0.186455
49313		-0.055962	-0.197906	-0.978622	0.743977	-0.661936	0.091319	-0.665858	-0.722962	0.184281
49314		-0.056379	-0.194123	-0.979356	0.744540	-0.661712	0.088300	-0.665193	-0.724191	0.181839
49315		-0.057061	-0.189992	-0.980126	0.745589	-0.660999	0.084724	-0.663959	-0.725936	0.179373
49316		-0.058354	-0.186557	-0.980710	0.747324	-0.659505	0.080989	-0.661892	-0.728182	0.177904
49317		-0.059358	-0.182994	-0.981321	0.749047	-0.657981	0.077390	-0.659852	-0.730462	0.176127
49318		-0.058580	-0.179348	-0.982040	0.750789	-0.656263	0.075066	-0.657940	-0.732907	0.173096
49319		-0.056850	-0.176324	-0.982689	0.752027	-0.654963	0.074014	-0.656676	-0.734801	0.169835
49320		-0.055093	-0.174734	-0.983073	0.752589	-0.654305	0.074122	-0.656182	-0.735767	0.167551
49321		-0.053365	-0.173218	-0.983437	0.753577	-0.653163	0.074153	-0.655190	-0.737138	0.165390
49322		-0.051537	-0.171764	-0.983789	0.755752	-0.650663	0.074011	-0.652827	-0.739686	0.163344
49323		-0.050520	-0.170564	-0.984051	0.758342	-0.647718	0.073336	-0.649896	-0.742542	0.162069
49324		-0.050316	-0.170316	-0.984104	0.761199	-0.644441	0.072612	-0.646564	-0.745445	0.162070
49326		-0.051510	-0.169985	-0.984099	0.767929	-0.636722	0.069787	-0.638460	-0.752124	0.163334
49327		-0.052132	-0.169774	-0.984103	0.772350	-0.631543	0.068037	-0.633055	-0.756525	0.164048
49328		-0.053071	-0.169465	-0.984106	0.777192	-0.625808	0.065853	-0.627022	-0.761344	0.164919
49329		-0.054367	-0.169792	-0.983979	0.782427	-0.619479	0.063664	-0.620364	-0.766431	0.166529
49330		-0.055551	-0.169789	-0.983914	0.787229	-0.613592	0.061438	-0.614153	-0.771152	0.167748
49332		-0.056473	-0.168921	-0.984010	0.798466	-0.599330	0.057060	-0.599385	-0.782477	0.168723
49335		-0.055194	-0.167856	-0.984265	0.812954	-0.579882	0.053306	-0.579706	-0.797221	0.168465
49336		-0.054868	-0.168700	-0.984139	0.816607	-0.574756	0.052997	-0.574580	-0.800747	0.169297
49337		-0.055316	-0.170415	-0.983819	0.819704	-0.570356	0.052708	-0.570109	-0.803525	0.171240
49338		-0.055902	-0.172718	-0.983384	0.824060	-0.564089	0.052230	-0.563737	-0.807448	0.173864
49339		-0.057040	-0.175606	-0.982807	0.828092	-0.558206	0.051678	-0.557683	-0.810906	0.177258
49340		-0.059119	-0.179953	-0.981897	0.830278	-0.554945	0.051715	-0.554205	-0.812190	0.182219
49341		-0.062496	-0.185346	-0.980684	0.830490	-0.554611	0.051895	-0.553516	-0.811205	0.188589
49342		-0.065760	-0.190870	-0.979410	0.830064	-0.555194	0.052465	-0.553777	-0.809523	0.194944
49343		-0.068319	-0.195536	-0.978314	0.828323	-0.557679	0.053619	-0.556070	-0.806697	0.200067
49344		-0.070173	-0.200041	-0.977271	0.825539	-0.561592	0.055676	-0.559965	-0.802869	0.204550
49345		-0.071023	-0.203260	-0.976546	0.821706	-0.566928	0.058240	-0.565469	-0.798297	0.207284
49346		-0.071047	-0.205771	-0.976018	0.818713	-0.570977	0.060781	-0.569791	-0.794760	0.209033
49347		-0.070588	-0.206830	-0.975827	0.815942	-0.574715	0.062790	-0.573809	-0.791786	0.209329
49348		-0.069355	-0.206299	-0.976028	0.813851	-0.577513	0.064235	-0.576920	-0.789886	0.207950
49349		-0.066987	-0.203276	-0.976827	0.812303	-0.579612	0.064911	-0.579375	-0.789132	0.203948
49350		-0.063802	-0.199384	-0.977842	0.811483	-0.580699	0.065458	-0.580883	-0.789326	0.198847
49351		-0.061757	-0.196659	-0.978525	0.811094	-0.581223	0.065621	-0.581646	-0.789624	0.195403
49352		-0.062000	-0.197008	-0.978440	0.810630	-0.581852	0.065788	-0.582267	-0.789073	0.195775
49353		-0.063915	-0.199554	-0.977800	0.808860	-0.584244	0.066363	-0.584517	-0.786662	0.198754
49354		-0.066003	-0.203045	-0.976942	0.805939	-0.588105	0.067780	-0.588307	-0.782883	0.202458
49356		-0.067792	-0.206238	-0.976151	0.798238	-0.598150	0.070939	-0.598515	-0.774391	0.205177
49357		-0.066846	-0.205791	-0.976310	0.793903	-0.603660	0.072885	-0.604359	-0.770223	0.203731
49358		-0.065427	-0.204603	-0.976656	0.789005	-0.609805	0.074894	-0.610894	-0.765686	0.201330
49359		-0.063585	-0.203043	-0.977103	0.784223	-0.615694	0.076909	-0.617212	-0.761377	0.198380
49360		-0.062006	-0.201022	-0.977622	0.778225	-0.623029	0.078750	-0.624917	-0.755927	0.195072
49361		-0.060052	-0.198159	-0.978329	0.771262	-0.631401	0.080547	-0.633679	-0.749710	0.190749
49362		-0.058323	-0.194697	-0.979128	0.763664	-0.640403	0.081854	-0.642974	-0.742951	0.186033
49363		-0.056812	-0.191439	-0.979859	0.755982	-0.649306	0.083026	-0.652122	-0.736039	0.181613
49364		-0.056241	-0.188454	-0.980470	0.747443	-0.659020	0.083794	-0.661941	-0.728133	0.177923
49365		-0.055454	-0.185279	-0.981120	0.738904	-0.668495	0.084477	-0.671525	-0.720269	0.173974
49366		-0.055769	-0.182263	-0.981667	0.730873	-0.677296	0.084230	-0.680231	-0.712777	0.170984
49367		-0.056603	-0.179542	-0.982120	0.723194	-0.685561	0.083648	-0.688322	-0.705529	0.168649
49368		-0.058217	-0.176894	-0.982507	0.715840	-0.693382	0.082423	-0.695833	-0.698519	0.166995
49369		-0.059466	-0.173605	-0.983018	0.708734	-0.700823	0.080895	-0.702966	-0.691888	0.164715
49370		-0.060409	-0.169704	-0.983642	0.701403	-0.708358	0.079135	-0.710200	-0.685149	0.161823
49371		-0.061590	-0.166016	-0.984198	0.694286	-0.715541	0.077250	-0.717059	-0.678557	0.159333
49372		-0.063382	-0.162944	-0.984597	0.686540	-0.723163	0.075484	-0.724324	-0.671181	0.157703
49373		-0.065213	-0.160439	-0.984889	0.678886	-0.730500	0.074047	-0.731342	-0.663799	0.156557
