// Start Time: Unknown
// Update Rate: 100.0Hz
// Filter Profile: human (46.1)
// Option Flags: AHS Disabled ICC Disabled 
// Firmware Version: 4.0.2
PacketCounter	SampleTimeFine	Mat[1][1]	Mat[2][1]	Mat[3][1]	Mat[1][2]	Mat[2][2]	Mat[3][2]	Mat[1][3]	Mat[2][3]	Mat[3][3]
52533		-0.071098	0.192214	-0.978774	0.669353	0.736709	0.096055	0.739535	-0.648316	-0.181038
52534		-0.071552	0.191952	-0.978793	0.669408	0.736725	0.095544	0.739441	-0.648375	-0.181208
52535		-0.071942	0.191795	-0.978795	0.669461	0.736728	0.095156	0.739356	-0.648419	-0.181401
52536		-0.072534	0.191797	-0.978751	0.669190	0.737015	0.094834	0.739543	-0.648091	-0.181807
52537		-0.073094	0.191757	-0.978717	0.668792	0.737415	0.094532	0.739848	-0.647648	-0.182146
52538		-0.073388	0.191600	-0.978725	0.668598	0.737625	0.094267	0.739994	-0.647456	-0.182236
52539		-0.073811	0.191352	-0.978742	0.668407	0.737851	0.093849	0.740124	-0.647271	-0.182363
52540		-0.074100	0.191157	-0.978759	0.668961	0.737410	0.093374	0.739595	-0.647832	-0.182519
52541		-0.074269	0.190829	-0.978810	0.669712	0.736796	0.092830	0.738897	-0.648627	-0.182521
52542		-0.074316	0.190660	-0.978839	0.670748	0.735905	0.092416	0.737953	-0.649686	-0.182574
52543		-0.074310	0.190737	-0.978824	0.671842	0.734932	0.092207	0.736957	-0.650764	-0.182758
52544		-0.074355	0.190995	-0.978771	0.672234	0.734566	0.092273	0.736595	-0.651102	-0.183012
52545		-0.074473	0.191503	-0.978662	0.672442	0.734344	0.092524	0.736393	-0.651203	-0.183464
52546		-0.074588	0.191993	-0.978558	0.672553	0.734209	0.092788	0.736281	-0.651211	-0.183889
52548		-0.074609	0.192684	-0.978420	0.673464	0.733338	0.093064	0.735445	-0.651988	-0.184480
52549		-0.074711	0.192847	-0.978380	0.674166	0.732709	0.092943	0.734792	-0.652647	-0.184752
52550		-0.074852	0.192837	-0.978372	0.675077	0.731912	0.092612	0.733941	-0.653544	-0.184965
52551		-0.074923	0.192714	-0.978390	0.676375	0.730771	0.092145	0.732737	-0.654855	-0.185099
52552		-0.074856	0.192447	-0.978448	0.677653	0.729646	0.091667	0.731562	-0.656186	-0.185031
52553		-0.074830	0.192182	-0.978502	0.678222	0.729158	0.091343	0.731038	-0.656806	-0.184905
52554		-0.074886	0.191901	-0.978553	0.677971	0.729414	0.091160	0.731264	-0.656604	-0.184727
52555		-0.075092	0.191618	-0.978593	0.676862	0.730452	0.091090	0.732270	-0.655532	-0.184550
52556		-0.075265	0.191098	-0.978681	0.675528	0.731707	0.090922	0.733483	-0.654283	-0.184164
52557		-0.075083	0.190291	-0.978852	0.674432	0.732743	0.090715	0.734510	-0.653358	-0.183355
52558		-0.074800	0.189317	-0.979063	0.673857	0.733321	0.090316	0.735065	-0.652993	-0.182425
52559		-0.074451	0.188294	-0.979287	0.673146	0.734018	0.089958	0.735752	-0.652506	-0.181397
52560		-0.073747	0.187087	-0.979571	0.672287	0.734832	0.089731	0.736608	-0.651936	-0.179968
52561		-0.073021	0.185862	-0.979859	0.671091	0.735943	0.089584	0.737770	-0.651033	-0.178470
52562		-0.072147	0.184549	-0.980172	0.670398	0.736603	0.089344	0.738486	-0.650659	-0.176865
52563		-0.071282	0.183511	-0.980430	0.670330	0.736689	0.089153	0.738632	-0.650856	-0.175526
52564		-0.070303	0.182875	-0.980619	0.671222	0.735880	0.089112	0.737915	-0.651949	-0.174484
52565		-0.069194	0.182416	-0.980784	0.673524	0.733792	0.088961	0.735919	-0.654426	-0.173636
52566		-0.067775	0.182290	-0.980906	0.677367	0.730253	0.088907	0.732517	-0.658407	-0.172970
52567		-0.066425	0.182251	-0.981006	0.681388	0.726512	0.088833	0.728902	-0.662545	-0.172442
52568		-0.064700	0.182043	-0.981160	0.685564	0.722569	0.088857	0.725131	-0.666899	-0.171553
52569		-0.063076	0.181752	-0.981319	0.689783	0.718557	0.088748	0.721264	-0.671299	-0.170693
52570		-0.061554	0.181389	-0.981483	0.694775	0.713781	0.088342	0.716589	-0.676472	-0.169961
52571		-0.060493	0.181148	-0.981594	0.699959	0.708782	0.087666	0.711616	-0.681772	-0.169672
52572		-0.059899	0.181236	-0.981614	0.704681	0.704169	0.087011	0.706991	-0.686513	-0.169893
52573		-0.059382	0.181631	-0.981572	0.708234	0.700622	0.086797	0.703476	-0.690029	-0.170241
52574		-0.058498	0.181866	-0.981582	0.710706	0.698091	0.086986	0.701053	-0.692528	-0.170090
52575		-0.057327	0.182226	-0.981584	0.712228	0.696448	0.087696	0.699603	-0.694085	-0.169712
52576		-0.055721	0.182621	-0.981603	0.713107	0.695396	0.088894	0.698837	-0.695035	-0.168976
52577		-0.054014	0.182702	-0.981683	0.713216	0.695126	0.090128	0.698860	-0.695284	-0.167853
52578		-0.052604	0.182699	-0.981761	0.713741	0.694474	0.090993	0.698431	-0.695936	-0.166932
52579		-0.051397	0.182577	-0.981847	0.714445	0.693671	0.091590	0.697801	-0.696769	-0.166094
52580		-0.050255	0.182482	-0.981924	0.715245	0.692773	0.092139	0.697064	-0.697686	-0.165335
52581		-0.049671	0.182399	-0.981969	0.715245	0.692726	0.092493	0.697106	-0.697755	-0.164868
52582		-0.049281	0.182129	-0.982039	0.714767	0.693193	0.092691	0.697624	-0.697361	-0.164341
52583		-0.048686	0.181652	-0.982157	0.713814	0.694133	0.092997	0.698641	-0.696550	-0.163460
52584		-0.048097	0.181150	-0.982279	0.712654	0.695280	0.093327	0.699865	-0.695536	-0.162538
52585		-0.047776	0.180664	-0.982384	0.710939	0.696997	0.093605	0.701629	-0.693943	-0.161741
52586		-0.047475	0.179967	-0.982526	0.708907	0.699038	0.093788	0.703702	-0.692068	-0.160767
52587		-0.047153	0.179153	-0.982691	0.706532	0.701415	0.093972	0.706109	-0.689871	-0.159651
52588		-0.046884	0.178371	-0.982846	0.704188	0.703746	0.094128	0.708464	-0.687695	-0.158601
52589		-0.046650	0.177477	-0.983019	0.701325	0.706579	0.094286	0.711314	-0.685017	-0.157431
52590		-0.046132	0.176493	-0.983220	0.698685	0.709159	0.094515	0.713940	-0.682601	-0.156028
52591		-0.045861	0.175458	-0.983418	0.695705	0.712071	0.094602	0.716862	-0.679831	-0.154723
52593		-0.045225	0.173215	-0.983845	0.690392	0.717232	0.094539	0.722021	-0.674963	-0.152024
52594		-0.044764	0.171915	-0.984094	0.687748	0.719778	0.094457	0.724568	-0.672580	-0.150454
52595		-0.044208	0.170488	-0.984368	0.685442	0.721999	0.094264	0.726784	-0.670560	-0.148778
52596		-0.043722	0.169117	-0.984626	0.682869	0.724454	0.094108	0.729231	-0.668256	-0.147159
52597		-0.043161	0.167695	-0.984894	0.680321	0.726868	0.093948	0.731642	-0.665989	-0.145459
52598		-0.042057	0.165891	-0.985247	0.678287	0.728792	0.093756	0.733593	-0.664337	-0.143172
52599		-0.040807	0.163746	-0.985658	0.676614	0.730399	0.093328	0.735206	-0.663102	-0.140598
52600		-0.039352	0.161707	-0.986054	0.675567	0.731412	0.092986	0.736248	-0.662486	-0.138026
52601		-0.037619	0.159404	-0.986496	0.674795	0.732176	0.092577	0.737046	-0.662200	-0.135108
52602		-0.035365	0.156767	-0.987002	0.673921	0.733018	0.092279	0.737957	-0.661898	-0.131572
52603		-0.033374	0.154179	-0.987479	0.672596	0.734280	0.091914	0.739257	-0.661107	-0.128205
52604		-0.031419	0.151670	-0.987932	0.671473	0.735353	0.091539	0.740362	-0.660494	-0.124946
52605		-0.029516	0.148803	-0.988426	0.670012	0.736763	0.090909	0.741763	-0.659574	-0.121447
52606		-0.027260	0.145672	-0.988957	0.668861	0.737889	0.090254	0.742888	-0.659014	-0.117549
52607		-0.025708	0.142621	-0.989443	0.667140	0.739565	0.089269	0.744489	-0.657802	-0.114161
52608		-0.024104	0.139557	-0.989921	0.666074	0.740652	0.088197	0.745496	-0.657235	-0.110808
52609		-0.022935	0.136146	-0.990423	0.664542	0.742211	0.086638	0.746899	-0.656191	-0.107497
52610		-0.021513	0.132538	-0.990944	0.663890	0.742989	0.084962	0.747521	-0.656050	-0.103975
52611		-0.020586	0.128555	-0.991489	0.662597	0.744390	0.082759	0.748693	-0.655254	-0.100504
52612		-0.019251	0.123971	-0.992099	0.661737	0.745423	0.080307	0.749489	-0.654963	-0.096386
52613		-0.018932	0.118946	-0.992720	0.658692	0.748450	0.077116	0.752174	-0.652437	-0.092518
52614		-0.018623	0.113592	-0.993353	0.655470	0.751620	0.073661	0.754991	-0.649741	-0.088454
52615		-0.019314	0.107426	-0.994025	0.650116	0.756683	0.069144	0.759590	-0.644896	-0.084454
52616		-0.019609	0.100544	-0.994739	0.645382	0.761156	0.064212	0.763608	-0.640728	-0.079815
52617		-0.020434	0.092779	-0.995477	0.638729	0.767213	0.058394	0.769160	-0.634647	-0.074938
52618		-0.020903	0.084492	-0.996205	0.631665	0.773472	0.052347	0.774960	-0.628173	-0.069539
52619		-0.022002	0.075734	-0.996885	0.621441	0.782127	0.045703	0.783152	-0.618500	-0.064273
52620		-0.022596	0.066890	-0.997504	0.611659	0.790153	0.039130	0.790799	-0.609249	-0.058768
52621		-0.023960	0.057953	-0.998032	0.599182	0.799970	0.032067	0.800254	-0.597235	-0.053892
52622		-0.024576	0.049224	-0.998485	0.588696	0.807957	0.025342	0.807981	-0.587181	-0.048835
52623		-0.026380	0.041063	-0.998808	0.575419	0.817652	0.018417	0.817434	-0.574247	-0.045198
52624		-0.028615	0.033749	-0.999021	0.563450	0.826066	0.011768	0.825654	-0.562562	-0.042654
52625		-0.032765	0.027193	-0.999093	0.548547	0.836106	0.004767	0.835477	-0.547894	-0.042312
52626		-0.037334	0.021147	-0.999079	0.534855	0.844941	-0.002102	0.844118	-0.534441	-0.042856
52627		-0.042341	0.014928	-0.998992	0.519822	0.854224	-0.009267	0.853225	-0.519690	-0.043929
52628		-0.047369	0.008543	-0.998841	0.507662	0.861394	-0.016708	0.860253	-0.507865	-0.045140
52629		-0.052513	0.001746	-0.998619	0.495770	0.868107	-0.024552	0.866865	-0.496375	-0.046452
52630		-0.057147	-0.005480	-0.998351	0.486358	0.873150	-0.032633	0.871889	-0.487420	-0.047233
52631		-0.061642	-0.013007	-0.998014	0.477102	0.877895	-0.040910	0.876683	-0.478676	-0.047909
52632		-0.066090	-0.020218	-0.997609	0.468612	0.882048	-0.048921	0.880928	-0.470725	-0.048820
52633		-0.070919	-0.026694	-0.997125	0.459688	0.886286	-0.056421	0.885244	-0.462368	-0.050583
52634		-0.076422	-0.032118	-0.996558	0.450460	0.890554	-0.063246	0.889520	-0.453742	-0.053590
52635		-0.082601	-0.036359	-0.995919	0.440833	0.894915	-0.069234	0.893780	-0.444753	-0.057892
52636		-0.089200	-0.039448	-0.995232	0.430962	0.899308	-0.074272	0.897950	-0.435533	-0.063218
52637		-0.095262	-0.041861	-0.994572	0.420097	0.904096	-0.078291	0.902465	-0.425275	-0.068540
52638		-0.100183	-0.043980	-0.993996	0.407890	0.909400	-0.081348	0.907518	-0.413591	-0.073168
52639		-0.104371	-0.045688	-0.993489	0.394915	0.914910	-0.083562	0.912770	-0.401065	-0.077447
52640		-0.108196	-0.046982	-0.993019	0.381374	0.920495	-0.085104	0.918067	-0.387919	-0.081677
52641		-0.111954	-0.048128	-0.992547	0.367509	0.926002	-0.086355	0.923257	-0.374438	-0.085983
52642		-0.116326	-0.049166	-0.991993	0.353088	0.931483	-0.087572	0.928330	-0.360448	-0.090995
52643		-0.121960	-0.050073	-0.991271	0.337733	0.937035	-0.088886	0.933307	-0.345626	-0.097369
52644		-0.128957	-0.050920	-0.990342	0.321309	0.942659	-0.090307	0.938153	-0.329852	-0.105201
52645		-0.136829	-0.051940	-0.989232	0.303767	0.948313	-0.091808	0.942870	-0.313058	-0.113979
52646		-0.144652	-0.053367	-0.988042	0.285001	0.953980	-0.093252	0.947550	-0.295082	-0.122785
52647		-0.152372	-0.054939	-0.986795	0.265162	0.959575	-0.094368	0.952088	-0.276039	-0.131644
52648		-0.161005	-0.056355	-0.985343	0.244598	0.964944	-0.095155	0.956164	-0.256334	-0.141576
52649		-0.169861	-0.057784	-0.983772	0.225717	0.969460	-0.095916	0.959270	-0.238346	-0.151630
52651		-0.187482	-0.060235	-0.980419	0.189891	0.977067	-0.096341	0.963738	-0.204235	-0.171745
52652		-0.196131	-0.060695	-0.978698	0.172461	0.980389	-0.095361	0.965293	-0.187490	-0.181817
52653		-0.204008	-0.060839	-0.977077	0.156135	0.983269	-0.093825	0.966438	-0.171697	-0.191096
52654		-0.210182	-0.060947	-0.975761	0.141365	0.985672	-0.092016	0.967388	-0.157278	-0.198554
52655		-0.214890	-0.060948	-0.974735	0.127702	0.987729	-0.089913	0.968253	-0.143797	-0.204470
52656		-0.218939	-0.060704	-0.973848	0.115222	0.989471	-0.087582	0.968911	-0.131384	-0.209640
52659		-0.224257	-0.058972	-0.972744	0.087054	0.992965	-0.080267	0.970634	-0.102682	-0.217546
52660		-0.223856	-0.058250	-0.972880	0.079816	0.993764	-0.077866	0.971348	-0.095082	-0.217811
52661		-0.222765	-0.057493	-0.973175	0.074750	0.994313	-0.075853	0.972002	-0.089643	-0.217201
52662		-0.220875	-0.056541	-0.973662	0.070124	0.994814	-0.073677	0.972778	-0.084550	-0.215765
52663		-0.218087	-0.055483	-0.974351	0.064648	0.995368	-0.071150	0.973786	-0.078506	-0.213490
52664		-0.215031	-0.054558	-0.975082	0.059005	0.995889	-0.068735	0.974823	-0.072315	-0.210928
52665		-0.212704	-0.053791	-0.975635	0.052114	0.996438	-0.066300	0.975726	-0.064947	-0.209143
52666		-0.212519	-0.053033	-0.975717	0.044125	0.996987	-0.063799	0.976160	-0.056612	-0.209538
52667		-0.213458	-0.052303	-0.975551	0.035575	0.997487	-0.061263	0.976304	-0.047782	-0.211061
52668		-0.214237	-0.051523	-0.975422	0.027589	0.997890	-0.058769	0.976392	-0.039501	-0.212364
52669		-0.215407	-0.050631	-0.975211	0.019884	0.998221	-0.056217	0.976322	-0.031501	-0.214017
52670		-0.217259	-0.049517	-0.974857	0.011469	0.998514	-0.053275	0.976047	-0.022755	-0.216368
52671		-0.219714	-0.048346	-0.974366	0.002553	0.998739	-0.050132	0.975561	-0.013503	-0.219314
52672		-0.222974	-0.047192	-0.973681	-0.007216	0.998880	-0.046761	0.974798	-0.003400	-0.223065
52673		-0.226859	-0.046175	-0.972832	-0.018512	0.998899	-0.043095	0.973752	0.008232	-0.227464
52674		-0.229919	-0.045520	-0.972145	-0.029587	0.998771	-0.039769	0.972760	0.019619	-0.230983
52675		-0.231888	-0.044980	-0.971702	-0.037476	0.998602	-0.037282	0.972020	0.027770	-0.233249
52676		-0.232359	-0.044091	-0.971630	-0.042410	0.998481	-0.035168	0.971705	0.033035	-0.233876
52677		-0.232238	-0.042791	-0.971717	-0.045859	0.998403	-0.033005	0.971577	0.036897	-0.233829
52678		-0.232899	-0.041392	-0.971620	-0.048772	0.998334	-0.030840	0.971277	0.040205	-0.234530
52679		-0.233841	-0.040017	-0.971451	-0.051619	0.998254	-0.028696	0.970904	0.043435	-0.235499
52680		-0.234547	-0.038726	-0.971333	-0.054433	0.998162	-0.026652	0.970580	0.046621	-0.236224
52681		-0.235719	-0.037324	-0.971104	-0.057998	0.998021	-0.024280	0.970089	0.050599	-0.237417
52682		-0.237636	-0.036012	-0.970686	-0.062613	0.997802	-0.021689	0.969334	0.055623	-0.239369
52683		-0.239918	-0.034983	-0.970163	-0.069112	0.997430	-0.018875	0.968330	0.062521	-0.241719
52684		-0.242195	-0.034332	-0.969620	-0.075521	0.997009	-0.016438	0.967284	0.069245	-0.244064
52685		-0.244211	-0.033933	-0.969128	-0.080575	0.996642	-0.014592	0.966369	0.074524	-0.246125
52686		-0.246259	-0.033768	-0.968616	-0.084426	0.996341	-0.013271	0.965520	0.078508	-0.248209
52688		-0.251829	-0.033274	-0.967199	-0.094848	0.995446	-0.009550	0.963113	0.089332	-0.253838
52689		-0.255214	-0.032861	-0.966326	-0.100569	0.994904	-0.007271	0.961640	0.095326	-0.257218
52690		-0.258589	-0.032364	-0.965445	-0.106643	0.994286	-0.004767	0.960083	0.101725	-0.260563
52691		-0.261580	-0.031796	-0.964658	-0.112931	0.993601	-0.002128	0.958552	0.108384	-0.263497
52692		-0.263764	-0.031234	-0.964082	-0.119234	0.992866	0.000455	0.957190	0.115071	-0.265606
52693		-0.265251	-0.030731	-0.963690	-0.125163	0.992132	0.002812	0.956021	0.121364	-0.267010
52694		-0.266196	-0.030446	-0.963438	-0.130789	0.991399	0.004807	0.955005	0.127287	-0.267888
52695		-0.266821	-0.030236	-0.963272	-0.136541	0.990612	0.006727	0.954025	0.133321	-0.268444
52696		-0.266903	-0.030086	-0.963254	-0.143455	0.989617	0.008840	0.952987	0.140543	-0.268448
52697		-0.266854	-0.029904	-0.963273	-0.151644	0.988370	0.011326	0.951732	0.149097	-0.268285
52698		-0.267153	-0.029804	-0.963193	-0.161594	0.986754	0.014287	0.950009	0.159463	-0.268430
52699		-0.267873	-0.029800	-0.962993	-0.173836	0.984612	0.017887	0.947642	0.172195	-0.268932
52700		-0.269002	-0.030137	-0.962668	-0.188155	0.981897	0.021838	0.944582	0.187005	-0.269803
52701		-0.270953	-0.030837	-0.962098	-0.204365	0.978544	0.026190	0.940648	0.203716	-0.271442
52702		-0.274093	-0.032302	-0.961161	-0.222304	0.974496	0.030645	0.935657	0.222070	-0.274283
52703		-0.277575	-0.034363	-0.960089	-0.241192	0.969845	0.035020	0.929935	0.241286	-0.277493
52704		-0.280852	-0.036868	-0.959043	-0.260504	0.964677	0.039203	0.923721	0.260844	-0.280536
52705		-0.283761	-0.039705	-0.958073	-0.279532	0.959171	0.043041	0.917247	0.280025	-0.283275
52706		-0.286004	-0.042916	-0.957267	-0.298349	0.953328	0.046399	0.910598	0.298870	-0.285460
52708		-0.288896	-0.050795	-0.956012	-0.336105	0.940410	0.051601	0.896422	0.336228	-0.288753
52709		-0.289357	-0.055598	-0.955605	-0.353902	0.933789	0.052832	0.889396	0.353478	-0.289875
52710		-0.289095	-0.060980	-0.955356	-0.369335	0.927810	0.052540	0.883185	0.368036	-0.290747
52713		-0.287584	-0.081881	-0.954249	-0.412903	0.909593	0.046388	0.864180	0.407352	-0.295393
52714		-0.286436	-0.089927	-0.953870	-0.427842	0.902813	0.043362	0.857267	0.420526	-0.297073
52715		-0.284730	-0.098261	-0.953558	-0.443446	0.895402	0.040144	0.849873	0.434282	-0.298521
52716		-0.282182	-0.106581	-0.953422	-0.458402	0.887999	0.036404	0.842758	0.447323	-0.299434
52717		-0.279389	-0.115158	-0.953247	-0.473183	0.880371	0.032332	0.835487	0.460094	-0.300457
52718		-0.276019	-0.123647	-0.953166	-0.488492	0.872108	0.028327	0.827761	0.473433	-0.301119
52719		-0.272203	-0.131960	-0.953148	-0.505298	0.862586	0.024883	0.818889	0.488397	-0.301478
52720		-0.268127	-0.140134	-0.953137	-0.523380	0.851816	0.021995	0.808815	0.504750	-0.301738
52721		-0.263728	-0.148239	-0.953138	-0.542348	0.839929	0.019433	0.797688	0.522058	-0.301910
52722		-0.258974	-0.156357	-0.953145	-0.562088	0.826901	0.017075	0.785487	0.540173	-0.302032
52723		-0.253832	-0.164635	-0.953134	-0.583152	0.812224	0.015005	0.771688	0.559631	-0.302175
52724		-0.248238	-0.173101	-0.953108	-0.605160	0.795997	0.013048	0.756412	0.580021	-0.302350
52725		-0.242182	-0.181834	-0.953039	-0.627200	0.778784	0.010794	0.740249	0.600360	-0.302654
52726		-0.235555	-0.190559	-0.952996	-0.650422	0.759521	0.008894	0.722126	0.621944	-0.302853
52727		-0.228177	-0.199196	-0.953025	-0.674858	0.737911	0.007342	0.701785	0.644832	-0.302803
52728		-0.219921	-0.207783	-0.953132	-0.699264	0.714842	0.005509	0.680194	0.667703	-0.302504
52730		-0.201050	-0.224461	-0.953518	-0.747924	0.663782	0.001443	0.632604	0.713449	-0.301333
52732		-0.179584	-0.239935	-0.954034	-0.796539	0.604583	-0.002112	0.577299	0.759547	-0.299691
52733		-0.167803	-0.246561	-0.954489	-0.820360	0.571836	-0.003492	0.546673	0.782439	-0.298225
52735		-0.144170	-0.258437	-0.955210	-0.866382	0.499363	-0.004342	0.478118	0.826950	-0.295899
52736		-0.132098	-0.263275	-0.955634	-0.887293	0.461185	-0.004404	0.441883	0.847346	-0.294524
52737		-0.119929	-0.266858	-0.956245	-0.907140	0.420812	-0.003665	0.403377	0.867009	-0.292545
52738		-0.107616	-0.268955	-0.957122	-0.925749	0.378132	-0.002168	0.362502	0.885821	-0.289678
52739		-0.095483	-0.270275	-0.958037	-0.942708	0.333620	-0.000163	0.319664	0.903133	-0.286646
52741		-0.071648	-0.271559	-0.959751	-0.970412	0.241418	0.004136	0.230578	0.931651	-0.280821
52742		-0.059807	-0.271310	-0.960632	-0.981042	0.193689	0.006375	0.184334	0.942802	-0.277751
52743		-0.047905	-0.270669	-0.961480	-0.989370	0.145178	0.008425	0.137305	0.951663	-0.274746
52744		-0.036135	-0.269144	-0.962422	-0.995092	0.098464	0.009826	0.092119	0.958054	-0.271381
52745		-0.024588	-0.267063	-0.963365	-0.998577	0.052169	0.011025	0.047313	0.962266	-0.267965
52746		-0.013254	-0.263990	-0.964434	-0.999908	0.006333	0.012008	0.002938	0.964505	-0.264050
52747		-0.001704	-0.260065	-0.965590	-0.999201	-0.038113	0.012029	-0.039930	0.964839	-0.259792
52748		0.010621	-0.256300	-0.966539	-0.996588	-0.081837	0.010750	-0.081854	0.963127	-0.256294
52749		0.023893	-0.252769	-0.967232	-0.992066	-0.125442	0.008275	-0.123423	0.959360	-0.253761
52750		0.037795	-0.248689	-0.967846	-0.985348	-0.170472	0.005324	-0.166314	0.953464	-0.251489
52751		0.051610	-0.244085	-0.968380	-0.975721	-0.218995	0.003197	-0.212850	0.944703	-0.249461
52752		0.064636	-0.238798	-0.968916	-0.962342	-0.271826	0.002797	-0.264045	0.932248	-0.247375
52754		0.088149	-0.228996	-0.969428	-0.921885	-0.387388	0.007682	-0.377303	0.893024	-0.245256
52755		0.098456	-0.224740	-0.969432	-0.894201	-0.447480	0.012922	-0.436706	0.865594	-0.245020
52756		0.108118	-0.221372	-0.969178	-0.860887	-0.508400	0.020087	-0.497176	0.832180	-0.245543
52757		0.116969	-0.218026	-0.968908	-0.822100	-0.568619	0.028706	-0.557198	0.793182	-0.245750
52758		0.125170	-0.213783	-0.968829	-0.777890	-0.627256	0.037910	-0.615809	0.748897	-0.244813
52759		0.133530	-0.208681	-0.968825	-0.726983	-0.685021	0.047353	-0.673547	0.697997	-0.243178
52761		0.152906	-0.195224	-0.968766	-0.607310	-0.791905	0.063728	-0.779611	0.578597	-0.239649
52762		0.162907	-0.186296	-0.968894	-0.541847	-0.837562	0.069939	-0.824538	0.513599	-0.237389
52763		0.171849	-0.175540	-0.969357	-0.476202	-0.876196	0.074247	-0.862380	0.448851	-0.234166
52764		0.180000	-0.163831	-0.969928	-0.408769	-0.909321	0.077734	-0.894711	0.382485	-0.230647
52765		0.186945	-0.151534	-0.970613	-0.338559	-0.937439	0.081147	-0.922187	0.313440	-0.226553
52766		0.193314	-0.139858	-0.971118	-0.264846	-0.960483	0.085605	-0.944715	0.240648	-0.222716
52767		0.199973	-0.129094	-0.971260	-0.189596	-0.977645	0.090906	-0.961283	0.165968	-0.219979
52768		0.205953	-0.119053	-0.971293	-0.116149	-0.988529	0.096538	-0.971644	0.092932	-0.217419
52769		0.210851	-0.109389	-0.971378	-0.045007	-0.993751	0.102139	-0.976482	0.022183	-0.214456
52770		0.215564	-0.099859	-0.971370	0.024610	-0.993886	0.107636	-0.976179	-0.047108	-0.211789
52771		0.220191	-0.090004	-0.971296	0.093756	-0.989171	0.112915	-0.970941	-0.115928	-0.209368
52772		0.225158	-0.079676	-0.971059	0.163611	-0.979407	0.118297	-0.960487	-0.185512	-0.207486
52773		0.230800	-0.068522	-0.970585	0.233869	-0.964367	0.123696	-0.944477	-0.255539	-0.206551
52774		0.237141	-0.056529	-0.969829	0.303550	-0.944009	0.129248	-0.922834	-0.325041	-0.206704
52775		0.242608	-0.043980	-0.969127	0.371615	-0.918561	0.134714	-0.896127	-0.392825	-0.206507
52776		0.247069	-0.030957	-0.968503	0.438010	-0.887983	0.140121	-0.864352	-0.458833	-0.205834
52777		0.249967	-0.017811	-0.968090	0.503248	-0.851785	0.145613	-0.827199	-0.523588	-0.203955
52778		0.251006	-0.004955	-0.967973	0.566399	-0.810176	0.151021	-0.784976	-0.586166	-0.200553
52779		0.250232	0.007604	-0.968156	0.625911	-0.764179	0.155772	-0.738660	-0.644959	-0.195982
52781		0.244379	0.031500	-0.969168	0.733694	-0.659499	0.163568	-0.634013	-0.751045	-0.184279
52782		0.239141	0.042246	-0.970065	0.780800	-0.602254	0.166255	-0.577202	-0.797186	-0.177009
52783		0.233402	0.052842	-0.970943	0.823083	-0.542398	0.168339	-0.517742	-0.838458	-0.170091
52784		0.227481	0.064456	-0.971647	0.860128	-0.481107	0.169458	-0.456543	-0.874289	-0.164883
52785		0.220891	0.076112	-0.972324	0.890964	-0.421279	0.169431	-0.396724	-0.903732	-0.160869
52787		0.205963	0.098870	-0.973552	0.938707	-0.300995	0.168024	-0.276422	-0.948487	-0.154804
52788		0.197761	0.108712	-0.974203	0.955659	-0.242596	0.166925	-0.218191	-0.964017	-0.151868
52789		0.189238	0.117305	-0.974899	0.968581	-0.185459	0.165696	-0.161367	-0.975625	-0.148715
52790		0.180634	0.125025	-0.975572	0.977945	-0.128575	0.164596	-0.104855	-0.983787	-0.145493
52791		0.171838	0.132020	-0.976239	0.983871	-0.072981	0.163312	-0.049686	-0.988557	-0.142432
52792		0.162746	0.138369	-0.976917	0.986664	-0.020086	0.161525	0.002727	-0.990177	-0.139793
52793		0.153280	0.144800	-0.977516	0.986640	0.032836	0.159575	0.055204	-0.988916	-0.137832
52794		0.143953	0.150721	-0.978039	0.983489	0.087739	0.158277	0.109667	-0.984675	-0.135602
52795		0.134561	0.155796	-0.978581	0.977049	0.143712	0.157230	0.165130	-0.977279	-0.132883
52796		0.125262	0.160222	-0.979101	0.967375	0.199324	0.156379	0.220214	-0.966746	-0.130027
52797		0.115731	0.164112	-0.979629	0.954699	0.253829	0.155308	0.274147	-0.953225	-0.127302
52798		0.105752	0.168068	-0.980087	0.939468	0.306146	0.153868	0.325910	-0.937031	-0.125519
52799		0.095018	0.172060	-0.980493	0.921563	0.357237	0.151996	0.376421	-0.918029	-0.124620
52800		0.083919	0.175911	-0.980823	0.900480	0.408123	0.150242	0.426725	-0.895819	-0.124155
52801		0.072444	0.178941	-0.981189	0.876534	0.457947	0.148234	0.475858	-0.870784	-0.123672
52802		0.060997	0.181185	-0.981556	0.850682	0.504977	0.146078	0.522130	-0.843902	-0.123329
52803		0.049380	0.182556	-0.981955	0.823271	0.549209	0.143504	0.565496	-0.815501	-0.123173
52804		0.038247	0.182909	-0.982386	0.796207	0.588469	0.140565	0.603814	-0.787559	-0.123126
52806		0.017952	0.180564	-0.983399	0.744383	0.654229	0.133713	0.667512	-0.734426	-0.122664
52807		0.009836	0.177246	-0.984117	0.719619	0.682083	0.130040	0.694299	-0.709469	-0.120840
52808		0.002921	0.172050	-0.985084	0.697282	0.705755	0.125331	0.716791	-0.687247	-0.117906
52809		-0.004153	0.166303	-0.986066	0.678360	0.724961	0.119410	0.734718	-0.668412	-0.115824
52810		-0.011321	0.159307	-0.987164	0.662981	0.740233	0.111854	0.748550	-0.653205	-0.113998
52812		-0.024237	0.140750	-0.989748	0.639552	0.763119	0.092860	0.768366	-0.630745	-0.108512
52814		-0.036358	0.119656	-0.992149	0.623840	0.778320	0.071006	0.780706	-0.616361	-0.102944
52815		-0.039965	0.107791	-0.993370	0.617802	0.784024	0.060219	0.785317	-0.611299	-0.097927
52816		-0.043962	0.097305	-0.994283	0.612979	0.788511	0.050065	0.788875	-0.607274	-0.094311
52817		-0.048236	0.088486	-0.994909	0.605838	0.794516	0.041291	0.794124	-0.600762	-0.091932
52818		-0.051455	0.079929	-0.995472	0.595910	0.802347	0.033621	0.801401	-0.591481	-0.088915
52819		-0.054026	0.071692	-0.995963	0.588000	0.808433	0.026297	0.807054	-0.584206	-0.085831
52820		-0.057648	0.064320	-0.996263	0.583372	0.811991	0.018667	0.810157	-0.580115	-0.084333
52821		-0.063015	0.058292	-0.996309	0.579736	0.814730	0.011001	0.812364	-0.576903	-0.085134
52822		-0.067729	0.051425	-0.996378	0.574628	0.818408	0.003179	0.815607	-0.572331	-0.084980
52823		-0.070605	0.042437	-0.996601	0.566136	0.824296	-0.005008	0.821282	-0.564566	-0.082224
52826		-0.076944	0.008550	-0.996999	0.542992	0.839020	-0.034711	0.836206	-0.544033	-0.069200
52827		-0.078994	-0.001895	-0.996873	0.538381	0.841539	-0.044262	0.838991	-0.540194	-0.065456
52828		-0.081545	-0.010505	-0.996614	0.531878	0.845197	-0.052428	0.842886	-0.534352	-0.063334
52829		-0.083972	-0.017371	-0.996317	0.525084	0.848999	-0.059058	0.846897	-0.528109	-0.062171
52831		-0.085467	-0.028216	-0.995941	0.514996	0.854459	-0.068402	0.852921	-0.518752	-0.058497
52832		-0.083951	-0.032862	-0.995928	0.509302	0.857635	-0.071230	0.856484	-0.513207	-0.055263
52833		-0.081968	-0.037035	-0.995947	0.500778	0.862468	-0.073286	0.861686	-0.504755	-0.052148
52834		-0.080331	-0.040399	-0.995949	0.488252	0.869504	-0.074651	0.868998	-0.492271	-0.050123
52835		-0.079508	-0.042957	-0.995908	0.472149	0.878273	-0.075577	0.877926	-0.476226	-0.049547
52836		-0.079761	-0.044564	-0.995817	0.453433	0.888039	-0.076059	0.887714	-0.457603	-0.050624
52837		-0.081146	-0.045703	-0.995654	0.433659	0.897819	-0.076556	0.897416	-0.437987	-0.053035
52838		-0.082773	-0.046522	-0.995482	0.414362	0.906863	-0.076834	0.906340	-0.418849	-0.055787
52839		-0.084623	-0.047721	-0.995270	0.398599	0.913827	-0.077707	0.913213	-0.403290	-0.058310
52840		-0.086030	-0.049041	-0.995085	0.386439	0.918951	-0.078698	0.918294	-0.391310	-0.060106
52841		-0.086774	-0.050330	-0.994956	0.379036	0.921944	-0.079694	0.921305	-0.384039	-0.060924
52842		-0.087593	-0.050694	-0.994866	0.378034	0.922304	-0.080280	0.921639	-0.383125	-0.061623
52843		-0.088418	-0.049785	-0.994838	0.382905	0.920310	-0.080087	0.919547	-0.388010	-0.062309
52844		-0.088637	-0.047421	-0.994934	0.390900	0.917077	-0.078535	0.916155	-0.395881	-0.062751
52845		-0.087949	-0.044138	-0.995147	0.398999	0.913814	-0.075793	0.912724	-0.403728	-0.062758
52846		-0.086373	-0.040417	-0.995443	0.406011	0.911010	-0.072218	0.909777	-0.410399	-0.062277
52847		-0.085037	-0.036634	-0.995704	0.411669	0.908748	-0.068593	0.907357	-0.415733	-0.062196
52848		-0.084359	-0.032589	-0.995902	0.415698	0.907184	-0.064898	0.905582	-0.419469	-0.062982
52849		-0.084872	-0.028266	-0.995991	0.419105	0.905858	-0.061422	0.903962	-0.422638	-0.065036
52851		-0.088231	-0.020382	-0.995892	0.429366	0.901362	-0.056486	0.898810	-0.432586	-0.070777
52852		-0.090363	-0.017691	-0.995752	0.435404	0.898524	-0.055476	0.895688	-0.438568	-0.073490
52853		-0.092622	-0.015832	-0.995575	0.442251	0.895180	-0.055380	0.892096	-0.445424	-0.075912
52854		-0.095006	-0.014880	-0.995365	0.450429	0.891035	-0.056313	0.887743	-0.453692	-0.077951
52855		-0.098595	-0.014464	-0.995023	0.460061	0.885960	-0.058465	0.882396	-0.463535	-0.080697
52856		-0.101415	-0.014861	-0.994733	0.470917	0.880055	-0.061159	0.876329	-0.474639	-0.082253
52857		-0.105185	-0.015923	-0.994325	0.481155	0.874230	-0.064899	0.870303	-0.485251	-0.084294
52858		-0.109797	-0.016830	-0.993812	0.488600	0.869798	-0.068711	0.865572	-0.493121	-0.087278
52859		-0.115195	-0.018044	-0.993179	0.492697	0.867142	-0.072901	0.862542	-0.497734	-0.091000
52860		-0.119709	-0.020785	-0.992591	0.494629	0.865617	-0.077779	0.860821	-0.500275	-0.093341
52861		-0.124509	-0.025267	-0.991897	0.494426	0.865141	-0.084102	0.860256	-0.500891	-0.095226
52862		-0.129679	-0.031116	-0.991068	0.491970	0.865784	-0.091556	0.860900	-0.499449	-0.096965
52863		-0.135930	-0.038825	-0.989957	0.489410	0.866165	-0.101171	0.861395	-0.498247	-0.098737
52864		-0.141415	-0.047653	-0.988803	0.488672	0.865302	-0.111589	0.860931	-0.498980	-0.099079
52865		-0.146553	-0.057843	-0.987510	0.487213	0.864585	-0.122948	0.860898	-0.499146	-0.098525
52866		-0.149953	-0.068761	-0.986299	0.488420	0.862201	-0.134367	0.859628	-0.501877	-0.095705
52867		-0.150235	-0.081991	-0.985245	0.493724	0.857170	-0.146618	0.856543	-0.508466	-0.088296
52868		-0.149885	-0.094252	-0.984201	0.499049	0.852121	-0.157605	0.853513	-0.514787	-0.080684
52869		-0.149175	-0.105986	-0.983114	0.502237	0.848321	-0.167662	0.851766	-0.518767	-0.073319
52870		-0.149486	-0.114870	-0.982069	0.502357	0.846663	-0.175498	0.851641	-0.519583	-0.068858
52871		-0.148972	-0.123671	-0.981077	0.500835	0.846041	-0.182698	0.852626	-0.518575	-0.064098
52872		-0.147168	-0.131518	-0.980329	0.497638	0.846700	-0.188297	0.854809	-0.515560	-0.059159
52873		-0.144644	-0.138953	-0.979679	0.491333	0.849318	-0.193005	0.858877	-0.509265	-0.054577
52874		-0.141012	-0.145827	-0.979209	0.480380	0.854771	-0.196473	0.865651	-0.498097	-0.050480
52875		-0.137747	-0.152194	-0.978705	0.464087	0.863026	-0.199523	0.875014	-0.481688	-0.048248
52876		-0.137652	-0.157047	-0.977951	0.439458	0.875164	-0.202397	0.887653	-0.457629	-0.051453
52877		-0.139274	-0.161033	-0.977073	0.409246	0.889126	-0.204874	0.901732	-0.428396	-0.057930
52879		-0.142247	-0.169668	-0.975181	0.342455	0.915922	-0.209311	0.928704	-0.363729	-0.072184
52880		-0.142961	-0.173562	-0.974391	0.307328	0.928053	-0.210398	0.940804	-0.329537	-0.079334
52881		-0.140921	-0.176858	-0.974096	0.275852	0.937935	-0.210199	0.950814	-0.298328	-0.083389
52882		-0.138437	-0.177512	-0.974333	0.249426	0.945845	-0.207761	0.958448	-0.271786	-0.086664
52883		-0.138070	-0.174508	-0.974928	0.222611	0.953701	-0.202235	0.965081	-0.244952	-0.092830
52884		-0.139970	-0.167510	-0.975884	0.195301	0.961553	-0.193062	0.970704	-0.217614	-0.101873
52885		-0.143249	-0.157659	-0.977048	0.167129	0.969198	-0.180896	0.975473	-0.189206	-0.112487
52886		-0.145829	-0.146082	-0.978465	0.134600	0.976912	-0.165910	0.980111	-0.155896	-0.122800
52887		-0.145772	-0.134381	-0.980149	0.097772	0.983925	-0.149440	0.984475	-0.117615	-0.130290
52888		-0.144123	-0.121030	-0.982131	0.058295	0.989730	-0.130521	0.987841	-0.076065	-0.135587
52889		-0.142535	-0.105954	-0.984102	0.013535	0.993952	-0.108975	0.989697	-0.028853	-0.140239
52890		-0.140199	-0.088670	-0.986145	-0.036064	0.995778	-0.084409	0.989466	0.023730	-0.142805
52891		-0.136517	-0.071929	-0.988023	-0.082835	0.994696	-0.060969	0.987168	0.073520	-0.141751
52892		-0.135288	-0.056205	-0.989211	-0.127138	0.991121	-0.038926	0.982615	0.120500	-0.141232
52893		-0.133390	-0.043877	-0.990092	-0.177250	0.983968	-0.019726	0.975084	0.172863	-0.139029
52894		-0.130602	-0.034119	-0.990848	-0.238377	0.971171	-0.002021	0.962351	0.235931	-0.134969
52895		-0.124536	-0.027506	-0.991834	-0.314699	0.949100	0.013193	0.940986	0.313772	-0.126853
52898		-0.104554	-0.030990	-0.994036	-0.623451	0.780774	0.041234	0.774840	0.624044	-0.100954
52899		-0.098840	-0.045103	-0.994081	-0.709642	0.703502	0.038639	0.697595	0.709261	-0.101541
52900		-0.095501	-0.068540	-0.993067	-0.780636	0.624166	0.031993	0.617646	0.778279	-0.113114
52901		-0.090568	-0.100432	-0.990813	-0.841586	0.539665	0.022226	0.532475	0.835868	-0.133398
52902		-0.077708	-0.126958	-0.988860	-0.890125	0.455572	0.011460	0.449041	0.881099	-0.148410
52903		-0.057029	-0.140571	-0.988427	-0.928352	0.371703	0.000700	0.367303	0.917647	-0.151697
52904		-0.035126	-0.146808	-0.988541	-0.960708	0.277472	-0.007070	0.275331	0.949451	-0.150786
52905		-0.014457	-0.151724	-0.988317	-0.984235	0.176408	-0.012684	0.176272	0.972553	-0.151883
52906		0.005082	-0.151570	-0.988433	-0.996930	0.076461	-0.016850	0.078130	0.985485	-0.150716
52907		0.024799	-0.151638	-0.988125	-0.999461	-0.025027	-0.021243	-0.021509	0.988119	-0.152177
52908		0.044354	-0.149070	-0.987831	-0.991160	-0.130327	-0.024836	-0.125038	0.980200	-0.153533
52909		0.064507	-0.142299	-0.987719	-0.970124	-0.240911	-0.028650	-0.233876	0.960059	-0.153588
52910		0.086337	-0.134538	-0.987140	-0.935854	-0.350739	-0.034049	-0.341648	0.926759	-0.156190
52911		0.110382	-0.123126	-0.986233	-0.892021	-0.449878	-0.043672	-0.438308	0.884562	-0.159490
52912		0.135631	-0.107647	-0.984894	-0.840353	-0.539054	-0.056808	-0.524796	0.835364	-0.163574
52913		0.160148	-0.084395	-0.983479	-0.784187	-0.615995	-0.074835	-0.599503	0.783216	-0.164832
52914		0.176821	-0.053848	-0.982769	-0.726205	-0.681112	-0.093340	-0.664350	0.730196	-0.159540
52915		0.184313	-0.020466	-0.982654	-0.665906	-0.737951	-0.109532	-0.722909	0.674543	-0.149643
52917		0.173632	0.039754	-0.984008	-0.521337	-0.843984	-0.126089	-0.835500	0.534893	-0.125817
52918		0.163632	0.061473	-0.984604	-0.454526	-0.881115	-0.130550	-0.875574	0.468890	-0.116238
52919		0.151632	0.077029	-0.985431	-0.384386	-0.913890	-0.130584	-0.910634	0.398587	-0.108966
52920		0.143162	0.087379	-0.985834	-0.305780	-0.943455	-0.128028	-0.941278	0.319777	-0.108348
52922		0.120810	0.106246	-0.986974	-0.151719	-0.980598	-0.124131	-0.981013	0.164739	-0.102346
52923		0.107728	0.114106	-0.987610	-0.072901	-0.989811	-0.122312	-0.991504	0.085174	-0.098312
52924		0.094883	0.120010	-0.988228	0.009476	-0.992771	-0.119652	-0.995443	0.001988	-0.095335
52925		0.083778	0.127508	-0.988293	0.101341	-0.987728	-0.118844	-0.991318	-0.090198	-0.095672
52926		0.078096	0.137139	-0.987469	0.196133	-0.973250	-0.119652	-0.977463	-0.184330	-0.102904
52927		0.087992	0.158222	-0.983475	0.289137	-0.948855	-0.126784	-0.953235	-0.273203	-0.129239
52928		0.103255	0.196190	-0.975114	0.372368	-0.916687	-0.145005	-0.922323	-0.348129	-0.167708
52929		0.108407	0.242838	-0.963990	0.445832	-0.878595	-0.171189	-0.888528	-0.411219	-0.203511
52930		0.068640	0.266130	-0.961490	0.492936	-0.846947	-0.199236	-0.867354	-0.460278	-0.189319
52931		0.032062	0.282871	-0.958622	0.513921	-0.827278	-0.226926	-0.857238	-0.485381	-0.171898
52932		0.015003	0.306671	-0.951697	0.505104	-0.823756	-0.257480	-0.862928	-0.476844	-0.167260
52933		-0.012764	0.319729	-0.947423	0.501157	-0.817857	-0.282756	-0.865262	-0.478417	-0.149795
52934		-0.038706	0.325265	-0.944830	0.494808	-0.815237	-0.300922	-0.868140	-0.479157	-0.129389
52935		-0.055655	0.326612	-0.943518	0.487343	-0.815883	-0.311176	-0.871435	-0.477136	-0.113764
52936		-0.065922	0.323892	-0.943795	0.487158	-0.815017	-0.313726	-0.870822	-0.480459	-0.104059
52937		-0.066750	0.318028	-0.945729	0.495618	-0.812071	-0.308063	-0.865972	-0.489284	-0.103414
52938		-0.064653	0.309383	-0.948737	0.526079	-0.797315	-0.295855	-0.847975	-0.518238	-0.111211
52939		-0.060983	0.300333	-0.951883	0.578263	-0.766682	-0.278947	-0.813568	-0.567449	-0.126917
52940		-0.057955	0.291907	-0.954689	0.637349	-0.725230	-0.260438	-0.768392	-0.623564	-0.144016
52941		-0.054797	0.290081	-0.955432	0.673854	-0.695367	-0.249770	-0.736830	-0.657508	-0.157368
52942		-0.051763	0.290070	-0.955604	0.678602	-0.691817	-0.246757	-0.732680	-0.661248	-0.161032
52943		-0.063168	0.276839	-0.958838	0.668416	-0.701707	-0.246634	-0.741101	-0.656481	-0.140718
52944		-0.075353	0.261593	-0.962232	0.651506	-0.717613	-0.246110	-0.754892	-0.645446	-0.116355
52945		-0.078233	0.253264	-0.964229	0.633155	-0.734465	-0.244286	-0.770061	-0.629618	-0.102896
52946		-0.078378	0.243459	-0.966739	0.625541	-0.743054	-0.237843	-0.776244	-0.623377	-0.094055
52947		-0.079734	0.229557	-0.970024	0.630792	-0.741878	-0.227416	-0.771844	-0.630016	-0.085650
52948		-0.076005	0.216480	-0.973324	0.639672	-0.738216	-0.214139	-0.764881	-0.638884	-0.082368
52949		-0.066000	0.206088	-0.976305	0.655333	-0.728884	-0.198161	-0.752452	-0.652883	-0.086950
52950		-0.053799	0.196107	-0.979106	0.684816	-0.706363	-0.179107	-0.726728	-0.680143	-0.096295
52951		-0.039743	0.189121	-0.981149	0.720733	-0.674675	-0.159241	-0.692073	-0.713475	-0.109492
52952		-0.026002	0.183547	-0.982667	0.752420	-0.643606	-0.140125	-0.658170	-0.743022	-0.121369
52953		-0.018167	0.176681	-0.984101	0.780036	-0.613225	-0.124495	-0.625471	-0.769896	-0.126677
52954		-0.015573	0.168568	-0.985567	0.803421	-0.584650	-0.112691	-0.595208	-0.793580	-0.126327
52955		-0.017728	0.160421	-0.986889	0.822159	-0.559359	-0.105694	-0.568981	-0.813254	-0.121975
52956		-0.023760	0.151661	-0.988147	0.838748	-0.534833	-0.102254	-0.544002	-0.831236	-0.114498
52957		-0.033628	0.143102	-0.989136	0.852989	-0.511660	-0.103023	-0.520845	-0.847187	-0.104858
52958		-0.045916	0.134440	-0.989857	0.863298	-0.493214	-0.107032	-0.502601	-0.859457	-0.093416
52959		-0.057898	0.127014	-0.990210	0.864502	-0.489680	-0.113359	-0.499284	-0.862601	-0.081452
52960		-0.065760	0.121567	-0.990403	0.859782	-0.496825	-0.118070	-0.506410	-0.859294	-0.071850
52961		-0.070696	0.112521	-0.991131	0.855383	-0.504315	-0.118267	-0.513150	-0.856157	-0.060595
52962		-0.068876	0.105880	-0.991991	0.856370	-0.503795	-0.113232	-0.511749	-0.857310	-0.055973
52963		-0.059214	0.106465	-0.992552	0.865496	-0.489961	-0.104189	-0.497404	-0.865219	-0.063133
52964		-0.042343	0.112097	-0.992795	0.879298	-0.467633	-0.090303	-0.474386	-0.876786	-0.078766
52965		-0.022899	0.121063	-0.992381	0.894261	-0.441307	-0.074471	-0.446960	-0.889152	-0.098156
52966		-0.008571	0.128956	-0.991613	0.910954	-0.407983	-0.060931	-0.412419	-0.903836	-0.113976
52967		-0.002971	0.134624	-0.990892	0.925303	-0.375396	-0.053776	-0.379216	-0.917036	-0.123453
52968		-0.002642	0.154825	-0.987938	0.929063	-0.365073	-0.059697	-0.369912	-0.918015	-0.142878
52969		-0.016240	0.175042	-0.984427	0.925883	-0.369049	-0.080895	-0.377462	-0.912778	-0.156075
52970		-0.040815	0.174748	-0.983767	0.920376	-0.376648	-0.105090	-0.388898	-0.909725	-0.145461
52971		-0.067965	0.164177	-0.984087	0.912197	-0.389266	-0.127942	-0.404076	-0.906376	-0.123305
52972		-0.090273	0.155568	-0.983692	0.894600	-0.421388	-0.148738	-0.437654	-0.893438	-0.101131
52973		-0.103674	0.152597	-0.982836	0.878788	-0.448740	-0.162370	-0.465815	-0.880538	-0.087578
52974		-0.112317	0.148938	-0.982447	0.870445	-0.462138	-0.169572	-0.479281	-0.874212	-0.077736
52975		-0.115213	0.144182	-0.982821	0.870292	-0.462325	-0.169846	-0.478871	-0.874910	-0.072214
52976		-0.108135	0.145201	-0.983475	0.875277	-0.455167	-0.163440	-0.471377	-0.878487	-0.077872
52977		-0.096834	0.146397	-0.984475	0.887249	-0.435518	-0.152035	-0.451014	-0.888196	-0.087718
52978		-0.086316	0.144998	-0.985660	0.908702	-0.394130	-0.137556	-0.408423	-0.907545	-0.097740
52979		-0.076648	0.143897	-0.986620	0.930115	-0.346151	-0.122744	-0.359182	-0.927078	-0.107309
52980		-0.064908	0.147015	-0.987002	0.947618	-0.300901	-0.107137	-0.312741	-0.942255	-0.119783
52981		-0.054577	0.145674	-0.987826	0.960203	-0.263734	-0.091944	-0.273918	-0.953532	-0.125483
52982		-0.045314	0.140818	-0.988998	0.968883	-0.234959	-0.077847	-0.243336	-0.961751	-0.125789
52983		-0.036902	0.137565	-0.989805	0.974750	-0.213326	-0.065989	-0.220229	-0.967248	-0.126219
52984		-0.027472	0.134940	-0.990473	0.979303	-0.195135	-0.053747	-0.200528	-0.971449	-0.126786
52985		-0.018442	0.129356	-0.991427	0.984253	-0.172004	-0.040750	-0.175801	-0.976566	-0.124147
52986		-0.008453	0.121889	-0.992508	0.989988	-0.138833	-0.025481	-0.140898	-0.982786	-0.119495
