// Start Time: Unknown
// Update Rate: 100.0Hz
// Filter Profile: human (46.1)
// Option Flags: AHS Disabled ICC Disabled 
// Firmware Version: 4.0.2
PacketCounter	SampleTimeFine	Mat[1][1]	Mat[2][1]	Mat[3][1]	Mat[1][2]	Mat[2][2]	Mat[3][2]	Mat[1][3]	Mat[2][3]	Mat[3][3]
16630		-0.037967	-0.027024	-0.998914	-0.632759	-0.773042	0.044964	-0.773417	0.633779	0.012251
16631		-0.037419	-0.026257	-0.998955	-0.631602	-0.774043	0.044004	-0.774390	0.632588	0.012380
16632		-0.036862	-0.025586	-0.998993	-0.630224	-0.775216	0.043110	-0.775538	0.631178	0.012451
16633		-0.036252	-0.024879	-0.999033	-0.628658	-0.776539	0.042151	-0.776836	0.629578	0.012511
16634		-0.035762	-0.024062	-0.999071	-0.627246	-0.777731	0.041184	-0.777999	0.628136	0.012720
16635		-0.035185	-0.023237	-0.999111	-0.625941	-0.778836	0.040157	-0.779076	0.626798	0.012858
16636		-0.034672	-0.022364	-0.999149	-0.624718	-0.779869	0.039134	-0.780081	0.625543	0.013068
16637		-0.034144	-0.021511	-0.999185	-0.623713	-0.780724	0.038121	-0.780908	0.624506	0.013240
16639		-0.033153	-0.019790	-0.999254	-0.622078	-0.782121	0.036129	-0.782253	0.622812	0.013619
16640		-0.032649	-0.018923	-0.999288	-0.621463	-0.782655	0.035125	-0.782763	0.622168	0.013793
16641		-0.032215	-0.018050	-0.999318	-0.620971	-0.783089	0.034163	-0.783171	0.621648	0.014019
16642		-0.031743	-0.017224	-0.999348	-0.620656	-0.783380	0.033216	-0.783441	0.621305	0.014176
16643		-0.031335	-0.016458	-0.999373	-0.620377	-0.783636	0.032357	-0.783677	0.621002	0.014345
16645		-0.030487	-0.015231	-0.999419	-0.619917	-0.784060	0.030860	-0.784075	0.620498	0.014461
16646		-0.030128	-0.014687	-0.999438	-0.619600	-0.784336	0.030204	-0.784339	0.620162	0.014531
16647		-0.029800	-0.014208	-0.999455	-0.619450	-0.784477	0.029622	-0.784471	0.619995	0.014576
16648		-0.029522	-0.013813	-0.999469	-0.619373	-0.784556	0.029138	-0.784541	0.619904	0.014606
16649		-0.029233	-0.013524	-0.999481	-0.619272	-0.784651	0.028730	-0.784633	0.619790	0.014563
16650		-0.028997	-0.013262	-0.999492	-0.619209	-0.784713	0.028376	-0.784690	0.619717	0.014542
16651		-0.028825	-0.012962	-0.999500	-0.619205	-0.784729	0.028034	-0.784700	0.619704	0.014594
16652		-0.028699	-0.012711	-0.999507	-0.619124	-0.784802	0.027758	-0.784768	0.619616	0.014654
16653		-0.028548	-0.012475	-0.999515	-0.619024	-0.784892	0.027477	-0.784853	0.619508	0.014685
16654		-0.028450	-0.012316	-0.999519	-0.618845	-0.785039	0.027288	-0.784998	0.619323	0.014713
16655		-0.028330	-0.012191	-0.999524	-0.618678	-0.785177	0.027113	-0.785134	0.619152	0.014702
16656		-0.028235	-0.012035	-0.999529	-0.618509	-0.785316	0.026928	-0.785270	0.618978	0.014730
16657		-0.028155	-0.011858	-0.999533	-0.618405	-0.785404	0.026738	-0.785355	0.618869	0.014780
16658		-0.028027	-0.011688	-0.999539	-0.618310	-0.785487	0.026523	-0.785434	0.618768	0.014788
16659		-0.027912	-0.011503	-0.999544	-0.618199	-0.785581	0.026304	-0.785526	0.618651	0.014816
16660		-0.027840	-0.011293	-0.999549	-0.618184	-0.785600	0.026094	-0.785540	0.618631	0.014890
16661		-0.027705	-0.011023	-0.999555	-0.618184	-0.785610	0.025798	-0.785545	0.618624	0.014951
16662		-0.027579	-0.010789	-0.999561	-0.618171	-0.785629	0.025536	-0.785560	0.618604	0.014997
16663		-0.027445	-0.010561	-0.999568	-0.618154	-0.785651	0.025273	-0.785578	0.618580	0.015034
16664		-0.027319	-0.010334	-0.999573	-0.618051	-0.785740	0.025015	-0.785663	0.618471	0.015079
16665		-0.027187	-0.010048	-0.999580	-0.618015	-0.785778	0.024708	-0.785696	0.618427	0.015153
16666		-0.027054	-0.009776	-0.999586	-0.617937	-0.785848	0.024410	-0.785762	0.618342	0.015220
16667		-0.026870	-0.009532	-0.999593	-0.617841	-0.785934	0.024103	-0.785844	0.618237	0.015229
16668		-0.026755	-0.009282	-0.999599	-0.617663	-0.786081	0.023832	-0.785987	0.618053	0.015299
16669		-0.026647	-0.009029	-0.999604	-0.617446	-0.786260	0.023561	-0.786162	0.617830	0.015376
16670		-0.026577	-0.008860	-0.999607	-0.617140	-0.786506	0.023379	-0.786404	0.617520	0.015436
16671		-0.026483	-0.008680	-0.999612	-0.616901	-0.786699	0.023175	-0.786595	0.617275	0.015479
16672		-0.026405	-0.008502	-0.999615	-0.616668	-0.786888	0.022982	-0.786780	0.617037	0.015535
16673		-0.026352	-0.008313	-0.999618	-0.616474	-0.787045	0.022796	-0.786934	0.616839	0.015615
16674		-0.026318	-0.008122	-0.999621	-0.616347	-0.787150	0.022623	-0.787035	0.616708	0.015710
16675		-0.026264	-0.007962	-0.999623	-0.616312	-0.787182	0.022463	-0.787064	0.616669	0.015767
16676		-0.026283	-0.007802	-0.999624	-0.616370	-0.787140	0.022350	-0.787018	0.616726	0.015880
16677		-0.026222	-0.007717	-0.999626	-0.616315	-0.787185	0.022244	-0.787063	0.616668	0.015885
16678		-0.026126	-0.007764	-0.999629	-0.616061	-0.787385	0.022217	-0.787265	0.616413	0.015788
16679		-0.026125	-0.007663	-0.999629	-0.616101	-0.787356	0.022137	-0.787234	0.616451	0.015848
16680		-0.026105	-0.007524	-0.999631	-0.616246	-0.787246	0.022019	-0.787121	0.616593	0.015915
16681		-0.026018	-0.007468	-0.999634	-0.616329	-0.787184	0.021923	-0.787059	0.616673	0.015878
16682		-0.025988	-0.007367	-0.999635	-0.616338	-0.787179	0.021825	-0.787053	0.616680	0.015917
16683		-0.025941	-0.007194	-0.999638	-0.616578	-0.786996	0.021664	-0.786867	0.616916	0.015980
16684		-0.025957	-0.007025	-0.999638	-0.616728	-0.786881	0.021544	-0.786748	0.617065	0.016092
16685		-0.025892	-0.006910	-0.999641	-0.616790	-0.786837	0.021415	-0.786702	0.617123	0.016111
16686		-0.025833	-0.006785	-0.999643	-0.616851	-0.786792	0.021281	-0.786656	0.617181	0.016140
16687		-0.025813	-0.006571	-0.999645	-0.617142	-0.786569	0.021106	-0.786428	0.617468	0.016249
16688		-0.025801	-0.006330	-0.999647	-0.617391	-0.786378	0.020914	-0.786233	0.617713	0.016382
16689		-0.025759	-0.006092	-0.999650	-0.617749	-0.786103	0.020709	-0.785953	0.618066	0.016486
16690		-0.025705	-0.005871	-0.999652	-0.618175	-0.785773	0.020510	-0.785620	0.618487	0.016569
16691		-0.025674	-0.005656	-0.999654	-0.618640	-0.785411	0.020332	-0.785255	0.618949	0.016666
16692		-0.025614	-0.005406	-0.999657	-0.619036	-0.785105	0.020107	-0.784945	0.619339	0.016763
16693		-0.025563	-0.005219	-0.999660	-0.619439	-0.784792	0.019937	-0.784629	0.619738	0.016828
16694		-0.025521	-0.005018	-0.999662	-0.619645	-0.784634	0.019758	-0.784468	0.619939	0.016916
16695		-0.025473	-0.004849	-0.999664	-0.619821	-0.784498	0.019599	-0.784330	0.620112	0.016978
16696		-0.025458	-0.004700	-0.999665	-0.619973	-0.784382	0.019476	-0.784210	0.620261	0.017055
16697		-0.025461	-0.004542	-0.999665	-0.620005	-0.784359	0.019355	-0.784185	0.620290	0.017155
16698		-0.025380	-0.004534	-0.999668	-0.619840	-0.784491	0.019295	-0.784318	0.620124	0.017100
16699		-0.025313	-0.004471	-0.999670	-0.619685	-0.784616	0.019201	-0.784443	0.619966	0.017090
16700		-0.025237	-0.004408	-0.999672	-0.619551	-0.784724	0.019101	-0.784551	0.619830	0.017073
16701		-0.025090	-0.004319	-0.999676	-0.619396	-0.784850	0.018937	-0.784678	0.619670	0.017017
16702		-0.024964	-0.004125	-0.999680	-0.619376	-0.784872	0.018705	-0.784698	0.619645	0.017039
16703		-0.024814	-0.003936	-0.999684	-0.619492	-0.784785	0.018467	-0.784610	0.619755	0.017036
16704		-0.024707	-0.003733	-0.999688	-0.619569	-0.784731	0.018243	-0.784554	0.619826	0.017076
16705		-0.024582	-0.003443	-0.999692	-0.619692	-0.784640	0.017941	-0.784460	0.619943	0.017154
16706		-0.024457	-0.003127	-0.999696	-0.619738	-0.784611	0.017616	-0.784427	0.619981	0.017251
16707		-0.024297	-0.002750	-0.999701	-0.619839	-0.784540	0.017223	-0.784353	0.620072	0.017357
16708		-0.024136	-0.002374	-0.999706	-0.619654	-0.784694	0.016823	-0.784504	0.619878	0.017468
16709		-0.024001	-0.001925	-0.999710	-0.619634	-0.784719	0.016388	-0.784523	0.619848	0.017641
16710		-0.023917	-0.001395	-0.999713	-0.619850	-0.784559	0.015924	-0.784356	0.620053	0.017900
16711		-0.023776	-0.000853	-0.999717	-0.619965	-0.784478	0.015414	-0.784269	0.620156	0.018123
16712		-0.023679	-0.000274	-0.999720	-0.620056	-0.784416	0.014901	-0.784200	0.620235	0.018404
16713		-0.023516	0.000308	-0.999723	-0.620190	-0.784320	0.014347	-0.784099	0.620356	0.018635
16714		-0.023390	0.000932	-0.999726	-0.620260	-0.784275	0.013780	-0.784048	0.620412	0.018922
16715		-0.023263	0.001629	-0.999728	-0.620475	-0.784116	0.013160	-0.783881	0.620613	0.019252
16716		-0.023149	0.002285	-0.999729	-0.620683	-0.783961	0.012581	-0.783720	0.620806	0.019566
16717		-0.022987	0.002915	-0.999732	-0.620970	-0.783743	0.011993	-0.783497	0.621079	0.019826
16718		-0.022896	0.003574	-0.999731	-0.621283	-0.783503	0.011428	-0.783252	0.621378	0.020160
16719		-0.022792	0.004185	-0.999731	-0.621399	-0.783418	0.010888	-0.783162	0.621481	0.020456
16720		-0.022723	0.004812	-0.999730	-0.621394	-0.783430	0.010353	-0.783169	0.621461	0.020792
16721		-0.022607	0.005418	-0.999730	-0.621263	-0.783541	0.009802	-0.783276	0.621317	0.021080
16722		-0.022505	0.005985	-0.999729	-0.620638	-0.784042	0.009277	-0.783774	0.620678	0.021360
16723		-0.022351	0.006542	-0.999729	-0.620146	-0.784438	0.008732	-0.784168	0.620173	0.021590
16724		-0.022217	0.007210	-0.999727	-0.619738	-0.784767	0.008112	-0.784494	0.619749	0.021904
16725		-0.022062	0.007868	-0.999726	-0.619231	-0.785173	0.007486	-0.784899	0.619226	0.022194
16726		-0.021897	0.008587	-0.999723	-0.618833	-0.785493	0.006807	-0.785217	0.618811	0.022514
16727		-0.021765	0.009370	-0.999719	-0.618398	-0.785841	0.006098	-0.785563	0.618357	0.022899
16728		-0.021647	0.010306	-0.999713	-0.617807	-0.786312	0.005271	-0.786032	0.617744	0.023388
16729		-0.021519	0.011487	-0.999702	-0.617362	-0.786667	0.004250	-0.786385	0.617270	0.024020
16730		-0.021366	0.012881	-0.999689	-0.617008	-0.786951	0.003047	-0.786667	0.616881	0.024762
16731		-0.021146	0.014481	-0.999672	-0.616952	-0.786999	0.001650	-0.786716	0.616784	0.025576
16732		-0.020819	0.016112	-0.999653	-0.616905	-0.787038	0.000163	-0.786762	0.616695	0.026325
16733		-0.020458	0.018052	-0.999628	-0.616924	-0.787021	-0.001587	-0.786757	0.616662	0.027238
16734		-0.020103	0.020272	-0.999592	-0.616920	-0.787018	-0.003554	-0.786769	0.616597	0.028328
16735		-0.019632	0.022873	-0.999546	-0.616743	-0.787143	-0.005899	-0.786920	0.616347	0.029560
16736		-0.019105	0.025830	-0.999484	-0.616466	-0.787335	-0.008563	-0.787150	0.615984	0.030966
16737		-0.018519	0.029265	-0.999400	-0.616282	-0.787439	-0.011639	-0.787308	0.615697	0.032619
16738		-0.017834	0.033170	-0.999291	-0.616172	-0.787466	-0.015143	-0.787409	0.615465	0.034482
16739		-0.017014	0.037571	-0.999149	-0.615879	-0.787609	-0.019129	-0.787657	0.615029	0.036540
16741		-0.015106	0.048148	-0.998726	-0.615077	-0.787945	-0.028683	-0.788322	0.613860	0.041517
16742		-0.013861	0.054501	-0.998418	-0.615022	-0.787756	-0.034463	-0.788388	0.613571	0.044438
16743		-0.012338	0.061478	-0.998032	-0.614838	-0.787592	-0.040915	-0.788557	0.613123	0.047516
16744		-0.010605	0.069454	-0.997529	-0.614719	-0.787267	-0.048279	-0.788675	0.612688	0.051044
16745		-0.008583	0.078641	-0.996866	-0.614545	-0.786836	-0.056781	-0.788835	0.612131	0.055081
16746		-0.005892	0.089266	-0.995990	-0.614216	-0.786302	-0.066839	-0.789116	0.611359	0.059461
16747		-0.002577	0.101607	-0.994821	-0.614096	-0.785306	-0.078617	-0.789227	0.610713	0.064420
16748		0.001569	0.115243	-0.993336	-0.614969	-0.783186	-0.091834	-0.788550	0.611015	0.069642
16749		0.006696	0.129580	-0.991546	-0.616173	-0.780425	-0.106151	-0.787582	0.611675	0.074618
16750		0.013227	0.144763	-0.989378	-0.617233	-0.777268	-0.121979	-0.786669	0.612290	0.079071
16751		0.020801	0.160722	-0.986781	-0.618490	-0.773400	-0.139005	-0.785517	0.613206	0.083318
16752		0.029977	0.177155	-0.983726	-0.620668	-0.768144	-0.157245	-0.783500	0.615282	0.086927
16753		0.040562	0.193570	-0.980248	-0.623268	-0.761890	-0.176241	-0.780956	0.618106	0.089742
16755		0.065016	0.226094	-0.971933	-0.629808	-0.746197	-0.215713	-0.774025	0.626157	0.093881
16756		0.076984	0.241201	-0.967417	-0.631842	-0.738780	-0.234476	-0.771264	0.629306	0.095527
16757		0.087540	0.255966	-0.962714	-0.632519	-0.732326	-0.252226	-0.769582	0.631015	0.097796
16758		0.096288	0.270404	-0.957920	-0.634743	-0.724630	-0.268353	-0.766701	0.633872	0.101864
16759		0.104556	0.283154	-0.953358	-0.632908	-0.720493	-0.283403	-0.767135	0.633019	0.103879
16761		0.122577	0.301124	-0.945674	-0.618972	-0.721640	-0.310016	-0.775789	0.623347	0.097931
16763		0.143067	0.311075	-0.939555	-0.609623	-0.720156	-0.331262	-0.779674	0.620168	0.086608
16764		0.151209	0.314114	-0.937266	-0.612884	-0.714134	-0.338210	-0.775570	0.625576	0.084531
16765		0.157013	0.315715	-0.935773	-0.618583	-0.707195	-0.342388	-0.769871	0.632613	0.084257
16766		0.161748	0.314546	-0.935360	-0.623426	-0.702174	-0.343936	-0.764969	0.638759	0.082521
16767		0.166146	0.310327	-0.935998	-0.626246	-0.699999	-0.343245	-0.761716	0.643194	0.078039
16768		0.169883	0.303013	-0.937722	-0.629085	-0.699099	-0.339873	-0.758546	0.647645	0.071856
16769		0.173336	0.292058	-0.940562	-0.636820	-0.695273	-0.333251	-0.751276	0.656733	0.065472
16770		0.175683	0.278617	-0.944197	-0.651491	-0.686138	-0.323688	-0.738034	0.672003	0.060974
16771		0.175882	0.264718	-0.948151	-0.672897	-0.670686	-0.312074	-0.718523	0.692896	0.060166
16772		0.172755	0.251907	-0.952207	-0.700887	-0.647793	-0.298533	-0.692035	0.718963	0.064649
16773		0.165748	0.241737	-0.956081	-0.730622	-0.621057	-0.283691	-0.662359	0.745555	0.073679
16775		0.143967	0.228628	-0.962810	-0.783550	-0.567921	-0.252021	-0.604419	0.790693	0.097380
16776		0.129839	0.222932	-0.966149	-0.805897	-0.543932	-0.233812	-0.577643	0.808974	0.109037
16777		0.113995	0.216725	-0.969554	-0.821449	-0.528332	-0.214680	-0.558773	0.820911	0.117802
16778		0.095442	0.213136	-0.972350	-0.834669	-0.515135	-0.194843	-0.542420	0.830186	0.128732
16779		0.075448	0.214208	-0.973870	-0.852291	-0.493105	-0.174490	-0.517598	0.843186	0.145364
16780		0.056870	0.221123	-0.973586	-0.865926	-0.474448	-0.158339	-0.496928	0.852059	0.164495
16781		0.039709	0.233759	-0.971483	-0.873493	-0.464002	-0.147353	-0.485215	0.854435	0.185762
16782		0.026802	0.245641	-0.968990	-0.869223	-0.473000	-0.143949	-0.493693	0.846127	0.200839
16783		0.016971	0.252520	-0.967443	-0.859223	-0.491132	-0.143267	-0.511320	0.833680	0.208636
16784		0.007223	0.258283	-0.966042	-0.848532	-0.509572	-0.142585	-0.529095	0.820747	0.215481
16785		-0.004505	0.266394	-0.963854	-0.839440	-0.524809	-0.141125	-0.543434	0.808461	0.225986
16786		-0.018604	0.278012	-0.960398	-0.834111	-0.533950	-0.138407	-0.551283	0.798503	0.241826
16787		-0.034661	0.292768	-0.955555	-0.833501	-0.536024	-0.133996	-0.551430	0.791812	0.262601
16788		-0.050869	0.307438	-0.950208	-0.835648	-0.534124	-0.128078	-0.546904	0.787524	0.284080
16789		-0.065918	0.319383	-0.945330	-0.840196	-0.528822	-0.120078	-0.538262	0.786347	0.303203
16790		-0.081008	0.329023	-0.940841	-0.845923	-0.521905	-0.109681	-0.527117	0.786994	0.320607
16791		-0.096492	0.336867	-0.936595	-0.849677	-0.517972	-0.098763	-0.518400	0.786273	0.336209
16792		-0.111887	0.343925	-0.932307	-0.849870	-0.519322	-0.089583	-0.514977	0.782317	0.350397
16793		-0.125989	0.350629	-0.928001	-0.846961	-0.525072	-0.083403	-0.516511	0.775473	0.363122
16794		-0.138484	0.357697	-0.923512	-0.841766	-0.533803	-0.080528	-0.521779	0.766229	0.375020
16795		-0.150246	0.366067	-0.918379	-0.836221	-0.542603	-0.079477	-0.527409	0.756027	0.387637
16796		-0.161387	0.376683	-0.912175	-0.832331	-0.548580	-0.079276	-0.530263	0.746438	0.402059
16797		-0.171225	0.390604	-0.904494	-0.830192	-0.551557	-0.081030	-0.530530	0.737030	0.418717
16798		-0.177378	0.408338	-0.895431	-0.824567	-0.558353	-0.091282	-0.537240	0.722151	0.435742
16799		-0.178629	0.433107	-0.883465	-0.813508	-0.570073	-0.114987	-0.553441	0.698165	0.454167
16800		-0.176226	0.468893	-0.865497	-0.810089	-0.568578	-0.143090	-0.559196	0.675913	0.480043
16801		-0.164983	0.499709	-0.850336	-0.801050	-0.570874	-0.180060	-0.575413	0.651455	0.494476
16802		-0.140276	0.512907	-0.846905	-0.749404	-0.614019	-0.247739	-0.647083	0.599922	0.470507
16803		-0.116344	0.523020	-0.844343	-0.724120	-0.626519	-0.288313	-0.679790	0.577862	0.451620
16804		-0.093755	0.528117	-0.843980	-0.715154	-0.625491	-0.311954	-0.692650	0.574329	0.436328
16806		-0.061862	0.534903	-0.842646	-0.760081	-0.572430	-0.307572	-0.646877	0.621452	0.441981
16807		-0.047432	0.541914	-0.839094	-0.776502	-0.548418	-0.310293	-0.628327	0.636841	0.446810
16808		-0.051767	0.562469	-0.825196	-0.805803	-0.511631	-0.298187	-0.589917	0.649509	0.479724
16809		-0.077302	0.592664	-0.801732	-0.845069	-0.465646	-0.262739	-0.529039	0.657209	0.536837
16810		-0.082892	0.606593	-0.790679	-0.828705	-0.482637	-0.283391	-0.553514	0.631749	0.542693
16811		-0.073890	0.608596	-0.790033	-0.778154	-0.530642	-0.335998	-0.623712	0.589940	0.512791
16812		-0.072191	0.606885	-0.791504	-0.742455	-0.562598	-0.363655	-0.665995	0.561403	0.491199
16813		-0.073661	0.595493	-0.799977	-0.711944	-0.593121	-0.375956	-0.698362	0.541845	0.467647
16814		-0.074500	0.574825	-0.814878	-0.694438	-0.616356	-0.371297	-0.715686	0.538220	0.445099
16815		-0.074961	0.547820	-0.833231	-0.701588	-0.622762	-0.346326	-0.708629	0.558624	0.431027
16816		-0.078866	0.519651	-0.850731	-0.726849	-0.614022	-0.307681	-0.682254	0.594088	0.426133
16817		-0.087173	0.493817	-0.865186	-0.755644	-0.598718	-0.265591	-0.649155	0.630620	0.425342
16818		-0.102936	0.477122	-0.872788	-0.784805	-0.578060	-0.223446	-0.611134	0.661968	0.433951
16819		-0.122923	0.467630	-0.875335	-0.807395	-0.559997	-0.185785	-0.577064	0.683904	0.446399
16820		-0.142980	0.457137	-0.877828	-0.817516	-0.554488	-0.155598	-0.557875	0.695391	0.452997
16821		-0.162118	0.444035	-0.881221	-0.814914	-0.563834	-0.134188	-0.556447	0.696365	0.453258
16822		-0.175908	0.433140	-0.883994	-0.805185	-0.579930	-0.123929	-0.566333	0.689979	0.450772
16823		-0.175952	0.423540	-0.888625	-0.788402	-0.601174	-0.130427	-0.589459	0.677645	0.439698
16824		-0.162469	0.411699	-0.896721	-0.767943	-0.623404	-0.147077	-0.619570	0.664735	0.417445
16825		-0.139385	0.400416	-0.905671	-0.749324	-0.640569	-0.167886	-0.647369	0.655240	0.389326
16826		-0.115559	0.395822	-0.911027	-0.744242	-0.641922	-0.184499	-0.657837	0.656704	0.368768
16827		-0.092896	0.395468	-0.913770	-0.743004	-0.638460	-0.200782	-0.662809	0.660283	0.353145
16828		-0.070470	0.396260	-0.915430	-0.733974	-0.642068	-0.221429	-0.675512	0.656298	0.336091
16829		-0.047788	0.395238	-0.917335	-0.716420	-0.653517	-0.244249	-0.696030	0.645525	0.314387
16830		-0.022360	0.390401	-0.920373	-0.693830	-0.668868	-0.266862	-0.719791	0.632616	0.285828
16831		0.005453	0.382263	-0.924037	-0.677192	-0.678503	-0.284685	-0.735787	0.627303	0.255166
16832		0.035417	0.370101	-0.928316	-0.672761	-0.678068	-0.296000	-0.739011	0.635019	0.224975
16833		0.065290	0.354953	-0.932602	-0.679343	-0.668755	-0.302091	-0.730910	0.653280	0.197472
16834		0.091670	0.338026	-0.936662	-0.697710	-0.649326	-0.302616	-0.710491	0.681259	0.176321
16835		0.111420	0.320575	-0.940647	-0.728855	-0.617073	-0.296633	-0.675541	0.718646	0.164898
16836		0.125293	0.303542	-0.944544	-0.764543	-0.577199	-0.286907	-0.632278	0.758092	0.159752
16837		0.136583	0.285977	-0.948453	-0.798804	-0.534450	-0.276180	-0.585881	0.795349	0.155443
16838		0.147345	0.268097	-0.952058	-0.825060	-0.497553	-0.267800	-0.545496	0.824963	0.147884
16839		0.157896	0.249139	-0.955510	-0.842684	-0.470413	-0.261907	-0.514735	0.846547	0.135670
16840		0.167332	0.230571	-0.958560	-0.855373	-0.449510	-0.257444	-0.490241	0.863005	0.122007
16841		0.174259	0.216874	-0.960520	-0.865060	-0.432292	-0.254547	-0.470430	0.875265	0.112279
16842		0.179415	0.215030	-0.959986	-0.868704	-0.423336	-0.257179	-0.461697	0.880085	0.110844
16843		0.193390	0.220046	-0.956128	-0.862353	-0.426649	-0.272613	-0.467918	0.877240	0.107248
16844		0.209655	0.238804	-0.948165	-0.849430	-0.435792	-0.297581	-0.484266	0.867789	0.111481
16845		0.213519	0.263078	-0.940851	-0.848454	-0.427472	-0.312079	-0.484288	0.864903	0.131936
16846		0.213134	0.282650	-0.935245	-0.857935	-0.403854	-0.317569	-0.467463	0.870064	0.156420
16847		0.215610	0.287687	-0.933139	-0.832651	-0.445037	-0.329596	-0.510102	0.848044	0.143589
16848		0.234040	0.264334	-0.935603	-0.773826	-0.531936	-0.343858	-0.588574	0.804470	0.080054
16849		0.246356	0.244941	-0.937717	-0.726131	-0.594169	-0.345972	-0.641905	0.766138	0.031482
16850		0.266386	0.211360	-0.940407	-0.682653	-0.647413	-0.338882	-0.680458	0.732245	-0.028176
16851		0.278026	0.190989	-0.941395	-0.659146	-0.674956	-0.331603	-0.698733	0.712711	-0.061766
16852		0.268548	0.209579	-0.940191	-0.684996	-0.644680	-0.339363	-0.677246	0.735162	-0.029566
16853		0.261160	0.236039	-0.935992	-0.711937	-0.607712	-0.351897	-0.651875	0.758269	0.009335
16854		0.255613	0.253190	-0.933036	-0.732630	-0.578978	-0.357823	-0.630805	0.775035	0.037500
16855		0.248806	0.257855	-0.933599	-0.757464	-0.548913	-0.353472	-0.603609	0.795114	0.058743
16856		0.240571	0.252677	-0.937166	-0.782007	-0.521487	-0.341344	-0.574970	0.814988	0.072141
16857		0.232938	0.242166	-0.941857	-0.798554	-0.505115	-0.327369	-0.555024	0.828380	0.075723
16858		0.224482	0.233325	-0.946133	-0.812862	-0.490657	-0.313863	-0.537459	0.839532	0.079517
16859		0.214029	0.228765	-0.949662	-0.827173	-0.474681	-0.300769	-0.519592	0.849909	0.087632
16860		0.200644	0.225776	-0.953293	-0.841091	-0.459227	-0.285791	-0.502303	0.859148	0.097757
16861		0.183993	0.225119	-0.956801	-0.852062	-0.448768	-0.269439	-0.490038	0.864829	0.109245
16863		0.144886	0.238408	-0.960297	-0.872410	-0.427104	-0.237661	-0.466807	0.872206	0.146108
16864		0.125513	0.254725	-0.958833	-0.883864	-0.410244	-0.224685	-0.450589	0.875680	0.173651
16865		0.106705	0.273363	-0.955974	-0.888692	-0.404973	-0.214998	-0.445916	0.872508	0.199723
16866		0.086656	0.291244	-0.952716	-0.884817	-0.416962	-0.207945	-0.457809	0.860999	0.221565
16867		0.063513	0.305023	-0.950225	-0.875456	-0.440074	-0.199780	-0.479106	0.844569	0.239084
16868		0.038096	0.313042	-0.948975	-0.859921	-0.473464	-0.190704	-0.509004	0.823308	0.251154
16869		0.010386	0.318831	-0.947755	-0.841124	-0.509760	-0.180705	-0.540742	0.799056	0.262882
16870		-0.015624	0.321987	-0.946615	-0.821655	-0.543620	-0.171349	-0.569772	0.775114	0.273056
16871		-0.038731	0.322989	-0.945610	-0.805648	-0.569909	-0.161664	-0.591128	0.755567	0.282289
16872		-0.059348	0.323850	-0.944245	-0.801690	-0.579072	-0.148218	-0.594786	0.748196	0.293994
16873		-0.080533	0.326025	-0.941925	-0.810117	-0.571965	-0.128708	-0.580710	0.752704	0.310181
16874		-0.103267	0.329255	-0.938577	-0.825694	-0.554510	-0.103676	-0.554586	0.764271	0.329126
16875		-0.126754	0.332850	-0.934422	-0.843575	-0.531750	-0.074984	-0.521837	0.778751	0.348185
16876		-0.148986	0.336555	-0.929803	-0.859159	-0.509566	-0.046779	-0.489540	0.791879	0.365073
16877		-0.169410	0.341414	-0.924520	-0.869754	-0.492964	-0.022671	-0.463495	0.800264	0.380459
16878		-0.187114	0.349013	-0.918247	-0.873995	-0.485890	-0.006583	-0.448464	0.801312	0.395953
16879		-0.201450	0.360690	-0.910670	-0.871910	-0.489665	-0.001066	-0.446308	0.793808	0.413133
16880		-0.212435	0.377475	-0.901323	-0.865792	-0.500374	-0.005497	-0.453074	0.779191	0.433112
16881		-0.220781	0.399470	-0.889764	-0.855623	-0.517217	-0.019901	-0.468151	0.756908	0.455988
16882		-0.225612	0.426686	-0.875807	-0.840524	-0.539779	-0.046453	-0.492563	0.725657	0.480420
16883		-0.228813	0.461165	-0.857305	-0.825996	-0.558012	-0.079711	-0.515146	0.689891	0.508601
16884		-0.230230	0.497451	-0.836383	-0.815146	-0.568035	-0.113464	-0.531537	0.655651	0.536274
16885		-0.217654	0.516761	-0.828000	-0.772967	-0.609243	-0.177046	-0.595944	0.601482	0.532043
16886		-0.189489	0.524309	-0.830177	-0.698672	-0.666062	-0.261188	-0.689892	0.530529	0.492532
16887		-0.162817	0.531956	-0.830971	-0.660110	-0.684684	-0.308969	-0.733311	0.498227	0.462628
16888		-0.140306	0.542029	-0.828564	-0.660393	-0.674734	-0.329568	-0.737696	0.500938	0.452622
16889		-0.126283	0.549680	-0.825775	-0.688353	-0.647966	-0.326053	-0.714299	0.527249	0.460201
16890		-0.113286	0.557122	-0.822667	-0.709893	-0.624690	-0.325293	-0.695139	0.547154	0.466266
16891		-0.116979	0.577545	-0.807934	-0.745785	-0.588308	-0.312567	-0.655836	0.565982	0.499544
16892		-0.147423	0.611921	-0.777058	-0.810608	-0.524915	-0.259574	-0.566728	0.591623	0.573413
16893		-0.165521	0.636116	-0.753631	-0.819356	-0.513998	-0.253893	-0.548870	0.575467	0.606283
16894		-0.160171	0.643083	-0.748859	-0.782909	-0.544806	-0.300399	-0.601164	0.538174	0.590737
16895		-0.164029	0.646128	-0.745394	-0.756071	-0.567688	-0.325709	-0.633601	0.510145	0.581636
16896		-0.170394	0.639833	-0.749386	-0.730571	-0.592369	-0.339654	-0.661235	0.489605	0.568379
16897		-0.173227	0.623339	-0.762522	-0.699183	-0.623111	-0.350536	-0.693639	0.472420	0.543768
16898		-0.174826	0.600014	-0.780653	-0.687260	-0.642125	-0.339631	-0.705060	0.477135	0.524626
16899		-0.177397	0.572228	-0.800678	-0.693533	-0.649922	-0.310827	-0.698242	0.500157	0.512153
16900		-0.179569	0.542074	-0.820921	-0.705205	-0.652751	-0.276771	-0.685887	0.529218	0.499487
16901		-0.188701	0.519006	-0.833681	-0.729343	-0.642547	-0.234931	-0.657610	0.563708	0.499783
16902		-0.204993	0.504271	-0.838862	-0.759628	-0.622430	-0.188535	-0.617205	0.598575	0.510652
16903		-0.222291	0.491605	-0.841968	-0.782526	-0.605089	-0.146700	-0.581584	0.626252	0.519200
16904		-0.237896	0.476106	-0.846598	-0.793551	-0.597874	-0.113241	-0.560074	0.644879	0.520046
16905		-0.249650	0.456840	-0.853799	-0.799620	-0.594557	-0.084320	-0.546153	0.661664	0.513730
16906		-0.252961	0.440819	-0.861214	-0.804114	-0.590777	-0.066205	-0.537970	0.675767	0.503913
16907		-0.246940	0.427515	-0.869627	-0.808423	-0.585700	-0.058373	-0.534296	0.688612	0.490246
16908		-0.228338	0.408872	-0.883564	-0.798867	-0.597420	-0.070008	-0.556483	0.689865	0.463048
16909		-0.202666	0.392350	-0.897211	-0.794077	-0.602001	-0.083885	-0.573034	0.695454	0.433561
16910		-0.178051	0.382521	-0.906629	-0.802157	-0.590072	-0.091427	-0.569949	0.710980	0.411905
16911		-0.159130	0.379526	-0.911393	-0.806617	-0.582271	-0.101636	-0.569251	0.718972	0.398789
16912		-0.142659	0.378079	-0.914716	-0.802069	-0.585662	-0.116980	-0.579942	0.716977	0.386795
16913		-0.125492	0.374941	-0.918516	-0.790753	-0.596921	-0.135629	-0.599134	0.709299	0.371394
16914		-0.106698	0.368929	-0.923313	-0.775539	-0.611997	-0.154915	-0.622218	0.699536	0.351418
16915		-0.085989	0.360246	-0.928886	-0.760662	-0.625862	-0.172310	-0.643428	0.691751	0.327842
16916		-0.063520	0.350102	-0.934555	-0.751399	-0.633065	-0.186087	-0.656783	0.690404	0.303279
16917		-0.038572	0.338294	-0.940250	-0.750768	-0.630772	-0.196147	-0.659438	0.698344	0.278311
16918		-0.012605	0.325655	-0.945405	-0.761518	-0.615866	-0.201989	-0.648021	0.717396	0.255755
16919		0.010544	0.312385	-0.949897	-0.777750	-0.594500	-0.204142	-0.628485	0.740935	0.236689
16920		0.029809	0.297700	-0.954194	-0.792220	-0.575069	-0.204165	-0.609507	0.762017	0.218702
16921		0.043420	0.282747	-0.958211	-0.804260	-0.559101	-0.201422	-0.592689	0.779397	0.203126
16922		0.051397	0.269742	-0.961560	-0.818255	-0.540628	-0.195397	-0.572553	0.796844	0.192931
16923		0.054992	0.260363	-0.963943	-0.827579	-0.528254	-0.189895	-0.558649	0.808182	0.186421
16924		0.057550	0.251040	-0.966264	-0.829383	-0.526723	-0.186243	-0.555708	0.812122	0.177896
16925		0.058891	0.241242	-0.968677	-0.827601	-0.530816	-0.182510	-0.558218	0.812426	0.168392
16926		0.061748	0.229850	-0.971265	-0.815618	-0.549275	-0.181838	-0.575287	0.803409	0.153553
16927		0.078553	0.210596	-0.974412	-0.787500	-0.586237	-0.190186	-0.611289	0.782289	0.119794
16928		0.095101	0.203019	-0.974546	-0.754656	-0.623738	-0.203582	-0.649192	0.754807	0.093891
16929		0.109748	0.205536	-0.972476	-0.726948	-0.650648	-0.219556	-0.677866	0.731035	0.078007
16930		0.099349	0.221621	-0.970059	-0.743813	-0.631024	-0.220343	-0.660963	0.743433	0.102153
16931		0.088278	0.229003	-0.969415	-0.781931	-0.586976	-0.209865	-0.617082	0.776542	0.127248
16932		0.086732	0.223158	-0.970916	-0.769768	-0.603653	-0.207509	-0.632404	0.765378	0.119424
16933		0.095605	0.219903	-0.970826	-0.717310	-0.660990	-0.220360	-0.690164	0.717450	0.094545
16934		0.105705	0.229891	-0.967459	-0.680936	-0.692281	-0.238901	-0.724674	0.684031	0.083363
16935		0.118182	0.241278	-0.963233	-0.652929	-0.711961	-0.258447	-0.748142	0.659467	0.073396
16936		0.120848	0.259114	-0.958257	-0.644044	-0.714112	-0.274319	-0.755383	0.650310	0.080582
16937		0.121568	0.272387	-0.954477	-0.630634	-0.721385	-0.286189	-0.766500	0.636717	0.084079
16938		0.123269	0.277530	-0.952776	-0.628794	-0.720926	-0.291348	-0.767738	0.635014	0.085641
16939		0.122142	0.278556	-0.952621	-0.650949	-0.702060	-0.288752	-0.749231	0.655377	0.095575
16940		0.119002	0.276322	-0.953669	-0.676157	-0.680805	-0.281633	-0.727084	0.678345	0.105820
16941		0.115540	0.272012	-0.955333	-0.699810	-0.660256	-0.272631	-0.704923	0.700051	0.114071
16942		0.113783	0.266566	-0.957077	-0.720911	-0.640709	-0.264158	-0.683623	0.720024	0.119269
16943		0.113417	0.261041	-0.958642	-0.740237	-0.621379	-0.256781	-0.662710	0.738746	0.122757
16944		0.113223	0.257259	-0.959687	-0.753274	-0.607617	-0.251752	-0.647887	0.751411	0.124991
16945		0.111824	0.257232	-0.959858	-0.760124	-0.600027	-0.249356	-0.640083	0.757495	0.128430
16946		0.110112	0.259756	-0.959376	-0.759393	-0.600760	-0.249818	-0.641247	0.756051	0.131106
16947		0.109494	0.262953	-0.958575	-0.750541	-0.610402	-0.253174	-0.651689	0.747172	0.130521
16948		0.110395	0.266802	-0.957408	-0.736149	-0.625252	-0.259122	-0.667755	0.733401	0.127382
16949		0.114200	0.271319	-0.955691	-0.717280	-0.643069	-0.268277	-0.687363	0.716135	0.121173
16950		0.121625	0.276086	-0.953406	-0.697940	-0.659184	-0.279921	-0.705753	0.699466	0.112518
16951		0.130789	0.282218	-0.950393	-0.682727	-0.669463	-0.292750	-0.718873	0.687148	0.105120
16952		0.140305	0.290187	-0.946629	-0.672708	-0.673581	-0.306190	-0.726483	0.679765	0.100704
16953		0.148329	0.300022	-0.942330	-0.668912	-0.671389	-0.319050	-0.728392	0.677660	0.101102
16954		0.155060	0.311601	-0.937476	-0.669320	-0.664827	-0.331685	-0.726613	0.678903	0.105473
16955		0.162053	0.322795	-0.932492	-0.671475	-0.656390	-0.343910	-0.723091	0.681877	0.110379
16956		0.169921	0.332845	-0.927546	-0.672537	-0.648800	-0.356023	-0.720292	0.684305	0.113606
16957		0.178046	0.342580	-0.922463	-0.672137	-0.642342	-0.368279	-0.718702	0.685592	0.115894
16958		0.185726	0.351626	-0.917532	-0.670083	-0.637642	-0.380002	-0.718675	0.685399	0.117192
16959		0.192836	0.358629	-0.913345	-0.668695	-0.633169	-0.389799	-0.718095	0.685917	0.117716
16960		0.199395	0.363833	-0.909872	-0.664148	-0.632549	-0.398484	-0.720520	0.683745	0.115512
16961		0.208572	0.363249	-0.908046	-0.651098	-0.641234	-0.406068	-0.729774	0.675921	0.102768
16962		0.217523	0.358355	-0.907891	-0.637525	-0.652171	-0.410165	-0.739084	0.668023	0.086598
16963		0.223665	0.351838	-0.908947	-0.628019	-0.661149	-0.410456	-0.745363	0.662640	0.073085
16964		0.226481	0.344248	-0.911153	-0.623319	-0.667600	-0.407165	-0.748452	0.660154	0.063378
16965		0.226319	0.335385	-0.914493	-0.622054	-0.672700	-0.400654	-0.749553	0.659539	0.056383
16966		0.223267	0.325732	-0.918722	-0.624443	-0.675927	-0.391401	-0.748480	0.661076	0.052488
16967		0.216452	0.317365	-0.923271	-0.630722	-0.676394	-0.380370	-0.745211	0.664658	0.053762
16968		0.206727	0.312839	-0.927036	-0.640493	-0.672989	-0.369937	-0.739616	0.670236	0.061246
16969		0.196033	0.311188	-0.929910	-0.651098	-0.667792	-0.360729	-0.733241	0.676178	0.071704
16970		0.185482	0.308441	-0.932985	-0.660395	-0.663948	-0.350787	-0.727650	0.681203	0.080543
16971		0.174475	0.303061	-0.936863	-0.667272	-0.663282	-0.338830	-0.724090	0.684260	0.086499
16972		0.162599	0.295283	-0.941472	-0.671652	-0.665856	-0.324838	-0.722803	0.685160	0.090060
16973		0.149092	0.287161	-0.946208	-0.674694	-0.670005	-0.309647	-0.722883	0.684567	0.093853
16974		0.135884	0.280882	-0.950074	-0.673324	-0.677276	-0.296534	-0.726754	0.680002	0.097093
16975		0.126071	0.274289	-0.953348	-0.665510	-0.689286	-0.286323	-0.735665	0.670559	0.095643
16976		0.115715	0.264070	-0.957537	-0.660102	-0.699894	-0.272788	-0.742210	0.663637	0.093325
16977		0.095821	0.251178	-0.963186	-0.664789	-0.704051	-0.249737	-0.740860	0.664246	0.099518
16978		0.064927	0.235764	-0.969639	-0.673360	-0.706771	-0.216936	-0.736458	0.667001	0.112866
16979		0.034115	0.210479	-0.977003	-0.670550	-0.720060	-0.178539	-0.741080	0.661220	0.116572
16980		0.007284	0.173256	-0.984850	-0.664758	-0.734906	-0.134202	-0.747023	0.655664	0.109820
16981		-0.022529	0.132136	-0.990976	-0.671182	-0.736636	-0.082964	-0.740950	0.663256	0.105283
16982		-0.052834	0.091260	-0.994425	-0.692122	-0.721181	-0.029411	-0.719844	0.686709	0.101266
16983		-0.078324	0.049811	-0.995683	-0.713240	-0.700604	0.021057	-0.696530	0.711810	0.090401
16984		-0.101546	0.011567	-0.994764	-0.724081	-0.686556	0.065932	-0.682198	0.726985	0.078093
16985		-0.123630	-0.023804	-0.992043	-0.725757	-0.679618	0.106752	-0.676751	0.733180	0.066745
16986		-0.144750	-0.054938	-0.987942	-0.719075	-0.680024	0.143172	-0.679690	0.731128	0.058929
16987		-0.166067	-0.080332	-0.982837	-0.710028	-0.681900	0.175706	-0.684312	0.727020	0.056204
16988		-0.186394	-0.099371	-0.977437	-0.702518	-0.682008	0.203304	-0.686822	0.724562	0.057313
16989		-0.204224	-0.112108	-0.972484	-0.697847	-0.680008	0.224941	-0.686514	0.724583	0.060640
16990		-0.216812	-0.118379	-0.969009	-0.689968	-0.683631	0.237893	-0.690606	0.720163	0.066541
16991		-0.222903	-0.118970	-0.967554	-0.679116	-0.693104	0.241677	-0.699368	0.710952	0.073700
16992		-0.222659	-0.114396	-0.968162	-0.666931	-0.706472	0.236856	-0.711074	0.698435	0.081008
16993		-0.218080	-0.104544	-0.970315	-0.652048	-0.724155	0.224571	-0.726137	0.681667	0.089756
16994		-0.209009	-0.084192	-0.974283	-0.633475	-0.747341	0.200478	-0.745000	0.659085	0.102867
16995		-0.188594	-0.056376	-0.980436	-0.634677	-0.754850	0.165490	-0.749412	0.653470	0.106580
16996		-0.158988	-0.025733	-0.986945	-0.642530	-0.756288	0.123225	-0.749585	0.653733	0.103707
16997		-0.127998	0.012410	-0.991697	-0.638540	-0.766135	0.072829	-0.758870	0.642560	0.105988
16998		-0.112041	0.049287	-0.992481	-0.633620	-0.772934	0.033145	-0.765488	0.632569	0.117829
16999		-0.099201	0.055158	-0.993538	-0.630147	-0.776223	0.019825	-0.770113	0.628041	0.111760
17000		-0.084964	0.049565	-0.995150	-0.646994	-0.762299	0.017272	-0.757746	0.645324	0.096836
17001		-0.070951	0.049659	-0.996243	-0.668238	-0.743873	0.010512	-0.740556	0.666474	0.085962
17002		-0.075135	0.073583	-0.994455	-0.691723	-0.722162	-0.001173	-0.718244	0.687799	0.105159
17003		-0.083171	0.102763	-0.991223	-0.713034	-0.701011	-0.012847	-0.696179	0.705707	0.131577
17004		-0.091999	0.133714	-0.986740	-0.717673	-0.695842	-0.027382	-0.690277	0.705637	0.159980
17006		-0.086640	0.177060	-0.980379	-0.683944	-0.726101	-0.070694	-0.724371	0.664400	0.184008
17007		-0.075117	0.186064	-0.979662	-0.665804	-0.740723	-0.089631	-0.742335	0.645530	0.179523
17009		-0.050390	0.185727	-0.981308	-0.649985	-0.752094	-0.108968	-0.758274	0.632345	0.158618
17010		-0.038411	0.182346	-0.982484	-0.644571	-0.755834	-0.115081	-0.763579	0.628860	0.146568
17011		-0.026498	0.181504	-0.983033	-0.638538	-0.759688	-0.123054	-0.769134	0.624444	0.136027
17012		-0.016693	0.184780	-0.982638	-0.633428	-0.762356	-0.132597	-0.773622	0.620217	0.129770
17014		-0.005125	0.198782	-0.980030	-0.635140	-0.757623	-0.150349	-0.772380	0.621686	0.130138
17015		-0.003009	0.206831	-0.978372	-0.635769	-0.755582	-0.157778	-0.771873	0.621544	0.133771
17016		-0.002018	0.213207	-0.977005	-0.633984	-0.755837	-0.163632	-0.773344	0.619075	0.136695
17017		0.001001	0.216864	-0.976201	-0.623602	-0.763002	-0.170141	-0.781741	0.608932	0.134473
17018		0.004691	0.219576	-0.975584	-0.609170	-0.773053	-0.176921	-0.793026	0.595127	0.130133
17019		0.006681	0.223248	-0.974739	-0.597899	-0.780439	-0.182845	-0.801544	0.584017	0.128265
17020		0.008059	0.226994	-0.973863	-0.588902	-0.786014	-0.188083	-0.808164	0.575026	0.127343
17021		0.010837	0.229198	-0.973319	-0.582062	-0.790026	-0.192517	-0.813072	0.568619	0.124846
17022		0.014147	0.228075	-0.973541	-0.578882	-0.792007	-0.193959	-0.815289	0.566309	0.120824
17023		0.018024	0.223023	-0.974647	-0.576621	-0.794044	-0.192360	-0.816813	0.565469	0.114288
17024		0.020678	0.214153	-0.976581	-0.575944	-0.795879	-0.186722	-0.817228	0.566317	0.106883
17025		0.019424	0.201303	-0.979336	-0.579754	-0.795762	-0.175068	-0.814560	0.571174	0.101250
17026		0.013690	0.184201	-0.982793	-0.586378	-0.794656	-0.157107	-0.809922	0.578439	0.097133
17027		0.003704	0.162602	-0.986685	-0.591935	-0.794900	-0.133219	-0.805977	0.584546	0.093306
17028		-0.009701	0.137066	-0.990514	-0.596445	-0.795850	-0.104287	-0.802595	0.589776	0.089473
17029		-0.027292	0.106370	-0.993952	-0.604149	-0.793932	-0.068376	-0.796404	0.598629	0.085932
17030		-0.048585	0.070745	-0.996310	-0.613733	-0.789082	-0.026102	-0.788018	0.610200	0.081756
17031		-0.072166	0.030250	-0.996934	-0.621879	-0.782824	0.021263	-0.779781	0.621507	0.075305
17032		-0.097778	-0.013375	-0.995118	-0.623452	-0.778565	0.071723	-0.775724	0.627421	0.067787
17033		-0.126957	-0.053473	-0.990466	-0.622694	-0.772967	0.121547	-0.772097	0.632188	0.064837
17034		-0.153425	-0.085577	-0.984448	-0.630473	-0.758643	0.164206	-0.760897	0.645861	0.062441
17035		-0.178208	-0.101590	-0.978735	-0.657389	-0.727819	0.195243	-0.732176	0.678203	0.062919
17036		-0.188184	-0.093537	-0.977670	-0.669942	-0.715682	0.197424	-0.718167	0.692134	0.072015
17037		-0.179185	-0.069944	-0.981326	-0.681145	-0.710915	0.175044	-0.709883	0.699791	0.079743
17038		-0.152211	-0.038396	-0.987602	-0.673151	-0.727623	0.132036	-0.723671	0.684902	0.084906
17039		-0.119562	0.004776	-0.992815	-0.664446	-0.743416	0.076441	-0.737710	0.668812	0.092058
17040		-0.082779	0.055668	-0.995012	-0.666530	-0.745351	0.013751	-0.740868	0.664344	0.098803
17041		-0.042501	0.106372	-0.993418	-0.668744	-0.741754	-0.050815	-0.742277	0.662183	0.102661
17042		0.000424	0.154066	-0.988060	-0.675313	-0.728682	-0.113911	-0.737532	0.667298	0.103734
17043		0.045575	0.198646	-0.979011	-0.686184	-0.706015	-0.175197	-0.725999	0.679766	0.104131
17044		0.090305	0.241224	-0.966259	-0.695173	-0.679482	-0.234601	-0.713147	0.692903	0.106332
17045		0.133220	0.281845	-0.950166	-0.702154	-0.649762	-0.291184	-0.699451	0.705955	0.111337
17046		0.174731	0.318105	-0.931814	-0.706234	-0.618939	-0.343726	-0.686077	0.718139	0.116509
17047		0.213550	0.348874	-0.912515	-0.703158	-0.593556	-0.391484	-0.678207	0.725244	0.118560
17048		0.246298	0.376312	-0.893155	-0.698154	-0.570311	-0.432813	-0.672249	0.730161	0.122257
17049		0.270174	0.401896	-0.874921	-0.693700	-0.548904	-0.466353	-0.667672	0.732929	0.130495
17050		0.285998	0.424149	-0.859246	-0.691515	-0.529383	-0.491488	-0.663334	0.734746	0.141903
17051		0.294703	0.442807	-0.846801	-0.691202	-0.513118	-0.508870	-0.659840	0.735277	0.154851
17052		0.300532	0.455040	-0.838224	-0.693285	-0.499334	-0.519636	-0.655009	0.737295	0.165407
17053		0.305111	0.459071	-0.834363	-0.696128	-0.490360	-0.524360	-0.649856	0.740812	0.169958
17054		0.309029	0.454792	-0.835264	-0.696096	-0.490269	-0.524486	-0.648036	0.743505	0.165072
17055		0.310998	0.444958	-0.839817	-0.693649	-0.497802	-0.520619	-0.649716	0.744450	0.153829
17056		0.313977	0.430245	-0.846350	-0.687889	-0.511326	-0.515126	-0.654391	0.743932	0.135416
17057		0.324936	0.411361	-0.851586	-0.658306	-0.548111	-0.515953	-0.679007	0.728256	0.092700
17058		0.339481	0.400755	-0.850969	-0.627904	-0.577053	-0.522251	-0.700349	0.711621	0.055737
17059		0.347865	0.382983	-0.855753	-0.610408	-0.600282	-0.516782	-0.711612	0.702129	0.024958
17060		0.342717	0.390941	-0.854231	-0.554764	-0.649600	-0.519862	-0.758144	0.652062	-0.005748
17061		0.356252	0.409532	-0.839862	-0.467946	-0.699800	-0.539728	-0.808771	0.585290	-0.057666
17062		0.373925	0.425569	-0.824058	-0.417231	-0.716340	-0.559263	-0.828311	0.552945	-0.090297
17063		0.389101	0.445429	-0.806345	-0.369990	-0.726054	-0.579614	-0.843628	0.523868	-0.117704
17064		0.402715	0.458242	-0.792360	-0.362171	-0.715241	-0.597714	-0.840626	0.527679	-0.122077
17065		0.411426	0.472310	-0.779520	-0.375575	-0.691420	-0.617157	-0.830465	0.546682	-0.107081
