// Start Time: Unknown
// Update Rate: 100.0Hz
// Filter Profile: human (46.1)
// Option Flags: AHS Disabled ICC Disabled 
// Firmware Version: 4.0.2
PacketCounter	SampleTimeFine	Mat[1][1]	Mat[2][1]	Mat[3][1]	Mat[1][2]	Mat[2][2]	Mat[3][2]	Mat[1][3]	Mat[2][3]	Mat[3][3]
16631		0.170626	0.242322	-0.955074	0.972736	0.113091	0.202474	0.157075	-0.963582	-0.216419
16632		0.170222	0.242746	-0.955039	0.972496	0.114986	0.202560	0.158987	-0.963251	-0.216497
16633		0.169967	0.243110	-0.954991	0.972275	0.116563	0.202717	0.160600	-0.962970	-0.216558
16634		0.169761	0.243531	-0.954921	0.972036	0.118162	0.202938	0.162257	-0.962668	-0.216662
16635		0.169576	0.243802	-0.954885	0.971838	0.119504	0.203098	0.163628	-0.962434	-0.216671
16636		0.169475	0.244034	-0.954843	0.971647	0.120703	0.203306	0.164866	-0.962226	-0.216659
16637		0.169293	0.244135	-0.954850	0.971504	0.121736	0.203371	0.165890	-0.962070	-0.216569
16639		0.168795	0.244369	-0.954878	0.971216	0.123955	0.203405	0.168068	-0.961727	-0.216412
16640		0.168562	0.244439	-0.954901	0.971113	0.124811	0.203373	0.168895	-0.961599	-0.216339
16641		0.168179	0.244646	-0.954916	0.970957	0.126117	0.203315	0.170171	-0.961376	-0.216330
16642		0.167890	0.244710	-0.954950	0.970879	0.126888	0.203206	0.170898	-0.961258	-0.216280
16643		0.167560	0.244706	-0.955009	0.970818	0.127627	0.203037	0.171570	-0.961161	-0.216180
16645		0.166699	0.244624	-0.955181	0.970855	0.128456	0.202333	0.172195	-0.961071	-0.216081
16646		0.166089	0.244670	-0.955275	0.970891	0.128967	0.201836	0.172582	-0.960991	-0.216128
16647		0.165529	0.244680	-0.955370	0.970966	0.129206	0.201322	0.172699	-0.960956	-0.216189
16648		0.164912	0.244766	-0.955455	0.970987	0.129793	0.200842	0.173171	-0.960856	-0.216260
16649		0.164377	0.244784	-0.955542	0.970983	0.130434	0.200446	0.173701	-0.960764	-0.216241
16650		0.163850	0.244857	-0.955614	0.970918	0.131388	0.200139	0.174562	-0.960615	-0.216208
16651		0.163369	0.244905	-0.955684	0.970842	0.132345	0.199875	0.175430	-0.960472	-0.216143
16652		0.162848	0.245033	-0.955740	0.970737	0.133489	0.199627	0.176496	-0.960281	-0.216124
16653		0.162322	0.245039	-0.955828	0.970668	0.134458	0.199312	0.177358	-0.960144	-0.216026
16654		0.161704	0.245060	-0.955928	0.970584	0.135602	0.198946	0.178379	-0.959978	-0.215924
16655		0.161179	0.244922	-0.956051	0.970529	0.136510	0.198591	0.179150	-0.959884	-0.215701
16656		0.160616	0.244820	-0.956172	0.970434	0.137661	0.198259	0.180166	-0.959746	-0.215471
16657		0.160182	0.244664	-0.956285	0.970356	0.138589	0.197997	0.180973	-0.959652	-0.215212
16658		0.159804	0.244573	-0.956372	0.970221	0.139736	0.197853	0.182029	-0.959509	-0.214960
16659		0.159523	0.244513	-0.956434	0.970082	0.140783	0.197791	0.183013	-0.959371	-0.214739
16660		0.159300	0.244671	-0.956431	0.969862	0.142140	0.197899	0.184367	-0.959131	-0.214654
16661		0.159186	0.244809	-0.956414	0.969700	0.143074	0.198019	0.185314	-0.958957	-0.214616
16662		0.159051	0.245078	-0.956368	0.969512	0.144133	0.198172	0.186412	-0.958730	-0.214681
16663		0.158965	0.245259	-0.956336	0.969382	0.144854	0.198282	0.187159	-0.958575	-0.214723
16664		0.158823	0.245516	-0.956293	0.969229	0.145733	0.198387	0.188070	-0.958376	-0.214815
16665		0.158780	0.245715	-0.956250	0.969130	0.146242	0.198497	0.188618	-0.958247	-0.214909
16666		0.158796	0.245876	-0.956205	0.969026	0.146718	0.198652	0.189136	-0.958133	-0.214962
16667		0.158893	0.245975	-0.956164	0.968940	0.147032	0.198841	0.189497	-0.958059	-0.214972
16668		0.158898	0.246077	-0.956137	0.968836	0.147530	0.198977	0.190023	-0.957957	-0.214966
16669		0.159020	0.246133	-0.956102	0.968785	0.147644	0.199139	0.190178	-0.957925	-0.214972
16670		0.159085	0.246262	-0.956058	0.968692	0.148020	0.199314	0.190599	-0.957833	-0.215005
16671		0.159191	0.246336	-0.956021	0.968628	0.148212	0.199479	0.190833	-0.957785	-0.215014
16672		0.159199	0.246494	-0.955979	0.968529	0.148670	0.199623	0.191331	-0.957673	-0.215068
16673		0.159217	0.246550	-0.955962	0.968490	0.148831	0.199689	0.191510	-0.957634	-0.215085
16675		0.159170	0.246759	-0.955916	0.968334	0.149618	0.199860	0.192339	-0.957457	-0.215130
16676		0.159214	0.246819	-0.955893	0.968278	0.149837	0.199966	0.192583	-0.957408	-0.215133
16677		0.159191	0.246902	-0.955875	0.968171	0.150377	0.200081	0.193142	-0.957302	-0.215105
16678		0.159298	0.246886	-0.955862	0.968149	0.150379	0.200186	0.193164	-0.957305	-0.215067
16679		0.159355	0.246939	-0.955838	0.968113	0.150485	0.200279	0.193296	-0.957275	-0.215085
16680		0.159458	0.246911	-0.955829	0.968142	0.150241	0.200323	0.193067	-0.957321	-0.215087
16681		0.159504	0.246911	-0.955821	0.968164	0.150082	0.200334	0.192916	-0.957345	-0.215112
16682		0.159614	0.246833	-0.955823	0.968258	0.149517	0.200302	0.192353	-0.957454	-0.215133
16683		0.159595	0.246897	-0.955809	0.968330	0.149163	0.200216	0.192004	-0.957493	-0.215273
16684		0.159690	0.246777	-0.955824	0.968489	0.148294	0.200093	0.191122	-0.957659	-0.215319
16685		0.159758	0.246822	-0.955801	0.968600	0.147655	0.200028	0.190500	-0.957746	-0.215483
16686		0.159907	0.246818	-0.955777	0.968710	0.146950	0.200018	0.189820	-0.957855	-0.215597
16687		0.160087	0.246744	-0.955766	0.968772	0.146460	0.200076	0.189349	-0.957949	-0.215593
16688		0.160244	0.246633	-0.955769	0.968807	0.146141	0.200141	0.189038	-0.958027	-0.215521
16689		0.160383	0.246588	-0.955757	0.968807	0.146002	0.200241	0.188920	-0.958059	-0.215480
16690		0.160517	0.246541	-0.955747	0.968802	0.145896	0.200344	0.188832	-0.958088	-0.215430
16691		0.160571	0.246539	-0.955738	0.968783	0.145931	0.200407	0.188880	-0.958083	-0.215410
16693		0.160896	0.246503	-0.955693	0.968839	0.145312	0.200590	0.188319	-0.958186	-0.215442
16694		0.161059	0.246476	-0.955672	0.968871	0.144981	0.200675	0.188016	-0.958243	-0.215453
16695		0.161272	0.246487	-0.955633	0.968908	0.144558	0.200799	0.187639	-0.958304	-0.215510
16696		0.161361	0.246565	-0.955599	0.968886	0.144558	0.200903	0.187675	-0.958284	-0.215567
16697		0.161574	0.246588	-0.955556	0.968902	0.144243	0.201054	0.187409	-0.958326	-0.215614
16698		0.161725	0.246688	-0.955505	0.968878	0.144185	0.201214	0.187407	-0.958309	-0.215692
16699		0.161959	0.246717	-0.955458	0.968868	0.143975	0.201409	0.187254	-0.958333	-0.215719
16700		0.162074	0.246846	-0.955405	0.968822	0.144058	0.201570	0.187391	-0.958287	-0.215802
16701		0.162244	0.246838	-0.955378	0.968861	0.143676	0.201655	0.187041	-0.958347	-0.215841
16702		0.162309	0.246946	-0.955339	0.968861	0.143584	0.201722	0.186985	-0.958333	-0.215951
16703		0.162446	0.246947	-0.955316	0.968918	0.143143	0.201762	0.186571	-0.958398	-0.216019
16704		0.162477	0.247035	-0.955288	0.968898	0.143195	0.201821	0.186649	-0.958368	-0.216086
16705		0.162542	0.246952	-0.955298	0.968933	0.142963	0.201819	0.186412	-0.958424	-0.216042
16706		0.162493	0.246855	-0.955332	0.968937	0.143016	0.201762	0.186434	-0.958441	-0.215948
16707		0.162505	0.246580	-0.955401	0.969002	0.142725	0.201654	0.186083	-0.958555	-0.215743
16708		0.162383	0.246409	-0.955466	0.968994	0.142934	0.201544	0.186231	-0.958568	-0.215559
16709		0.162364	0.246135	-0.955539	0.969038	0.142787	0.201438	0.186019	-0.958660	-0.215330
16710		0.162305	0.246001	-0.955584	0.969025	0.142945	0.201388	0.186137	-0.958671	-0.215180
16711		0.162298	0.245941	-0.955600	0.969054	0.142815	0.201339	0.185991	-0.958706	-0.215152
16712		0.162217	0.246052	-0.955586	0.969057	0.142868	0.201290	0.186051	-0.958670	-0.215262
16713		0.162205	0.246167	-0.955558	0.969102	0.142622	0.201246	0.185824	-0.958677	-0.215426
16714		0.162149	0.246287	-0.955537	0.969116	0.142586	0.201204	0.185800	-0.958651	-0.215561
16715		0.162138	0.246439	-0.955499	0.969097	0.142662	0.201241	0.185907	-0.958601	-0.215692
16717		0.162134	0.246794	-0.955408	0.968935	0.143428	0.201478	0.186756	-0.958395	-0.215873
16718		0.162206	0.246880	-0.955374	0.968857	0.143734	0.201638	0.187100	-0.958327	-0.215877
16719		0.162216	0.247064	-0.955325	0.968721	0.144377	0.201830	0.187792	-0.958183	-0.215916
16720		0.162322	0.247148	-0.955285	0.968670	0.144507	0.201983	0.187965	-0.958142	-0.215949
16721		0.162334	0.247371	-0.955225	0.968572	0.144944	0.202137	0.188457	-0.958018	-0.216068
16722		0.162434	0.247533	-0.955166	0.968530	0.145017	0.202288	0.188588	-0.957965	-0.216187
16723		0.162464	0.247725	-0.955111	0.968435	0.145423	0.202449	0.189047	-0.957854	-0.216279
16724		0.162531	0.247798	-0.955081	0.968403	0.145498	0.202548	0.189153	-0.957824	-0.216321
16726		0.162475	0.247996	-0.955039	0.968303	0.146020	0.202649	0.189711	-0.957693	-0.216411
16727		0.162399	0.248070	-0.955033	0.968282	0.146194	0.202626	0.189886	-0.957647	-0.216460
16728		0.162165	0.248166	-0.955048	0.968219	0.146739	0.202531	0.190404	-0.957539	-0.216483
16729		0.161878	0.248175	-0.955094	0.968215	0.147063	0.202315	0.190668	-0.957487	-0.216480
16730		0.161492	0.248117	-0.955174	0.968197	0.147578	0.202029	0.191090	-0.957423	-0.216393
16731		0.160917	0.247902	-0.955327	0.968161	0.148411	0.201591	0.191756	-0.957350	-0.216128
16732		0.160038	0.247796	-0.955503	0.968052	0.149896	0.201013	0.193037	-0.957146	-0.215890
16733		0.158968	0.247658	-0.955717	0.968007	0.151259	0.200209	0.194144	-0.956967	-0.215689
16734		0.157562	0.247577	-0.955971	0.967897	0.153254	0.199218	0.195829	-0.956671	-0.215483
16735		0.156156	0.247482	-0.956226	0.967895	0.154707	0.198102	0.196961	-0.956461	-0.215379
16736		0.154497	0.247699	-0.956439	0.967929	0.156160	0.196795	0.198103	-0.956169	-0.215629
16737		0.152753	0.247729	-0.956712	0.968070	0.157195	0.195270	0.198764	-0.955992	-0.215807
16738		0.150540	0.247408	-0.957145	0.968149	0.159034	0.193379	0.200062	-0.955771	-0.215586
16739		0.148116	0.246584	-0.957736	0.968211	0.161222	0.191245	0.201566	-0.955617	-0.214865
16741		0.141366	0.244267	-0.959348	0.968218	0.167856	0.185412	0.206322	-0.955070	-0.212774
16742		0.136988	0.242902	-0.960329	0.968187	0.172104	0.181641	0.209398	-0.954662	-0.211599
16743		0.131816	0.241444	-0.961420	0.968120	0.177045	0.177196	0.212997	-0.954128	-0.210410
16744		0.125754	0.239764	-0.962652	0.967975	0.182873	0.171997	0.217282	-0.953452	-0.209088
16745		0.118581	0.237809	-0.964046	0.967658	0.190038	0.165903	0.222659	-0.952540	-0.207583
16746		0.110498	0.235496	-0.965573	0.967278	0.197773	0.158928	0.228391	-0.951540	-0.205937
16747		0.101029	0.233111	-0.967188	0.966463	0.207710	0.151015	0.236098	-0.950008	-0.204309
16748		0.090598	0.230409	-0.968867	0.965247	0.219152	0.142377	0.245134	-0.948095	-0.202547
16749		0.078663	0.227491	-0.970598	0.963088	0.234081	0.132919	0.257436	-0.945227	-0.200680
16750		0.065750	0.224192	-0.972324	0.960184	0.250936	0.122788	0.271519	-0.941684	-0.198767
16751		0.051243	0.220841	-0.973963	0.956020	0.271165	0.111784	0.288791	-0.936856	-0.197233
16752		0.035729	0.217307	-0.975449	0.951151	0.292112	0.099915	0.306653	-0.931369	-0.196255
16753		0.018799	0.213260	-0.976815	0.945319	0.314377	0.086828	0.325605	-0.925034	-0.195689
16755		-0.017837	0.204366	-0.978732	0.938111	0.342047	0.054325	0.345874	-0.917191	-0.197819
16756		-0.037522	0.195386	-0.980008	0.938969	0.342480	0.032330	0.341950	-0.918984	-0.196312
16757		-0.055297	0.181708	-0.981797	0.943497	0.331280	0.008172	0.326734	-0.925870	-0.189759
16758		-0.073576	0.170560	-0.982596	0.946261	0.323065	-0.014777	0.314923	-0.930880	-0.185164
16759		-0.090964	0.165789	-0.981957	0.947150	0.318997	-0.033882	0.307624	-0.933143	-0.186044
16761		-0.116140	0.154611	-0.981125	0.946533	0.316561	-0.062160	0.300976	-0.935887	-0.183110
16762		-0.123795	0.152396	-0.980536	0.945673	0.317483	-0.070049	0.300628	-0.935938	-0.183420
16763		-0.130172	0.153526	-0.979533	0.943436	0.323019	-0.074748	0.304932	-0.933857	-0.186890
16764		-0.133699	0.156684	-0.978558	0.942988	0.323800	-0.076993	0.304793	-0.933062	-0.191042
16765		-0.134328	0.158064	-0.978249	0.942874	0.324104	-0.077102	0.304868	-0.932723	-0.192571
16767		-0.125185	0.149654	-0.980781	0.943221	0.324517	-0.070874	0.307673	-0.933966	-0.181781
16768		-0.120525	0.153483	-0.980773	0.945756	0.318007	-0.066456	0.301693	-0.935583	-0.183485
16769		-0.112746	0.156947	-0.981150	0.947317	0.314914	-0.058483	0.299800	-0.936054	-0.184184
16770		-0.101751	0.159565	-0.981930	0.948447	0.313378	-0.047357	0.300158	-0.936127	-0.183225
16772		-0.072850	0.171727	-0.982447	0.948954	0.315043	-0.015298	0.306886	-0.933412	-0.185912
16773		-0.053974	0.175183	-0.983055	0.948058	0.318065	0.004628	0.313486	-0.931743	-0.183251
16775		-0.014197	0.172377	-0.984929	0.948242	0.314834	0.041432	0.317231	-0.933362	-0.167925
16776		0.002725	0.166693	-0.986005	0.949224	0.309757	0.054990	0.314588	-0.936090	-0.157385
16777		0.015607	0.160326	-0.986941	0.949410	0.307253	0.064926	0.313650	-0.938025	-0.147420
16778		0.024947	0.152979	-0.987914	0.947779	0.310684	0.072043	0.317950	-0.938122	-0.137240
16779		0.031946	0.144222	-0.989030	0.945448	0.316613	0.076708	0.324202	-0.937527	-0.126239
16780		0.037328	0.132656	-0.990459	0.944032	0.320380	0.078488	0.327735	-0.937955	-0.113272
16781		0.041079	0.118659	-0.992085	0.942096	0.326143	0.078018	0.332819	-0.937844	-0.098390
16782		0.042253	0.105063	-0.993568	0.938661	0.336474	0.075498	0.342242	-0.935814	-0.084401
16783		0.040629	0.092558	-0.994878	0.935433	0.346416	0.070430	0.351160	-0.933504	-0.072507
16784		0.037349	0.079973	-0.996097	0.932196	0.356329	0.063561	0.360021	-0.930932	-0.061242
16785		0.033699	0.067308	-0.997163	0.929943	0.363421	0.055958	0.366156	-0.929191	-0.050345
16786		0.030908	0.054514	-0.998035	0.930876	0.362088	0.048606	0.364026	-0.930548	-0.039555
16787		0.030256	0.040508	-0.998721	0.934791	0.352633	0.042622	0.353908	-0.934885	-0.027197
16788		0.031827	0.024896	-0.999183	0.939804	0.339549	0.038396	0.340227	-0.940259	-0.012591
16789		0.034900	0.008473	-0.999355	0.944538	0.326451	0.035753	0.326544	-0.945176	0.003390
16790		0.039199	-0.008942	-0.999191	0.948360	0.315328	0.034383	0.314766	-0.948941	0.020841
16791		0.044285	-0.027579	-0.998638	0.951822	0.304784	0.033792	0.303437	-0.952022	0.039748
16792		0.049578	-0.046683	-0.997679	0.954709	0.295638	0.033610	0.293382	-0.954159	0.059226
16793		0.054901	-0.066217	-0.996294	0.957715	0.285727	0.033785	0.282431	-0.956021	0.079103
16794		0.059354	-0.085561	-0.994563	0.962410	0.269432	0.034256	0.265036	-0.959211	0.098337
16795		0.062102	-0.104117	-0.992624	0.969090	0.244211	0.035015	0.238764	-0.964116	0.116064
16796		0.063639	-0.124871	-0.990130	0.977309	0.208648	0.036501	0.202031	-0.969986	0.135316
16797		0.063037	-0.144765	-0.987456	0.985695	0.163992	0.038882	0.156306	-0.975782	0.153031
16798		0.060507	-0.161133	-0.985076	0.991994	0.119297	0.041418	0.110843	-0.979696	0.167062
16799		0.057950	-0.175733	-0.982731	0.995860	0.079227	0.044557	0.070029	-0.981245	0.179597
16800		0.057326	-0.190536	-0.980005	0.997977	0.037965	0.050996	0.027489	-0.980946	0.192326
16801		0.059802	-0.201094	-0.977745	0.998107	-0.002074	0.061474	-0.014390	-0.979570	0.200590
16802		0.063761	-0.209741	-0.975676	0.996867	-0.032464	0.072125	-0.046802	-0.977218	0.207014
16803		0.065923	-0.218342	-0.973643	0.995500	-0.052176	0.079104	-0.068072	-0.974476	0.213920
16804		0.067081	-0.216935	-0.973879	0.994005	-0.069937	0.084046	-0.086342	-0.973678	0.210943
16805		0.065959	-0.212544	-0.974923	0.993546	-0.076365	0.083868	-0.092276	-0.974163	0.206135
16806		0.060513	-0.220091	-0.973601	0.995244	-0.061299	0.075715	-0.076345	-0.973551	0.215335
16807		0.054613	-0.220590	-0.973837	0.997708	-0.026958	0.062058	-0.039942	-0.974994	0.218612
16808		0.050182	-0.214822	-0.975363	0.998735	0.007578	0.049715	-0.003289	-0.976624	0.214931
16809		0.046397	-0.203640	-0.977946	0.998095	0.049295	0.037088	0.040655	-0.977804	0.205540
16810		0.038860	-0.180446	-0.982817	0.994082	0.106830	0.019692	0.101441	-0.977766	0.183530
16811		0.030857	-0.164099	-0.985961	0.989207	0.146374	0.006596	0.143236	-0.975524	0.166845
16812		0.034214	-0.160597	-0.986427	0.984987	0.172524	0.006076	0.169207	-0.971825	0.164089
16813		0.048122	-0.160783	-0.985816	0.983382	0.180598	0.018548	0.175055	-0.970326	0.166802
16814		0.066467	-0.158213	-0.985165	0.984316	0.172102	0.038771	0.163414	-0.972291	0.167170
16815		0.088583	-0.158177	-0.983429	0.985184	0.159474	0.063091	0.146852	-0.974447	0.169960
16816		0.111977	-0.153818	-0.981734	0.985117	0.146836	0.089356	0.130409	-0.977128	0.167971
16817		0.133992	-0.142760	-0.980646	0.983458	0.140872	0.113868	0.121890	-0.979681	0.159274
16818		0.152794	-0.125070	-0.980312	0.980203	0.145571	0.134205	0.125920	-0.981411	0.144836
16819		0.166957	-0.103782	-0.980487	0.976553	0.154477	0.149936	0.135902	-0.982530	0.127140
16820		0.175505	-0.082923	-0.980980	0.973004	0.166300	0.160021	0.149868	-0.982582	0.109871
16821		0.179145	-0.065630	-0.981631	0.969293	0.182622	0.164684	0.168459	-0.980990	0.096331
16822		0.178821	-0.052972	-0.982455	0.966255	0.197623	0.165217	0.185404	-0.978846	0.086523
16823		0.174094	-0.045788	-0.983664	0.964553	0.209100	0.160978	0.198313	-0.976822	0.080568
16824		0.164251	-0.042499	-0.985503	0.965411	0.212017	0.151759	0.202494	-0.976341	0.075853
16825		0.148707	-0.039479	-0.988093	0.969273	0.203813	0.137731	0.195949	-0.978214	0.068574
16826		0.129202	-0.031729	-0.991111	0.972889	0.197394	0.120507	0.191816	-0.979811	0.056372
16827		0.108968	-0.019321	-0.993858	0.973682	0.203407	0.102801	0.200171	-0.978904	0.040977
16828		0.091000	-0.008873	-0.995811	0.971686	0.219740	0.086838	0.218049	-0.975518	0.028618
16829		0.077119	-0.000447	-0.997022	0.967873	0.240069	0.074756	0.239321	-0.970756	0.018947
16830		0.066955	0.008464	-0.997720	0.964642	0.254932	0.066898	0.254917	-0.966922	0.008904
16831		0.059536	0.019615	-0.998033	0.963323	0.260941	0.062593	0.261655	-0.965155	-0.003360
16832		0.053905	0.034232	-0.997959	0.963416	0.260977	0.060991	0.262532	-0.964738	-0.018912
16833		0.050398	0.049117	-0.997521	0.964463	0.256991	0.061382	0.259369	-0.965165	-0.034419
16834		0.048273	0.063783	-0.996796	0.965849	0.251364	0.062859	0.254568	-0.965789	-0.049471
16835		0.046503	0.079754	-0.995729	0.966821	0.247064	0.064942	0.251188	-0.965712	-0.065619
16836		0.044451	0.096547	-0.994335	0.967129	0.245288	0.067051	0.250372	-0.964631	-0.082470
16837		0.041564	0.113111	-0.992713	0.967529	0.243373	0.068240	0.249318	-0.963315	-0.099322
16838		0.037599	0.128993	-0.990932	0.968751	0.238585	0.067815	0.245169	-0.962517	-0.115991
16839		0.033083	0.142690	-0.989214	0.970851	0.230501	0.065717	0.237392	-0.962553	-0.130905
16840		0.028349	0.153732	-0.987706	0.973597	0.219655	0.062132	0.226506	-0.963389	-0.143446
16841		0.023757	0.160805	-0.986700	0.976661	0.207014	0.057253	0.213467	-0.965032	-0.152134
16842		0.019016	0.164217	-0.986241	0.979623	0.194202	0.051225	0.199942	-0.967119	-0.157177
16843		0.012269	0.166486	-0.985967	0.982543	0.181045	0.042797	0.185630	-0.969281	-0.161358
16844		0.001712	0.173107	-0.984902	0.985271	0.168116	0.031261	0.170989	-0.970449	-0.170270
16845		-0.010259	0.183439	-0.982978	0.986957	0.159799	0.019520	0.160659	-0.969956	-0.182686
16846		-0.020010	0.193522	-0.980892	0.989686	0.143029	0.008029	0.141849	-0.970614	-0.194388
16847		-0.025160	0.201358	-0.979195	0.993531	0.113544	-0.002180	0.110743	-0.972915	-0.202912
16848		-0.026566	0.209261	-0.977499	0.996929	0.077602	-0.010481	0.073663	-0.974776	-0.210680
16849		-0.027014	0.248385	-0.968285	0.998431	0.054227	-0.013945	0.049044	-0.967142	-0.249460
16850		-0.029494	0.304313	-0.952116	0.996239	0.086588	-0.003186	0.081472	-0.948629	-0.305722
16851		-0.034074	0.284356	-0.958113	0.992781	0.119939	0.000290	0.114998	-0.951187	-0.286390
16852		-0.032888	0.211829	-0.976753	0.994235	0.106726	-0.010331	0.102056	-0.971462	-0.214118
16853		-0.034942	0.203683	-0.978413	0.997564	0.066256	-0.021833	0.060379	-0.976792	-0.205502
16854		-0.031727	0.246939	-0.968511	0.999479	0.002166	-0.032189	-0.005851	-0.969029	-0.246880
16855		-0.015881	0.255861	-0.966583	0.998960	-0.037254	-0.026275	-0.042732	-0.965996	-0.255003
16856		0.002521	0.220865	-0.975301	0.999531	-0.030309	-0.004280	-0.030506	-0.974833	-0.220838
16857		0.017614	0.197995	-0.980045	0.999742	0.010541	0.020098	0.014309	-0.980146	-0.197758
16858		0.026402	0.198110	-0.979824	0.997456	0.059700	0.038948	0.066212	-0.978360	-0.196029
16859		0.032725	0.192177	-0.980815	0.992321	0.110869	0.054832	0.119279	-0.975078	-0.187073
16860		0.038703	0.179853	-0.982932	0.984732	0.160210	0.068088	0.169721	-0.970559	-0.170907
16861		0.043903	0.168149	-0.984783	0.976380	0.201513	0.077937	0.211552	-0.964945	-0.155331
16862		0.048020	0.154856	-0.986769	0.969762	0.229435	0.083198	0.239283	-0.960926	-0.139156
16863		0.050615	0.140592	-0.988773	0.965723	0.245489	0.084341	0.254591	-0.959150	-0.123347
16864		0.051796	0.126159	-0.990657	0.963933	0.252998	0.082617	0.261057	-0.959206	-0.108504
16865		0.051555	0.109381	-0.992662	0.961681	0.262579	0.078880	0.269280	-0.958691	-0.091653
16866		0.049291	0.091401	-0.994594	0.957299	0.279692	0.073145	0.284865	-0.955729	-0.073712
16867		0.045024	0.075071	-0.996161	0.953892	0.292984	0.065193	0.296753	-0.953166	-0.058419
16868		0.039847	0.059054	-0.997459	0.954093	0.294315	0.055539	0.296847	-0.953882	-0.044615
16869		0.034815	0.040834	-0.998559	0.958523	0.281453	0.044928	0.282882	-0.958706	-0.029342
16870		0.030216	0.020470	-0.999334	0.965769	0.257105	0.034468	0.257640	-0.966167	-0.012000
16871		0.026844	-0.001243	-0.999639	0.972799	0.230207	0.025837	0.230092	-0.973141	0.007388
16872		0.025197	-0.024127	-0.999391	0.977616	0.209483	0.019590	0.208883	-0.977515	0.028865
16873		0.026211	-0.048501	-0.998479	0.980704	0.194819	0.016281	0.193734	-0.979639	0.052672
16874		0.028668	-0.071799	-0.997007	0.982891	0.183574	0.015042	0.181945	-0.980380	0.075833
16875		0.032062	-0.091762	-0.995265	0.984590	0.174177	0.015659	0.171916	-0.980429	0.095933
16876		0.037013	-0.113249	-0.992877	0.986999	0.159650	0.018584	0.156408	-0.980656	0.117686
16877		0.042498	-0.137728	-0.989558	0.990845	0.132841	0.024064	0.128140	-0.981521	0.142113
16878		0.047669	-0.162802	-0.985507	0.994938	0.095116	0.032413	0.088461	-0.982063	0.166512
16879		0.051908	-0.186299	-0.981121	0.997903	0.047713	0.043736	0.038664	-0.981334	0.188385
16880		0.054917	-0.205115	-0.977196	0.998457	0.003163	0.055448	-0.008282	-0.978733	0.204972
16881		0.057247	-0.220449	-0.973717	0.997181	-0.034755	0.066495	-0.048500	-0.974779	0.217838
16882		0.059926	-0.234528	-0.970261	0.994473	-0.069919	0.078321	-0.086208	-0.969592	0.229042
16883		0.063489	-0.246741	-0.967000	0.991058	-0.098354	0.090165	-0.117356	-0.964077	0.238290
16884		0.068568	-0.258494	-0.963576	0.987071	-0.122680	0.103150	-0.144875	-0.958191	0.246740
16885		0.072852	-0.269185	-0.960329	0.983496	-0.140504	0.113993	-0.165615	-0.952784	0.254506
16886		0.075478	-0.277892	-0.957642	0.979771	-0.157843	0.123025	-0.185345	-0.947556	0.260357
16887		0.077902	-0.281096	-0.956513	0.978131	-0.164039	0.127870	-0.192849	-0.945556	0.262169
16888		0.081504	-0.275235	-0.957916	0.979534	-0.155353	0.127980	-0.184040	-0.948742	0.256940
16889		0.081149	-0.275309	-0.957925	0.981922	-0.142816	0.124227	-0.171008	-0.950689	0.258743
16890		0.078387	-0.276835	-0.957715	0.985005	-0.126595	0.117214	-0.153691	-0.952542	0.262761
16891		0.076671	-0.270569	-0.959643	0.990531	-0.089265	0.104307	-0.113884	-0.958553	0.261163
16892		0.074676	-0.259939	-0.962733	0.995418	-0.038384	0.087574	-0.059717	-0.964862	0.255882
16893		0.070140	-0.252172	-0.965137	0.997427	0.003328	0.071617	-0.014848	-0.967677	0.251756
16894		0.065884	-0.245507	-0.967153	0.997474	0.041993	0.057290	0.026548	-0.968485	0.247654
16895		0.063394	-0.237916	-0.969215	0.995814	0.079163	0.045701	0.065853	-0.968054	0.241939
16896		0.066437	-0.235515	-0.969597	0.994770	0.091195	0.046010	0.077586	-0.967583	0.240342
16897		0.077505	-0.242149	-0.967139	0.995236	0.076336	0.060644	0.059143	-0.967232	0.246911
16898		0.092987	-0.245713	-0.964872	0.995083	0.056115	0.081608	0.034092	-0.967717	0.249723
16899		0.110813	-0.245604	-0.963016	0.993757	0.040014	0.104145	0.012955	-0.968544	0.248504
16900		0.130303	-0.240336	-0.961904	0.991472	0.033726	0.125882	0.002187	-0.970104	0.242681
16901		0.149159	-0.227388	-0.962313	0.988806	0.038004	0.144285	0.003763	-0.973062	0.230512
16902		0.165747	-0.207158	-0.964165	0.986019	0.051836	0.158367	0.017172	-0.976933	0.212853
16903		0.178067	-0.184524	-0.966562	0.983312	0.070583	0.167678	0.037282	-0.980290	0.194013
16904		0.185675	-0.162458	-0.969088	0.981016	0.086819	0.173406	0.055964	-0.982888	0.175494
16905		0.188794	-0.144103	-0.971386	0.979363	0.100295	0.175466	0.072140	-0.984467	0.160065
16906		0.187984	-0.131854	-0.973281	0.978670	0.108752	0.174292	0.082865	-0.985286	0.149485
16907		0.183673	-0.124120	-0.975120	0.978723	0.115394	0.169663	0.091465	-0.985535	0.142674
16908		0.176192	-0.116744	-0.977408	0.979184	0.122433	0.161888	0.100768	-0.985587	0.135885
16909		0.164920	-0.109172	-0.980246	0.980118	0.129298	0.150498	0.110314	-0.985578	0.128325
16910		0.149170	-0.103128	-0.983419	0.981401	0.136978	0.134499	0.120836	-0.985191	0.121643
16911		0.130561	-0.095959	-0.986786	0.982002	0.149527	0.115387	0.136479	-0.984090	0.113755
16912		0.111706	-0.085323	-0.990072	0.980999	0.168508	0.096161	0.158630	-0.982001	0.102525
16913		0.094512	-0.072065	-0.992912	0.978023	0.192914	0.079093	0.185847	-0.978566	0.088714
16914		0.079185	-0.059399	-0.995089	0.973211	0.220749	0.064267	0.215848	-0.973520	0.075288
16915		0.065508	-0.048479	-0.996674	0.967270	0.248470	0.051490	0.245147	-0.967426	0.063169
16916		0.053126	-0.037637	-0.997878	0.960938	0.273734	0.040835	0.271616	-0.961069	0.050709
16917		0.041207	-0.025336	-0.998829	0.954940	0.295079	0.031911	0.293925	-0.955137	0.036354
16918		0.030558	-0.010071	-0.999482	0.949000	0.314215	0.025848	0.313792	-0.949298	0.019160
16919		0.022608	0.003272	-0.999739	0.944574	0.327531	0.022432	0.327518	-0.944835	0.004314
16920		0.016552	0.014024	-0.999765	0.944083	0.329084	0.020246	0.329291	-0.944196	-0.007793
16921		0.010864	0.025266	-0.999622	0.947051	0.320556	0.018395	0.320899	-0.946893	-0.020446
16922		0.004721	0.039453	-0.999210	0.954100	0.299044	0.016316	0.299452	-0.953423	-0.036230
16923		-0.000773	0.055571	-0.998454	0.964240	0.264662	0.013984	0.265030	-0.962739	-0.053788
16924		-0.004299	0.072874	-0.997332	0.970756	0.239697	0.013329	0.240028	-0.968109	-0.071773
16925		-0.005954	0.091080	-0.995826	0.971716	0.235627	0.015741	0.236077	-0.967566	-0.089906
16926		-0.005664	0.107995	-0.994135	0.972028	0.234022	0.019884	0.234797	-0.966215	-0.106299
16927		-0.002351	0.119278	-0.992858	0.974065	0.224915	0.024714	0.226256	-0.967050	-0.116713
16928		0.002209	0.128451	-0.991713	0.974820	0.220860	0.030778	0.222983	-0.966810	-0.124729
16929		0.004822	0.137578	-0.990479	0.973274	0.226769	0.036237	0.229595	-0.964183	-0.132808
16930		0.005350	0.150598	-0.988581	0.973446	0.225464	0.039615	0.228855	-0.962542	-0.145393
16931		0.004581	0.170833	-0.985289	0.976557	0.211283	0.041173	0.215209	-0.962380	-0.165860
16932		0.001074	0.193606	-0.981079	0.981103	0.189619	0.038494	0.193484	-0.962581	-0.189743
16933		-0.000068	0.232079	-0.972697	0.989242	0.142310	0.033886	0.146289	-0.962230	-0.229592
16934		-0.001433	0.288814	-0.957384	0.994057	0.104621	0.030073	0.108848	-0.951652	-0.287247
16935		-0.000567	0.263695	-0.964606	0.989602	0.138891	0.037387	0.143834	-0.954554	-0.261031
16936		0.000781	0.212744	-0.977108	0.979369	0.197288	0.043738	0.202076	-0.956984	-0.208201
16937		-0.003667	0.199615	-0.979868	0.976686	0.211038	0.039336	0.214641	-0.956879	-0.195735
16938		-0.012238	0.209574	-0.977716	0.982449	0.184529	0.027257	0.186129	-0.960223	-0.208154
16939		-0.016452	0.202536	-0.979137	0.986390	0.163518	0.017250	0.163600	-0.965526	-0.202470
16940		-0.017507	0.185497	-0.982489	0.986725	0.161881	0.012981	0.161454	-0.969219	-0.185869
16941		-0.018672	0.176805	-0.984069	0.985701	0.168111	0.011501	0.167466	-0.969783	-0.177416
16942		-0.019747	0.173170	-0.984694	0.983648	0.179708	0.011878	0.179014	-0.968358	-0.173887
16943		-0.020893	0.169108	-0.985376	0.979976	0.198672	0.013317	0.198019	-0.965366	-0.169873
16944		-0.022388	0.166027	-0.985867	0.975581	0.219145	0.014751	0.218497	-0.961463	-0.166879
16945		-0.025000	0.167524	-0.985551	0.971552	0.236316	0.015525	0.235502	-0.957126	-0.168666
16946		-0.028569	0.169526	-0.985112	0.968714	0.247754	0.014542	0.246531	-0.953876	-0.171300
16947		-0.032876	0.170123	-0.984874	0.968021	0.250629	0.010980	0.248706	-0.953018	-0.172922
16948		-0.038124	0.171742	-0.984404	0.969742	0.244080	0.005027	0.241137	-0.954426	-0.175850
16949		-0.044065	0.173086	-0.983921	0.972920	0.231122	-0.002915	0.226901	-0.957405	-0.178583
16950		-0.050667	0.172898	-0.983636	0.976074	0.217102	-0.012116	0.211455	-0.960715	-0.179761
16951		-0.058780	0.172849	-0.983193	0.978621	0.204432	-0.022567	0.197096	-0.963499	-0.181170
16952		-0.068436	0.174113	-0.982345	0.980194	0.195154	-0.033697	0.185841	-0.965194	-0.184020
16953		-0.079256	0.177067	-0.981002	0.980046	0.193794	-0.044200	0.182286	-0.964931	-0.188893
16954		-0.091079	0.180485	-0.979352	0.978895	0.196893	-0.054751	0.182946	-0.963669	-0.194608
16955		-0.103824	0.183245	-0.977569	0.978653	0.194099	-0.067556	0.177366	-0.963715	-0.199485
16956		-0.117084	0.183265	-0.976066	0.980634	0.176706	-0.084454	0.157000	-0.967052	-0.200406
16957		-0.129851	0.180507	-0.974965	0.982289	0.157374	-0.101690	0.135079	-0.970902	-0.197745
16958		-0.141444	0.176196	-0.974140	0.982399	0.146261	-0.116188	0.122007	-0.973428	-0.193782
16959		-0.150794	0.171430	-0.973588	0.982283	0.136839	-0.128046	0.111274	-0.975647	-0.189028
16960		-0.156995	0.167200	-0.973343	0.982322	0.128193	-0.136422	0.101966	-0.977553	-0.184370
16961		-0.160104	0.168127	-0.972677	0.982258	0.124616	-0.140142	0.097650	-0.977857	-0.185096
16962		-0.159528	0.178087	-0.970997	0.982758	0.121785	-0.139124	0.093477	-0.976449	-0.194444
16963		-0.155032	0.191080	-0.969254	0.982835	0.129149	-0.131743	0.100005	-0.973041	-0.207823
16964		-0.148266	0.189410	-0.970639	0.980431	0.156687	-0.119186	0.129511	-0.969316	-0.208935
16965		-0.138826	0.183158	-0.973232	0.976669	0.187911	-0.103952	0.163842	-0.964957	-0.204972
16966		-0.126753	0.184192	-0.974683	0.973583	0.211236	-0.086691	0.189920	-0.959923	-0.206101
16967		-0.112313	0.189299	-0.975475	0.971275	0.228170	-0.067551	0.209787	-0.955041	-0.209488
16968		-0.094716	0.193622	-0.976494	0.969373	0.241208	-0.046198	0.226593	-0.950962	-0.210538
16969		-0.074666	0.195857	-0.977786	0.966793	0.254538	-0.022841	0.244410	-0.947022	-0.208358
16970		-0.052749	0.196786	-0.979026	0.960936	0.276744	0.003852	0.271698	-0.940578	-0.203697
16971		-0.028382	0.196669	-0.980059	0.949082	0.313042	0.035333	0.313749	-0.929153	-0.195539
16972		-0.002613	0.198247	-0.980149	0.933864	0.351006	0.068506	0.357619	-0.915146	-0.186053
16973		0.023080	0.200546	-0.979412	0.920659	0.377603	0.099014	0.389686	-0.903990	-0.175920
16974		0.049720	0.197815	-0.978978	0.908784	0.397628	0.126501	0.414293	-0.895969	-0.160001
16975		0.075694	0.190211	-0.978821	0.896156	0.417465	0.150426	0.437236	-0.888562	-0.138859
16976		0.098831	0.181731	-0.978369	0.881511	0.440185	0.170811	0.461705	-0.879324	-0.116694
16977		0.115219	0.175690	-0.977680	0.864873	0.466368	0.185731	0.488589	-0.866968	-0.098215
16978		0.121976	0.173726	-0.977211	0.852127	0.486506	0.192853	0.508923	-0.856231	-0.088694
16979		0.119130	0.176423	-0.977079	0.843623	0.500931	0.193307	0.523553	-0.847315	-0.089158
16980		0.111976	0.179554	-0.977354	0.836583	0.513752	0.190232	0.536275	-0.838939	-0.092684
16981		0.107122	0.176669	-0.978424	0.837309	0.514625	0.184595	0.536133	-0.839017	-0.092799
16982		0.105656	0.167471	-0.980199	0.850198	0.496034	0.176393	0.515753	-0.852000	-0.089974
16983		0.108420	0.153335	-0.982208	0.870449	0.462594	0.168300	0.480170	-0.873209	-0.083316
16984		0.115638	0.142157	-0.983066	0.881313	0.441826	0.167560	0.458164	-0.885766	-0.074193
16985		0.126220	0.139572	-0.982134	0.876607	0.447752	0.176289	0.464358	-0.883197	-0.065834
16986		0.142239	0.137640	-0.980216	0.872106	0.450974	0.189877	0.468187	-0.881860	-0.055891
16987		0.163364	0.131953	-0.977702	0.872306	0.443622	0.205626	0.460863	-0.886447	-0.042631
16988		0.186354	0.128481	-0.974045	0.876140	0.426888	0.223932	0.444579	-0.895131	-0.033015
16989		0.209064	0.133546	-0.968740	0.880506	0.405274	0.245891	0.425443	-0.904388	-0.032860
16990		0.233194	0.143303	-0.961813	0.882268	0.384754	0.271234	0.408930	-0.911827	-0.036709
16991		0.258178	0.153917	-0.953758	0.882688	0.363698	0.297633	0.392691	-0.918713	-0.041962
16992		0.281487	0.167176	-0.944890	0.883808	0.338318	0.323148	0.373696	-0.926063	-0.052519
16993		0.302865	0.181384	-0.935614	0.886028	0.308014	0.346527	0.351037	-0.933931	-0.067424
16994		0.323152	0.193736	-0.926304	0.888093	0.276035	0.367554	0.326900	-0.941420	-0.082855
16995		0.341494	0.202719	-0.917762	0.889226	0.246561	0.385338	0.304399	-0.947688	-0.096064
16996		0.355917	0.208665	-0.910924	0.889215	0.224193	0.398790	0.287436	-0.951944	-0.105754
16997		0.363917	0.214230	-0.906460	0.886067	0.220390	0.407816	0.287141	-0.951595	-0.109619
16998		0.364895	0.220086	-0.904662	0.881992	0.229527	0.411591	0.298230	-0.948093	-0.110361
16999		0.360383	0.225287	-0.905191	0.881684	0.234567	0.409404	0.304561	-0.945634	-0.114098
17000		0.351283	0.230306	-0.907502	0.889143	0.221579	0.400409	0.293300	-0.947556	-0.126938
17001		0.336274	0.243920	-0.909628	0.901115	0.197371	0.386053	0.273700	-0.949499	-0.153429
17002		0.322266	0.252541	-0.912342	0.912827	0.172416	0.370163	0.250783	-0.952101	-0.174962
17003		0.317051	0.235234	-0.918773	0.918241	0.166257	0.359434	0.237303	-0.957614	-0.163289
17004		0.311769	0.229212	-0.922097	0.920218	0.168861	0.353108	0.236643	-0.958618	-0.158280
17006		0.299680	0.234272	-0.924829	0.927454	0.155712	0.339975	0.223654	-0.959620	-0.170613
17007		0.293402	0.236488	-0.926277	0.929857	0.154398	0.333956	0.221992	-0.959289	-0.174599
17009		0.286181	0.236149	-0.928619	0.934351	0.145998	0.325074	0.212343	-0.960686	-0.178865
17010		0.288610	0.233075	-0.928644	0.935287	0.138837	0.325520	0.204801	-0.962497	-0.177922
17011		0.293397	0.230993	-0.927664	0.933116	0.141808	0.330433	0.207878	-0.962566	-0.173937
17012		0.298209	0.229743	-0.926439	0.930022	0.148467	0.336180	0.214781	-0.961860	-0.169392
17013		0.301106	0.230264	-0.925372	0.926713	0.158112	0.340886	0.224807	-0.960197	-0.165781
17014		0.301434	0.231050	-0.925070	0.923916	0.168970	0.343261	0.235619	-0.958157	-0.162537
17015		0.299878	0.231676	-0.925418	0.922417	0.177040	0.343227	0.243353	-0.956547	-0.160612
17016		0.297532	0.230941	-0.926359	0.922335	0.181016	0.341366	0.246522	-0.955981	-0.159147
17017		0.295267	0.228942	-0.927579	0.923762	0.179421	0.338336	0.243887	-0.956762	-0.158511
17018		0.293907	0.226712	-0.928558	0.926276	0.172165	0.335219	0.235864	-0.958624	-0.159398
17019		0.294071	0.224873	-0.928953	0.928593	0.162960	0.333405	0.226356	-0.960664	-0.160894
17020		0.296029	0.224424	-0.928440	0.929492	0.156219	0.334126	0.220026	-0.961888	-0.162355
17021		0.299470	0.225780	-0.927007	0.928228	0.155805	0.337812	0.220704	-0.961638	-0.162917
17022		0.303283	0.229371	-0.924883	0.924393	0.164814	0.343997	0.231337	-0.959284	-0.162043
17023		0.306038	0.232738	-0.923133	0.918139	0.184229	0.350829	0.251719	-0.954931	-0.157305
17024		0.306422	0.233090	-0.922916	0.910525	0.210956	0.355586	0.277579	-0.949298	-0.147592
17025		0.303351	0.230113	-0.924676	0.902947	0.240588	0.356095	0.304408	-0.942956	-0.134797
17026		0.295921	0.225128	-0.928304	0.897070	0.268382	0.351051	0.328171	-0.936637	-0.122535
17027		0.283790	0.219611	-0.933399	0.893634	0.292376	0.340491	0.347679	-0.930745	-0.113279
17028		0.268287	0.212506	-0.939608	0.893472	0.309788	0.325177	0.360181	-0.926754	-0.106756
17029		0.250976	0.202515	-0.946572	0.896451	0.320323	0.306218	0.365223	-0.925409	-0.101151
17030		0.232263	0.190759	-0.953763	0.901073	0.327010	0.284836	0.366225	-0.925568	-0.095936
17031		0.211778	0.178902	-0.960804	0.906404	0.331697	0.261549	0.365488	-0.926267	-0.091911
17032		0.189143	0.167984	-0.967474	0.911958	0.335262	0.236501	0.364086	-0.927028	-0.089782
17033		0.165498	0.155403	-0.973889	0.916890	0.339445	0.209977	0.363213	-0.927700	-0.086311
17034		0.141657	0.138693	-0.980152	0.921545	0.343114	0.181738	0.361509	-0.928998	-0.079207
17035		0.118926	0.120472	-0.985567	0.925794	0.345276	0.153919	0.358835	-0.930737	-0.070470
17036		0.097419	0.104713	-0.989720	0.929072	0.346986	0.128161	0.356839	-0.932006	-0.063482
17037		0.078247	0.088628	-0.992987	0.934716	0.339841	0.103988	0.346674	-0.936298	-0.056251
17038		0.060137	0.074202	-0.995428	0.941818	0.326166	0.081212	0.330700	-0.942396	-0.050270
17039		0.042597	0.067701	-0.996796	0.945297	0.320238	0.062146	0.323419	-0.944915	-0.050357
17040		0.026908	0.071451	-0.997081	0.945619	0.321630	0.048567	0.324162	-0.944166	-0.058911
17041		0.013413	0.079556	-0.996740	0.946007	0.321862	0.038420	0.323869	-0.943438	-0.070943
17042		0.001348	0.090408	-0.995904	0.948988	0.313903	0.029781	0.315309	-0.945141	-0.085373
17043		-0.009161	0.100597	-0.994885	0.954388	0.297806	0.021324	0.298428	-0.949311	-0.098737
17044		-0.019648	0.106439	-0.994125	0.961205	0.275635	0.010514	0.275135	-0.955351	-0.107725
17045		-0.031169	0.108277	-0.993632	0.967697	0.252098	-0.002884	0.250180	-0.961625	-0.112637
17046		-0.043846	0.104550	-0.993553	0.973245	0.228997	-0.018853	0.225549	-0.967796	-0.111793
17047		-0.057277	0.097513	-0.993585	0.976572	0.212247	-0.035465	0.207427	-0.972339	-0.107386
17048		-0.072660	0.091449	-0.993155	0.978128	0.201127	-0.053041	0.194900	-0.975287	-0.104062
17049		-0.090247	0.086382	-0.992166	0.978804	0.191594	-0.072350	0.183843	-0.977666	-0.101841
17050		-0.109387	0.080595	-0.990726	0.978787	0.182441	-0.093227	0.173235	-0.979908	-0.098842
17051		-0.129552	0.073352	-0.988856	0.977920	0.174370	-0.115184	0.163978	-0.981944	-0.094322
17052		-0.150781	0.063609	-0.986519	0.975443	0.171640	-0.138021	0.160547	-0.983104	-0.087927
17053		-0.173592	0.053509	-0.983363	0.969772	0.183159	-0.161227	0.171485	-0.981626	-0.083687
17054		-0.198918	0.047395	-0.978869	0.960202	0.209258	-0.184993	0.196068	-0.976711	-0.087134
17055		-0.226488	0.047632	-0.972849	0.948272	0.238892	-0.209070	0.222447	-0.969877	-0.099274
17056		-0.254612	0.048244	-0.965839	0.938129	0.254723	-0.234584	0.234705	-0.965810	-0.110115
17057		-0.282124	0.046231	-0.958264	0.931801	0.250967	-0.262225	0.228370	-0.966891	-0.113881
17058		-0.308591	0.041659	-0.950282	0.929601	0.224872	-0.292018	0.201527	-0.973497	-0.108120
17059		-0.333464	0.037130	-0.942031	0.930309	0.174841	-0.322423	0.152734	-0.983896	-0.092845
17060		-0.357530	0.037747	-0.933138	0.929736	0.108653	-0.351831	0.088108	-0.993363	-0.073942
17061		-0.380628	0.038321	-0.923934	0.924509	0.037516	-0.379309	0.020127	-0.998561	-0.049708
17062		-0.404416	0.036926	-0.913829	0.913016	-0.042020	-0.405754	-0.053382	-0.998434	-0.016721
17063		-0.424077	0.038045	-0.904827	0.898502	-0.107398	-0.425628	-0.113370	-0.993488	0.011362
17064		-0.450175	0.031452	-0.892386	0.878167	-0.165446	-0.448833	-0.161759	-0.985717	0.046859
17065		-0.475686	0.030305	-0.879093	0.862879	-0.177953	-0.473046	-0.170773	-0.983572	0.058500
17066		-0.500433	0.008492	-0.865734	0.850593	-0.181623	-0.493462	-0.161428	-0.983332	0.083667
17067		-0.521032	-0.020899	-0.853281	0.833173	-0.229522	-0.503132	-0.185332	-0.973079	0.137000
17068		-0.537818	-0.048640	-0.841656	0.814313	-0.288451	-0.503676	-0.218277	-0.956258	0.194743
17069		-0.550244	-0.056560	-0.833086	0.802155	-0.312892	-0.508572	-0.231901	-0.948103	0.217537
17070		-0.558365	-0.045099	-0.828369	0.797799	-0.302985	-0.521264	-0.227474	-0.951928	0.205156
17071		-0.565647	-0.035153	-0.823898	0.798083	-0.274877	-0.536196	-0.207622	-0.960837	0.183538
17072		-0.571949	-0.031284	-0.819693	0.800758	-0.238058	-0.549651	-0.177939	-0.970747	0.161208
17073		-0.575846	-0.027427	-0.817098	0.803476	-0.203688	-0.559408	-0.151090	-0.978651	0.139330
17074		-0.577765	-0.022883	-0.815882	0.806634	-0.168624	-0.566486	-0.124614	-0.985415	0.115884
17075		-0.576675	-0.015864	-0.816820	0.810875	-0.133048	-0.569894	-0.099635	-0.990983	0.089589
17076		-0.571846	-0.011554	-0.820279	0.816345	-0.106832	-0.567599	-0.081074	-0.994210	0.070524
17077		-0.562503	-0.008419	-0.826752	0.823869	-0.089766	-0.559627	-0.069502	-0.995927	0.057430
