// Start Time: Unknown
// Update Rate: 100.0Hz
// Filter Profile: human (46.1)
// Option Flags: AHS Disabled ICC Disabled 
// Firmware Version: 4.0.2
PacketCounter	SampleTimeFine	Mat[1][1]	Mat[2][1]	Mat[3][1]	Mat[1][2]	Mat[2][2]	Mat[3][2]	Mat[1][3]	Mat[2][3]	Mat[3][3]
48935		-0.023517	0.047201	-0.998609	-0.545012	0.836790	0.052388	0.838099	0.545485	0.006046
48936		-0.023348	0.047321	-0.998607	-0.544825	0.836911	0.052397	0.838225	0.545289	0.006241
48937		-0.023266	0.047402	-0.998605	-0.544617	0.837045	0.052422	0.838362	0.545077	0.006341
48938		-0.023180	0.047554	-0.998600	-0.544371	0.837200	0.052505	0.838524	0.544826	0.006481
48939		-0.023126	0.047674	-0.998595	-0.544130	0.837352	0.052577	0.838682	0.544581	0.006576
48940		-0.022955	0.047974	-0.998585	-0.544001	0.837426	0.052737	0.838771	0.544442	0.006875
48941		-0.022889	0.048215	-0.998575	-0.543844	0.837517	0.052904	0.838874	0.544280	0.007051
48942		-0.022877	0.048378	-0.998567	-0.543811	0.837530	0.053034	0.838896	0.544245	0.007148
48943		-0.022841	0.048554	-0.998559	-0.543781	0.837542	0.053163	0.838916	0.544212	0.007272
48944		-0.022794	0.048765	-0.998550	-0.543657	0.837612	0.053316	0.838998	0.544084	0.007419
48945		-0.022822	0.048929	-0.998541	-0.543508	0.837699	0.053470	0.839094	0.543935	0.007475
48946		-0.022813	0.049129	-0.998532	-0.543297	0.837826	0.053634	0.839231	0.543723	0.007578
48947		-0.022863	0.049263	-0.998524	-0.543177	0.837895	0.053775	0.839307	0.543604	0.007602
48948		-0.022831	0.049418	-0.998517	-0.543024	0.837986	0.053889	0.839407	0.543449	0.007703
48949		-0.022902	0.049523	-0.998510	-0.542933	0.838037	0.054016	0.839464	0.543361	0.007695
48950		-0.022815	0.049617	-0.998508	-0.542818	0.838109	0.054050	0.839540	0.543241	0.007812
48951		-0.022757	0.049707	-0.998505	-0.542821	0.838105	0.054094	0.839540	0.543240	0.007909
48952		-0.022677	0.049803	-0.998502	-0.542873	0.838068	0.054130	0.839508	0.543287	0.008032
48953		-0.022570	0.049897	-0.998499	-0.542922	0.838036	0.054150	0.839480	0.543329	0.008176
48954		-0.022375	0.049983	-0.998499	-0.543045	0.837958	0.054115	0.839405	0.543441	0.008394
48955		-0.022230	0.050019	-0.998501	-0.543226	0.837844	0.054065	0.839292	0.543614	0.008547
48956		-0.022028	0.050104	-0.998501	-0.543476	0.837684	0.054024	0.839135	0.543852	0.008778
48957		-0.021862	0.050142	-0.998503	-0.543964	0.837372	0.053961	0.838824	0.544329	0.008969
48958		-0.021564	0.050247	-0.998504	-0.544505	0.837025	0.053881	0.838481	0.544852	0.009310
48959		-0.021269	0.050249	-0.998510	-0.545003	0.836711	0.053716	0.838164	0.545334	0.009590
48960		-0.020965	0.050164	-0.998521	-0.545509	0.836397	0.053473	0.837842	0.545824	0.009829
48961		-0.020609	0.050104	-0.998531	-0.545987	0.836101	0.053222	0.837540	0.546282	0.010124
48962		-0.020291	0.050030	-0.998542	-0.546498	0.835783	0.052980	0.837215	0.546776	0.010383
48963		-0.019916	0.049984	-0.998551	-0.546977	0.835485	0.052731	0.836911	0.547235	0.010700
48964		-0.019410	0.049976	-0.998562	-0.547380	0.835239	0.052442	0.836659	0.547611	0.011143
48965		-0.018986	0.049953	-0.998571	-0.547931	0.834895	0.052183	0.836308	0.548138	0.011519
48966		-0.018518	0.049866	-0.998584	-0.548517	0.834531	0.051846	0.835935	0.548700	0.011898
48967		-0.018062	0.049726	-0.998600	-0.549157	0.834133	0.051469	0.835524	0.549317	0.012241
48968		-0.017556	0.049660	-0.998612	-0.549817	0.833719	0.051126	0.835101	0.549951	0.012667
48969		-0.017099	0.049569	-0.998624	-0.550586	0.833232	0.050787	0.834603	0.550697	0.013044
48970		-0.016682	0.049487	-0.998635	-0.551332	0.832757	0.050477	0.834119	0.551422	0.013392
48971		-0.016191	0.049405	-0.998648	-0.552078	0.832284	0.050125	0.833635	0.552143	0.013800
48972		-0.015623	0.049385	-0.998658	-0.552848	0.831794	0.049782	0.833136	0.552884	0.014307
48973		-0.014973	0.049353	-0.998669	-0.553561	0.831343	0.049384	0.832674	0.553563	0.014872
48974		-0.014298	0.049372	-0.998678	-0.554221	0.830926	0.049013	0.832247	0.554189	0.015483
48975		-0.013641	0.049355	-0.998688	-0.554810	0.830555	0.048624	0.831865	0.554745	0.016053
48976		-0.013048	0.049369	-0.998695	-0.555400	0.830180	0.048295	0.831481	0.555305	0.016587
48977		-0.012406	0.049375	-0.998703	-0.555982	0.829811	0.047931	0.831102	0.555856	0.017157
48978		-0.011786	0.049401	-0.998709	-0.556582	0.829428	0.047596	0.830709	0.556424	0.017720
48979		-0.011117	0.049449	-0.998715	-0.557048	0.829135	0.047254	0.830406	0.556858	0.018328
48980		-0.010527	0.049520	-0.998718	-0.557585	0.828790	0.046972	0.830053	0.557365	0.018887
48981		-0.009895	0.049671	-0.998717	-0.557993	0.828529	0.046735	0.829787	0.557739	0.019518
48982		-0.009287	0.049828	-0.998715	-0.558167	0.828423	0.046522	0.829677	0.557882	0.020118
48983		-0.008809	0.050049	-0.998708	-0.558094	0.828477	0.046441	0.829731	0.557782	0.020634
48984		-0.008645	0.050160	-0.998704	-0.557242	0.829049	0.046462	0.830305	0.556921	0.020784
48985		-0.008462	0.050221	-0.998702	-0.556298	0.829684	0.046435	0.830939	0.555969	0.020917
48986		-0.008212	0.050351	-0.998698	-0.556031	0.829865	0.046411	0.831121	0.555688	0.021182
48987		-0.007968	0.050585	-0.998688	-0.555980	0.829895	0.046471	0.831157	0.555621	0.021512
48988		-0.007723	0.050975	-0.998670	-0.555990	0.829879	0.046659	0.831153	0.555611	0.021932
48989		-0.007513	0.051413	-0.998649	-0.556067	0.829813	0.046904	0.831104	0.555668	0.022355
48990		-0.007288	0.051961	-0.998622	-0.556443	0.829543	0.047225	0.830854	0.556021	0.022868
48991		-0.007070	0.052490	-0.998596	-0.556919	0.829206	0.047529	0.830537	0.556473	0.023370
48992		-0.006843	0.053102	-0.998566	-0.557342	0.828900	0.047899	0.830255	0.556870	0.023924
48993		-0.006669	0.053638	-0.998538	-0.557686	0.828649	0.048237	0.830025	0.557192	0.024387
48994		-0.006627	0.054152	-0.998511	-0.558036	0.828391	0.048630	0.829790	0.557527	0.024729
48995		-0.006553	0.054677	-0.998483	-0.558325	0.828173	0.049016	0.829596	0.557799	0.025100
48996		-0.006426	0.055201	-0.998455	-0.558571	0.827986	0.049371	0.829432	0.558025	0.025513
48997		-0.006331	0.055677	-0.998429	-0.558981	0.827690	0.049701	0.829157	0.558417	0.025882
48998		-0.006149	0.056252	-0.998398	-0.559578	0.827264	0.050056	0.828755	0.558990	0.026390
48999		-0.005828	0.056752	-0.998371	-0.560182	0.826842	0.050271	0.828349	0.559563	0.026973
49000		-0.005450	0.057263	-0.998344	-0.560754	0.826443	0.050464	0.827964	0.560101	0.027606
49001		-0.005074	0.057793	-0.998316	-0.561322	0.826045	0.050673	0.827582	0.560634	0.028249
49002		-0.004678	0.058319	-0.998287	-0.561857	0.825669	0.050868	0.827221	0.561132	0.028904
49003		-0.004318	0.058851	-0.998257	-0.562393	0.825291	0.051087	0.826859	0.561633	0.029534
49004		-0.004018	0.059361	-0.998228	-0.563186	0.824736	0.051311	0.826320	0.562394	0.030117
49005		-0.003688	0.059837	-0.998201	-0.564120	0.824086	0.051484	0.825684	0.563295	0.030716
49006		-0.003284	0.060266	-0.998177	-0.565197	0.823342	0.051570	0.824949	0.564336	0.031358
49007		-0.002916	0.060758	-0.998148	-0.566346	0.822543	0.051724	0.824163	0.565448	0.032012
49008		-0.002579	0.061269	-0.998118	-0.567422	0.821789	0.051911	0.823423	0.566488	0.032646
49009		-0.002263	0.061780	-0.998087	-0.568607	0.820957	0.052106	0.822606	0.567637	0.033271
49010		-0.001967	0.062375	-0.998051	-0.569821	0.820098	0.052376	0.821766	0.568813	0.033929
49011		-0.001669	0.062933	-0.998016	-0.571046	0.819230	0.052614	0.820916	0.570001	0.034571
49012		-0.001517	0.063392	-0.997988	-0.572233	0.818386	0.052853	0.820090	0.571162	0.035033
49013		-0.001299	0.063749	-0.997965	-0.573032	0.817818	0.052988	0.819532	0.571935	0.035468
49014		-0.001044	0.064147	-0.997940	-0.573482	0.817492	0.053148	0.819217	0.572356	0.035934
49015		-0.000840	0.064620	-0.997910	-0.573595	0.817396	0.053414	0.819139	0.572440	0.036379
49016		-0.000589	0.065173	-0.997874	-0.573456	0.817472	0.053729	0.819236	0.572269	0.036893
49017		-0.000406	0.065965	-0.997822	-0.573347	0.817513	0.054278	0.819312	0.572120	0.037489
49018		-0.000305	0.066887	-0.997760	-0.573458	0.817388	0.054971	0.819235	0.572191	0.038108
49019		-0.000107	0.067897	-0.997692	-0.573976	0.816978	0.055660	0.818872	0.572657	0.038883
49020		0.000058	0.069082	-0.997611	-0.574717	0.816399	0.056500	0.818352	0.573341	0.039750
49021		0.000231	0.070404	-0.997519	-0.575532	0.815760	0.057442	0.817779	0.574090	0.040708
49022		0.000298	0.071852	-0.997415	-0.576539	0.814970	0.058537	0.817069	0.575032	0.041669
49023		0.000277	0.073512	-0.997294	-0.577663	0.814079	0.059847	0.816275	0.576083	0.042690
49024		0.000034	0.075386	-0.997154	-0.578941	0.813051	0.061448	0.815369	0.577292	0.043672
49025		-0.000228	0.077431	-0.996998	-0.579848	0.812269	0.063216	0.814725	0.578121	0.044713
49026		-0.000464	0.079706	-0.996818	-0.580570	0.811598	0.065167	0.814210	0.578753	0.045898
49027		-0.000681	0.082287	-0.996608	-0.581209	0.810962	0.067356	0.813754	0.579284	0.047274
49028		-0.001174	0.084913	-0.996388	-0.581796	0.810339	0.069744	0.813334	0.579776	0.048451
49029		-0.001777	0.087747	-0.996141	-0.582019	0.809947	0.072384	0.813173	0.579902	0.049631
49030		-0.002612	0.090801	-0.995866	-0.582307	0.809471	0.075333	0.812965	0.580096	0.050760
49031		-0.003757	0.094248	-0.995542	-0.582583	0.808944	0.078781	0.812763	0.580282	0.051868
49032		-0.005495	0.098104	-0.995161	-0.582850	0.808339	0.082905	0.812561	0.580485	0.052738
49033		-0.007918	0.102264	-0.994726	-0.582997	0.807729	0.087681	0.812436	0.580616	0.053224
49034		-0.010998	0.106686	-0.994232	-0.582600	0.807411	0.093084	0.812685	0.580263	0.053275
49035		-0.014965	0.111322	-0.993672	-0.581931	0.807166	0.099192	0.813100	0.579733	0.052703
49036		-0.019813	0.116104	-0.993039	-0.581243	0.806806	0.105927	0.813489	0.579296	0.051500
49037		-0.025319	0.121477	-0.992271	-0.580431	0.806356	0.113528	0.813915	0.578820	0.050093
49038		-0.031723	0.127232	-0.991366	-0.579440	0.805838	0.121963	0.814397	0.578306	0.048159
49039		-0.038925	0.133947	-0.990224	-0.578328	0.805113	0.131641	0.814875	0.577798	0.046126
49040		-0.046600	0.141697	-0.988813	-0.577741	0.803703	0.142399	0.814889	0.577913	0.044411
49041		-0.055222	0.150135	-0.987122	-0.577767	0.801498	0.154225	0.814331	0.578843	0.042483
49042		-0.063990	0.159167	-0.985176	-0.577592	0.799139	0.166626	0.813814	0.579692	0.040797
49043		-0.072958	0.168988	-0.982914	-0.577862	0.796091	0.179761	0.812867	0.581104	0.039570
49044		-0.081729	0.179133	-0.980424	-0.578914	0.792217	0.193004	0.811282	0.583355	0.038955
49045		-0.090257	0.189231	-0.977776	-0.580272	0.787926	0.206053	0.809406	0.585974	0.038689
49046		-0.098701	0.198575	-0.975103	-0.581076	0.783978	0.218471	0.807842	0.588172	0.038008
49047		-0.107780	0.207369	-0.972307	-0.581442	0.780152	0.230840	0.806417	0.590220	0.036488
49048		-0.117475	0.214923	-0.969540	-0.581936	0.776213	0.242578	0.804705	0.592707	0.033886
49049		-0.128053	0.221398	-0.966740	-0.583464	0.771413	0.253950	0.801980	0.596577	0.030396
49050		-0.138136	0.226459	-0.964176	-0.585807	0.766279	0.263906	0.798592	0.601276	0.026811
49051		-0.148170	0.230345	-0.961762	-0.588279	0.761203	0.272942	0.794967	0.606227	0.022720
49052		-0.156705	0.232516	-0.959885	-0.590796	0.756764	0.279764	0.791456	0.610937	0.018781
49053		-0.164042	0.233893	-0.958324	-0.593348	0.752700	0.285275	0.788054	0.615416	0.015305
49054		-0.169350	0.233589	-0.957474	-0.595760	0.749650	0.288261	0.785105	0.619242	0.012210
49055		-0.173672	0.232325	-0.957007	-0.597603	0.747539	0.289924	0.782757	0.622262	0.009012
49056		-0.176060	0.228895	-0.957397	-0.599041	0.746854	0.288719	0.781123	0.624352	0.005627
49057		-0.177239	0.224391	-0.958246	-0.600396	0.746837	0.285936	0.779814	0.626006	0.002355
49058		-0.176194	0.217556	-0.960013	-0.601160	0.748487	0.279953	0.779463	0.626447	-0.001093
49059		-0.173819	0.209494	-0.962237	-0.601241	0.751286	0.272175	0.779934	0.625845	-0.004632
49060		-0.169388	0.199447	-0.965157	-0.600713	0.755473	0.261543	0.781314	0.624084	-0.008158
49061		-0.163037	0.188211	-0.968502	-0.599610	0.760649	0.248757	0.783509	0.621280	-0.011160
49062		-0.154764	0.175639	-0.972213	-0.597993	0.766674	0.233700	0.786418	0.617545	-0.013623
49063		-0.144811	0.162178	-0.976078	-0.595848	0.773259	0.216879	0.789934	0.613000	-0.015343
49064		-0.133282	0.147604	-0.980025	-0.593539	0.780018	0.198201	0.793692	0.608100	-0.016354
49065		-0.120142	0.132353	-0.983895	-0.591092	0.786717	0.178007	0.797606	0.602958	-0.016285
49066		-0.105513	0.116346	-0.987588	-0.588759	0.793047	0.156330	0.801392	0.597946	-0.015177
49067		-0.089553	0.099847	-0.990965	-0.586220	0.799078	0.133489	0.805187	0.592878	-0.013028
49068		-0.072308	0.082525	-0.993962	-0.583630	0.804635	0.109264	0.808794	0.588007	-0.010017
49069		-0.053989	0.064601	-0.996450	-0.580360	0.810021	0.083959	0.812569	0.582832	-0.006241
49070		-0.034909	0.045928	-0.998335	-0.577052	0.814670	0.057657	0.815961	0.578104	-0.001936
49071		-0.015128	0.027252	-0.999514	-0.573784	0.818419	0.030999	0.818867	0.573975	0.003256
49072		0.004759	0.008339	-0.999954	-0.570781	0.821092	0.004131	0.821088	0.570735	0.008667
49073		0.024302	-0.010425	-0.999650	-0.567809	0.822856	-0.022384	0.822802	0.568154	0.014078
49074		0.043194	-0.029361	-0.998635	-0.564371	0.824087	-0.048640	0.824391	0.565701	0.019025
49075		0.061372	-0.047911	-0.996964	-0.560944	0.824526	-0.074155	0.825576	0.563793	0.023727
49076		0.078921	-0.066016	-0.994693	-0.558041	0.823892	-0.098957	0.826052	0.562889	0.028183
49077		0.095740	-0.083468	-0.991901	-0.555195	0.822604	-0.122810	0.826192	0.562456	0.032415
49078		0.111776	-0.100601	-0.988628	-0.552405	0.820696	-0.145969	0.826048	0.562439	0.036161
49079		0.127279	-0.117117	-0.984928	-0.549372	0.818450	-0.168315	0.825827	0.562515	0.039831
49080		0.142403	-0.133212	-0.980804	-0.546532	0.815571	-0.190122	0.825242	0.563115	0.043336
49081		0.156925	-0.148757	-0.976343	-0.543727	0.812266	-0.211149	0.824461	0.563999	0.046582
49082		0.170950	-0.163829	-0.971564	-0.541212	0.808381	-0.231540	0.823326	0.565403	0.049527
49083		0.184169	-0.178225	-0.966601	-0.538572	0.804349	-0.250924	0.822206	0.566797	0.052149
49084		0.196381	-0.192190	-0.961508	-0.535905	0.800146	-0.269392	0.821121	0.568180	0.054138
49085		0.207559	-0.205298	-0.956437	-0.533157	0.796005	-0.286563	0.820160	0.569410	0.055762
49087		0.225907	-0.228330	-0.947012	-0.527630	0.788519	-0.315981	0.818885	0.571055	0.057658
49088		0.233008	-0.237357	-0.943064	-0.525838	0.785009	-0.327498	0.818047	0.572209	0.058102
49089		0.238744	-0.244780	-0.939726	-0.524497	0.781911	-0.336925	0.817254	0.573322	0.058290
49090		0.242963	-0.250734	-0.937071	-0.523130	0.779635	-0.344245	0.816887	0.573848	0.058256
49091		0.246061	-0.255602	-0.934945	-0.522413	0.777525	-0.350055	0.816418	0.574563	0.057789
49092		0.248350	-0.259224	-0.933341	-0.523019	0.775123	-0.354449	0.815336	0.576183	0.056923
49093		0.249856	-0.261805	-0.932218	-0.524964	0.772352	-0.357611	0.813625	0.578731	0.055538
49094		0.250409	-0.263463	-0.931602	-0.527048	0.770075	-0.359450	0.812105	0.581009	0.053976
49095		0.249762	-0.264445	-0.931498	-0.529459	0.768146	-0.360035	0.810736	0.583113	0.051841
49096		0.248024	-0.264468	-0.931955	-0.531847	0.766900	-0.359171	0.809705	0.584741	0.049553
49097		0.245404	-0.263435	-0.932941	-0.534570	0.766054	-0.356927	0.808710	0.586314	0.047168
49098		0.241721	-0.261432	-0.934465	-0.537009	0.766062	-0.353228	0.808203	0.587198	0.044782
49099		0.237055	-0.258516	-0.936469	-0.538721	0.767182	-0.348154	0.808446	0.587027	0.042597
49100		0.231298	-0.254538	-0.938995	-0.539693	0.769475	-0.341525	0.809464	0.585764	0.040606
49101		0.224631	-0.249688	-0.941911	-0.539746	0.772904	-0.333607	0.811305	0.583331	0.038850
49102		0.216921	-0.244355	-0.945111	-0.538940	0.777265	-0.324657	0.813934	0.579784	0.036912
49103		0.208491	-0.238349	-0.948536	-0.536790	0.782829	-0.314698	0.817550	0.574777	0.035270
49104		0.199356	-0.231885	-0.952096	-0.534256	0.788778	-0.303975	0.821479	0.569262	0.033362
49105		0.190303	-0.225415	-0.955496	-0.531801	0.794443	-0.293338	0.825210	0.563957	0.031309
49106		0.181464	-0.219652	-0.958553	-0.528713	0.800081	-0.283429	0.829176	0.558232	0.029052
49107		0.172662	-0.215507	-0.961116	-0.527611	0.803741	-0.275003	0.831754	0.554578	0.025072
49108		0.164840	-0.212791	-0.963093	-0.526597	0.806648	-0.268355	0.833980	0.551398	0.020913
49109		0.158552	-0.210568	-0.964636	-0.523514	0.810425	-0.262953	0.837135	0.546692	0.018259
49110		0.153113	-0.208099	-0.966049	-0.515891	0.816959	-0.257749	0.842860	0.537841	0.017731
49111		0.147225	-0.205236	-0.967576	-0.505291	0.825349	-0.251952	0.850297	0.526001	0.017808
49112		0.139802	-0.201964	-0.969364	-0.494291	0.834041	-0.245056	0.857981	0.513407	0.016771
49113		0.131577	-0.197891	-0.971353	-0.480745	0.844195	-0.237106	0.866932	0.498171	0.015941
49114		0.123315	-0.192798	-0.973459	-0.465288	0.855206	-0.228319	0.876528	0.481094	0.015753
49115		0.115117	-0.186901	-0.975611	-0.450087	0.865724	-0.218958	0.885533	0.464316	0.015537
49116		0.106292	-0.180532	-0.977809	-0.436322	0.875178	-0.209013	0.893490	0.448856	0.014254
49117		0.096696	-0.174104	-0.979968	-0.425150	0.883014	-0.198830	0.899943	0.435860	0.011364
49118		0.087002	-0.167720	-0.981988	-0.417569	0.888814	-0.188802	0.904470	0.426474	0.007294
49119		0.077754	-0.161458	-0.983812	-0.413646	0.892631	-0.179186	0.907112	0.420882	0.002620
49120		0.068571	-0.155550	-0.985445	-0.412482	0.894969	-0.169970	0.908381	0.418133	-0.002793
49121		0.059605	-0.150098	-0.986873	-0.413437	0.896138	-0.161268	0.908580	0.417622	-0.008642
49123		0.042002	-0.140560	-0.989181	-0.418398	0.896587	-0.145168	0.907292	0.419969	-0.021151
49124		0.033744	-0.135985	-0.990136	-0.422680	0.895798	-0.137433	0.905651	0.423148	-0.027251
49125		0.025497	-0.131238	-0.991023	-0.428395	0.894271	-0.129447	0.903232	0.427850	-0.033421
49126		0.016720	-0.126014	-0.991888	-0.433125	0.893205	-0.120778	0.901179	0.431630	-0.039646
49127		0.007028	-0.120502	-0.992688	-0.436125	0.892954	-0.111483	0.899859	0.433719	-0.046278
49128		-0.002529	-0.114164	-0.993459	-0.438299	0.893078	-0.101513	0.898826	0.435175	-0.052296
49129		-0.011535	-0.107274	-0.994163	-0.439584	0.893548	-0.091317	0.898128	0.435964	-0.057463
49130		-0.018991	-0.100018	-0.994804	-0.439296	0.894632	-0.081560	0.898142	0.435465	-0.060928
49131		-0.025682	-0.093261	-0.995310	-0.439149	0.895478	-0.072575	0.898047	0.435226	-0.063953
49132		-0.032418	-0.087546	-0.995633	-0.437260	0.897009	-0.064636	0.898751	0.433255	-0.067359
49133		-0.039338	-0.082712	-0.995797	-0.433590	0.899270	-0.057565	0.900251	0.429503	-0.071238
49134		-0.045531	-0.078071	-0.995908	-0.427365	0.902627	-0.051221	0.902932	0.423284	-0.074462
49135		-0.051137	-0.073736	-0.995966	-0.422718	0.905128	-0.045307	0.904817	0.418696	-0.077455
49136		-0.056680	-0.069800	-0.995949	-0.420332	0.906505	-0.039610	0.905598	0.416384	-0.080720
49137		-0.062141	-0.066705	-0.995836	-0.418344	0.907626	-0.034692	0.906160	0.414446	-0.084306
49138		-0.067033	-0.063576	-0.995723	-0.418076	0.907922	-0.029824	0.905935	0.414289	-0.087440
49139		-0.071602	-0.060869	-0.995574	-0.419618	0.907348	-0.025296	0.904872	0.415950	-0.090510
49140		-0.075580	-0.058137	-0.995444	-0.420274	0.907152	-0.021071	0.904244	0.416767	-0.092996
49141		-0.079404	-0.055490	-0.995297	-0.420409	0.907175	-0.017037	0.903853	0.417079	-0.095362
49142		-0.082728	-0.052813	-0.995172	-0.418622	0.908062	-0.013391	0.904385	0.415493	-0.097231
49143		-0.086228	-0.050611	-0.994989	-0.415856	0.909373	-0.010217	0.905333	0.412891	-0.099460
49144		-0.089899	-0.048558	-0.994766	-0.412834	0.910778	-0.007149	0.906359	0.410030	-0.101925
49145		-0.093786	-0.046612	-0.994501	-0.410600	0.911807	-0.004015	0.906980	0.407965	-0.104653
49146		-0.097477	-0.044393	-0.994247	-0.409488	0.912316	-0.000588	0.907093	0.407074	-0.107108
49148		-0.104427	-0.039386	-0.993752	-0.410751	0.911720	0.007028	0.905748	0.408919	-0.111386
49149		-0.107382	-0.036356	-0.993553	-0.412564	0.910859	0.011259	0.904578	0.411113	-0.112809
49150		-0.110643	-0.033290	-0.993303	-0.414421	0.909950	0.015665	0.903335	0.413379	-0.114476
49151		-0.113726	-0.029846	-0.993064	-0.415705	0.909273	0.020279	0.902361	0.415128	-0.115815
49152		-0.116991	-0.026285	-0.992785	-0.416780	0.908662	0.025056	0.901447	0.416704	-0.117260
49153		-0.120408	-0.022382	-0.992472	-0.417276	0.908280	0.030141	0.900768	0.417764	-0.118703
49154		-0.124013	-0.018206	-0.992114	-0.417497	0.907984	0.035524	0.900176	0.418610	-0.120203
49155		-0.127724	-0.013777	-0.991714	-0.417291	0.907842	0.041131	0.899753	0.419087	-0.121702
49156		-0.131673	-0.009306	-0.991250	-0.416802	0.907790	0.046844	0.899410	0.419323	-0.123410
49157		-0.135446	-0.004623	-0.990774	-0.416542	0.907587	0.052710	0.898970	0.419839	-0.124854
49158		-0.139070	0.000159	-0.990283	-0.416328	0.907323	0.058612	0.898516	0.420434	-0.126115
49159		-0.142646	0.004944	-0.989761	-0.416456	0.906861	0.064550	0.897896	0.421400	-0.127301
49160		-0.146044	0.009812	-0.989229	-0.417187	0.906076	0.070578	0.897010	0.423001	-0.128234
49161		-0.149502	0.014768	-0.988651	-0.418391	0.905015	0.076787	0.895878	0.425123	-0.129123
49162		-0.153041	0.019801	-0.988021	-0.419965	0.903722	0.083163	0.894543	0.427662	-0.129991
49163		-0.156667	0.024970	-0.987336	-0.421593	0.902336	0.089717	0.893149	0.430310	-0.130839
49164		-0.160817	0.030071	-0.986526	-0.422345	0.901303	0.096321	0.892055	0.432144	-0.132245
49165		-0.165078	0.035362	-0.985646	-0.422816	0.900330	0.103115	0.891053	0.433769	-0.133673
49166		-0.169470	0.040794	-0.984691	-0.422188	0.899817	0.109938	0.890526	0.434356	-0.135269
49167		-0.173898	0.046474	-0.983666	-0.421359	0.899318	0.116979	0.890065	0.434819	-0.136807
49168		-0.178419	0.052415	-0.982558	-0.420178	0.898895	0.124251	0.889729	0.435018	-0.138356
49169		-0.183037	0.058606	-0.981358	-0.419393	0.898177	0.131862	0.889161	0.435710	-0.139820
49170		-0.187525	0.065229	-0.980092	-0.419205	0.897046	0.139910	0.888314	0.437096	-0.140874
49171		-0.191975	0.072052	-0.978751	-0.419527	0.895561	0.148215	0.887211	0.439066	-0.141698
49172		-0.196441	0.079073	-0.977322	-0.420135	0.893819	0.156764	0.885944	0.441402	-0.142362
49173		-0.200707	0.086302	-0.975843	-0.421155	0.891764	0.165488	0.884503	0.444196	-0.142636
49174		-0.205266	0.093655	-0.974215	-0.422977	0.889160	0.174599	0.882585	0.447909	-0.142901
49175		-0.210021	0.101125	-0.972453	-0.425097	0.886255	0.183970	0.880445	0.452025	-0.143144
49176		-0.215132	0.108816	-0.970504	-0.426680	0.883431	0.193635	0.878443	0.455752	-0.143624
49177		-0.220113	0.116961	-0.968437	-0.428261	0.880404	0.203668	0.876437	0.459574	-0.143699
49178		-0.225250	0.125563	-0.966176	-0.429140	0.877500	0.214087	0.874701	0.462848	-0.143772
49179		-0.230677	0.134501	-0.963690	-0.429639	0.874545	0.224902	0.873040	0.465918	-0.143951
49180		-0.236301	0.143821	-0.960977	-0.429778	0.871517	0.236113	0.871466	0.468801	-0.144129
49181		-0.242368	0.153146	-0.958021	-0.429942	0.868251	0.247566	0.869717	0.471896	-0.144593
49182		-0.248443	0.162810	-0.954866	-0.430200	0.864672	0.259364	0.867873	0.475221	-0.144781
49183		-0.254686	0.172626	-0.951491	-0.430029	0.861078	0.271329	0.866146	0.478273	-0.145070
49184		-0.261053	0.182705	-0.947877	-0.429586	0.857348	0.283567	0.864469	0.481221	-0.145326
49185		-0.267685	0.192781	-0.944023	-0.428699	0.853623	0.295881	0.862880	0.483904	-0.145857
49186		-0.274679	0.203015	-0.939860	-0.427282	0.849875	0.308453	0.861384	0.486311	-0.146698
49187		-0.281984	0.213307	-0.935406	-0.425639	0.845960	0.321221	0.859835	0.488725	-0.147756
49188		-0.289765	0.223841	-0.930554	-0.423311	0.842028	0.334361	0.858396	0.490800	-0.149236
49189		-0.298026	0.234439	-0.925321	-0.420975	0.837730	0.347834	0.856715	0.493201	-0.150972
49190		-0.307038	0.245300	-0.919541	-0.418524	0.832964	0.361951	0.854731	0.495982	-0.153088
49191		-0.316676	0.256178	-0.913285	-0.416448	0.827527	0.376524	0.852225	0.499572	-0.155373
49192		-0.327121	0.267357	-0.906373	-0.415049	0.821028	0.391978	0.848956	0.504413	-0.157609
49193		-0.338449	0.278249	-0.898905	-0.414861	0.813305	0.407953	0.844596	0.510992	-0.159827
49194		-0.350802	0.289160	-0.890688	-0.416189	0.803894	0.424901	0.838883	0.519751	-0.161663
49195		-0.364118	0.299609	-0.881846	-0.419947	0.792313	0.442588	0.831302	0.531483	-0.162675
49196		-0.377858	0.310332	-0.872306	-0.426763	0.777722	0.461544	0.821643	0.546665	-0.161430
49197		-0.391803	0.320793	-0.862312	-0.436525	0.760221	0.481155	0.809899	0.564939	-0.157823
49198		-0.406184	0.331346	-0.851601	-0.446552	0.741110	0.501346	0.797249	0.583923	-0.153064
49199		-0.421280	0.340930	-0.840410	-0.455332	0.721892	0.521099	0.784344	0.602194	-0.148883
49200		-0.437869	0.349419	-0.828358	-0.460046	0.704530	0.540366	0.772417	0.617692	-0.147743
49201		-0.456289	0.355435	-0.815761	-0.461329	0.689438	0.558436	0.760905	0.631142	-0.150611
49202		-0.475155	0.360379	-0.802717	-0.460560	0.675468	0.575871	0.749741	0.643327	-0.154976
49203		-0.493119	0.364569	-0.789888	-0.458680	0.662552	0.592147	0.739220	0.654305	-0.159496
49204		-0.509174	0.369381	-0.777367	-0.453370	0.652630	0.607066	0.731572	0.661537	-0.164836
49205		-0.522838	0.374852	-0.765589	-0.445136	0.645882	0.620234	0.726976	0.665073	-0.170832
49206		-0.533978	0.382160	-0.754202	-0.437009	0.638882	0.633130	0.723803	0.667671	-0.174142
49207		-0.542228	0.390817	-0.743808	-0.431558	0.630016	0.645629	0.720934	0.671075	-0.172952
49208		-0.548447	0.400941	-0.733793	-0.429098	0.618245	0.658520	0.717692	0.676032	-0.167032
49209		-0.553346	0.410090	-0.725006	-0.428607	0.606149	0.669985	0.714216	0.681476	-0.159643
49210		-0.556374	0.418306	-0.717961	-0.429925	0.594481	0.679527	0.711064	0.686741	-0.150913
49211		-0.556997	0.425081	-0.713485	-0.433703	0.583769	0.686379	0.708277	0.691751	-0.140798
49212		-0.555268	0.431016	-0.711268	-0.440391	0.573104	0.691092	0.705502	0.696978	-0.128410
49213		-0.551767	0.434635	-0.711791	-0.449293	0.564123	0.692749	0.702630	0.702038	-0.115987
49214		-0.546718	0.436360	-0.714626	-0.458603	0.558024	0.691587	0.700559	0.705832	-0.104965
49215		-0.540237	0.435335	-0.720158	-0.468254	0.555551	0.687097	0.699201	0.708412	-0.096282
49216		-0.531849	0.432806	-0.727885	-0.477966	0.556119	0.679912	0.699061	0.709514	-0.088905
49217		-0.521527	0.427976	-0.738137	-0.488513	0.559504	0.669560	0.699546	0.709783	-0.082724
49218		-0.509280	0.421681	-0.750213	-0.499135	0.565408	0.656642	0.701070	0.708871	-0.077475
49219		-0.495543	0.412974	-0.764127	-0.509686	0.574096	0.640807	0.703319	0.707012	-0.074001
49221		-0.462770	0.390314	-0.795926	-0.529112	0.598765	0.601266	0.711256	0.699382	-0.070571
49222		-0.443269	0.376028	-0.813705	-0.539692	0.612837	0.577203	0.715713	0.695006	-0.068712
49224		-0.397498	0.344172	-0.850612	-0.562930	0.640592	0.522256	0.724641	0.686431	-0.060889
49225		-0.372027	0.325558	-0.869257	-0.574530	0.654768	0.491115	0.729048	0.682123	-0.056549
49226		-0.345255	0.305560	-0.887374	-0.584054	0.670159	0.458004	0.734629	0.676402	-0.052912
49227		-0.317292	0.283562	-0.904941	-0.591564	0.686646	0.422575	0.741200	0.669410	-0.050122
49228		-0.288013	0.260302	-0.921570	-0.596593	0.704004	0.385299	0.749083	0.660774	-0.047468
49229		-0.257577	0.235054	-0.937232	-0.600051	0.721350	0.345822	0.757359	0.651463	-0.044758
49230		-0.226245	0.208555	-0.951482	-0.601961	0.738023	0.304902	0.765804	0.641738	-0.041432
49231		-0.194153	0.180017	-0.964312	-0.603359	0.753174	0.262081	0.773474	0.632711	-0.037616
49232		-0.161074	0.150773	-0.975358	-0.603714	0.766751	0.218225	0.780759	0.623988	-0.032480
49233		-0.126903	0.120583	-0.984558	-0.603562	0.778295	0.173117	0.787152	0.616211	-0.025989
49234		-0.092382	0.090039	-0.991644	-0.603781	0.786857	0.127693	0.791779	0.610532	-0.018328
49235		-0.058270	0.058935	-0.996560	-0.605450	0.791625	0.082217	0.793747	0.608158	-0.010446
49236		-0.024904	0.028168	-0.999293	-0.607094	0.793745	0.037504	0.794240	0.607598	-0.002667
49237		0.007546	-0.002964	-0.999967	-0.608884	0.793229	-0.006947	0.793223	0.608916	0.004181
49238		0.038821	-0.033922	-0.998670	-0.609328	0.791305	-0.050564	0.791968	0.610480	0.010050
49239		0.069313	-0.064763	-0.995491	-0.607861	0.788505	-0.093621	0.791013	0.611609	0.015287
49240		0.099077	-0.094696	-0.990564	-0.603841	0.785505	-0.135489	0.790923	0.611567	0.020644
49241		0.128235	-0.124054	-0.983954	-0.596506	0.782971	-0.176455	0.792298	0.609563	0.026405
49242		0.155795	-0.152604	-0.975930	-0.585784	0.781243	-0.215674	0.795352	0.605286	0.032321
49243		0.182063	-0.180253	-0.966624	-0.573239	0.779259	-0.253282	0.798906	0.600220	0.038546
49244		0.207775	-0.205391	-0.956370	-0.558428	0.777820	-0.288365	0.803111	0.593979	0.046915
49245		0.233195	-0.227741	-0.945386	-0.542063	0.776691	-0.320811	0.807334	0.587270	0.057670
49246		0.255266	-0.248171	-0.934479	-0.527646	0.774135	-0.349722	0.810203	0.582346	0.066664
49247		0.274308	-0.267046	-0.923819	-0.520287	0.766705	-0.376118	0.808737	0.583823	0.071373
49248		0.290526	-0.284357	-0.913639	-0.516473	0.757191	-0.399897	0.805513	0.588050	0.073121
49249		0.303345	-0.300488	-0.904261	-0.513181	0.748079	-0.420741	0.802886	0.591680	0.072721
49250		0.311571	-0.315364	-0.896364	-0.510865	0.739798	-0.437854	0.801212	0.594344	0.069391
49251		0.316619	-0.327780	-0.890119	-0.510232	0.732221	-0.451127	0.799634	0.597003	0.064591
49252		0.319167	-0.336885	-0.885799	-0.511214	0.725833	-0.460246	0.797993	0.599728	0.059442
49253		0.319761	-0.342680	-0.883359	-0.513485	0.720854	-0.465513	0.796295	0.602444	0.054540
49254		0.318271	-0.345326	-0.882867	-0.516771	0.717561	-0.466963	0.794765	0.604861	0.049924
49255		0.315150	-0.345107	-0.884071	-0.520937	0.715754	-0.465104	0.793288	0.607123	0.045791
49256		0.309830	-0.342204	-0.887075	-0.525526	0.715881	-0.459714	0.792356	0.608614	0.041964
49257		0.302287	-0.337067	-0.891633	-0.529933	0.718093	-0.451124	0.792334	0.608875	0.038447
49258		0.292905	-0.329409	-0.897606	-0.532733	0.723336	-0.439295	0.793979	0.606856	0.036382
49259		0.282141	-0.319445	-0.904627	-0.533371	0.731549	-0.424679	0.797441	0.602321	0.036017
49260		0.269926	-0.307507	-0.912458	-0.531060	0.742927	-0.407473	0.803191	0.594557	0.037230
49261		0.256398	-0.294266	-0.920689	-0.525938	0.756702	-0.388319	0.810956	0.583789	0.039251
49262		0.240893	-0.281148	-0.928938	-0.516829	0.772973	-0.367969	0.821497	0.568744	0.040898
49263		0.224445	-0.269210	-0.936563	-0.503245	0.790989	-0.347967	0.834487	0.549420	0.042055
49264		0.207778	-0.259348	-0.943169	-0.489208	0.807412	-0.329789	0.847056	0.529929	0.040887
49265		0.192578	-0.252346	-0.948280	-0.474111	0.822162	-0.315068	0.859146	0.510265	0.038691
49266		0.179763	-0.247928	-0.951954	-0.460337	0.834019	-0.304141	0.869353	0.492893	0.035796
49268		0.160770	-0.242214	-0.956810	-0.446806	0.846538	-0.289374	0.880067	0.474031	0.027875
49269		0.151074	-0.237874	-0.959475	-0.438295	0.853875	-0.280705	0.886044	0.462941	0.024740
49270		0.140836	-0.230682	-0.962783	-0.431521	0.860936	-0.269403	0.891041	0.453403	0.021707
49272		0.118824	-0.212924	-0.969817	-0.411245	0.878467	-0.243255	0.903747	0.427737	0.016819
49273		0.106605	-0.203352	-0.973285	-0.404764	0.885209	-0.229284	0.908186	0.418393	0.012058
49274		0.092461	-0.193952	-0.976644	-0.400150	0.890919	-0.214811	0.911774	0.410665	0.004765
49276		0.065467	-0.174295	-0.982515	-0.406109	0.894740	-0.185783	0.911477	0.411171	-0.012207
49277		0.053945	-0.164651	-0.984876	-0.408088	0.896548	-0.172236	0.911348	0.411207	-0.018828
49278		0.042929	-0.155911	-0.986838	-0.408604	0.898623	-0.159749	0.911702	0.410084	-0.025129
49279		0.033491	-0.147843	-0.988444	-0.410960	0.899484	-0.148461	0.911038	0.411183	-0.030633
49280		0.025005	-0.140634	-0.989746	-0.413858	0.899774	-0.138305	0.909998	0.413073	-0.035704
49284		-0.004776	-0.114673	-0.993392	-0.450525	0.887119	-0.100239	0.892751	0.447069	-0.055900
49285		-0.009191	-0.108192	-0.994088	-0.467535	0.879240	-0.091370	0.883927	0.463931	-0.058664
49286		-0.013677	-0.102144	-0.994676	-0.481195	0.872676	-0.082999	0.876507	0.477497	-0.061087
49287		-0.019044	-0.096941	-0.995108	-0.490753	0.868050	-0.075172	0.871091	0.486921	-0.064106
49288		-0.024264	-0.092386	-0.995428	-0.493075	0.867288	-0.068474	0.869649	0.489159	-0.066597
49289		-0.029888	-0.088075	-0.995665	-0.491128	0.868870	-0.062116	0.870575	0.487142	-0.069225
49290		-0.035363	-0.083678	-0.995865	-0.488186	0.870951	-0.055847	0.872023	0.484193	-0.071649
49292		-0.045130	-0.074996	-0.996162	-0.484605	0.873635	-0.043818	0.873568	0.480768	-0.075770
49293		-0.049896	-0.071326	-0.996204	-0.485397	0.873458	-0.038226	0.872869	0.481648	-0.078204
49294		-0.054527	-0.067678	-0.996216	-0.487825	0.872334	-0.032562	0.871237	0.484204	-0.080581
49295		-0.058989	-0.064102	-0.996198	-0.492428	0.869940	-0.026819	0.868352	0.488974	-0.082883
49296		-0.063029	-0.060116	-0.996199	-0.498954	0.866381	-0.020713	0.864333	0.495752	-0.084603
49297		-0.067130	-0.056323	-0.996153	-0.506262	0.862255	-0.014635	0.859763	0.503332	-0.086397
49298		-0.071291	-0.052490	-0.996073	-0.513170	0.858245	-0.008498	0.855321	0.510549	-0.088122
49299		-0.075383	-0.048731	-0.995963	-0.519045	0.854743	-0.002536	0.851416	0.516758	-0.089727
49300		-0.079798	-0.044718	-0.995807	-0.521777	0.853075	0.003503	0.849342	0.519869	-0.091407
49301		-0.084275	-0.040860	-0.995604	-0.523620	0.851900	0.009361	0.847773	0.522108	-0.093189
49302		-0.088612	-0.036687	-0.995390	-0.525766	0.850489	0.015458	0.846001	0.524713	-0.094652
49303		-0.092881	-0.032113	-0.995159	-0.526936	0.849626	0.021764	0.844814	0.526407	-0.095836
49304		-0.097287	-0.027203	-0.994885	-0.526525	0.849690	0.028255	0.844575	0.526581	-0.096987
49305		-0.101801	-0.022287	-0.994555	-0.525545	0.850056	0.034745	0.844653	0.526220	-0.098249
49306		-0.106528	-0.017200	-0.994161	-0.523961	0.850734	0.041426	0.845054	0.525314	-0.099639
49307		-0.111539	-0.012068	-0.993687	-0.522140	0.851493	0.048268	0.845535	0.524227	-0.101276
49308		-0.117134	-0.006893	-0.993092	-0.519425	0.852722	0.055347	0.846450	0.522320	-0.103463
49309		-0.122883	-0.001698	-0.992420	-0.515556	0.854583	0.062375	0.847999	0.519313	-0.105889
49311		-0.134916	0.009444	-0.990812	-0.510931	0.856100	0.077732	0.848968	0.516724	-0.110676
49312		-0.141061	0.015580	-0.989878	-0.508969	0.856477	0.086010	0.849148	0.515950	-0.112886
49313		-0.146986	0.022314	-0.988887	-0.506899	0.856790	0.094678	0.849381	0.515182	-0.114625
49314		-0.153149	0.029004	-0.987777	-0.504812	0.857010	0.103433	0.849536	0.514482	-0.116608
49315		-0.159439	0.035799	-0.986558	-0.501980	0.857565	0.112244	0.850056	0.513129	-0.118759
49316		-0.166189	0.042563	-0.985175	-0.497816	0.858790	0.121079	0.851212	0.510557	-0.121533
49317		-0.173069	0.049643	-0.983658	-0.492723	0.860404	0.130115	0.852802	0.507189	-0.124449
49318		-0.180101	0.057035	-0.981993	-0.488683	0.861213	0.139646	0.853670	0.505034	-0.127233
49319		-0.187238	0.064877	-0.980170	-0.485264	0.861454	0.149717	0.854085	0.503674	-0.129815
49320		-0.194287	0.073025	-0.978223	-0.482211	0.861307	0.160070	0.854240	0.502809	-0.132128
49321		-0.201461	0.081376	-0.976110	-0.478949	0.861098	0.170638	0.854413	0.501884	-0.134503
49322		-0.208694	0.089703	-0.973858	-0.475783	0.860688	0.181237	0.854446	0.501168	-0.136942
49323		-0.215983	0.098091	-0.971457	-0.473389	0.859663	0.192051	0.853964	0.501357	-0.139238
49326		-0.238489	0.124508	-0.963131	-0.467501	0.854553	0.226234	0.851215	0.504218	-0.145594
49327		-0.246001	0.134086	-0.959950	-0.465728	0.852215	0.238386	0.850048	0.505719	-0.147198
49328		-0.253529	0.143951	-0.956557	-0.463940	0.849616	0.250823	0.848812	0.507376	-0.148618
49329		-0.261178	0.154055	-0.952918	-0.461187	0.847310	0.263385	0.847993	0.508264	-0.150251
49330		-0.269056	0.164251	-0.949016	-0.457892	0.845055	0.276075	0.847316	0.508826	-0.152158
49332		-0.285706	0.184839	-0.940323	-0.450444	0.840171	0.302014	0.845856	0.509850	-0.156782
49333		-0.294416	0.195255	-0.935518	-0.446865	0.837173	0.315361	0.844767	0.510898	-0.159224
49334		-0.303379	0.205803	-0.930380	-0.442982	0.834008	0.328933	0.843640	0.511933	-0.161854
49335		-0.312624	0.216442	-0.924889	-0.438359	0.830933	0.342625	0.842679	0.512546	-0.164890
49336		-0.322184	0.227209	-0.919007	-0.433366	0.827683	0.356560	0.841660	0.513144	-0.168202
49337		-0.332096	0.238021	-0.912720	-0.428228	0.824124	0.370729	0.840436	0.513970	-0.171761
49338		-0.342362	0.248687	-0.906059	-0.423065	0.820243	0.384991	0.838931	0.515128	-0.175609
49339		-0.352741	0.259477	-0.899025	-0.418596	0.815526	0.399618	0.836869	0.517290	-0.179054
49340		-0.363412	0.270152	-0.891600	-0.415443	0.809616	0.414644	0.833870	0.521095	-0.181991
49341		-0.374636	0.280784	-0.883634	-0.413260	0.802567	0.430235	0.829978	0.526352	-0.184633
49342		-0.386125	0.291232	-0.875267	-0.414173	0.793098	0.446605	0.824238	0.534957	-0.185614
49343		-0.398141	0.301609	-0.866323	-0.417746	0.781176	0.463952	0.816683	0.546622	-0.185022
49344		-0.410358	0.311847	-0.856947	-0.423832	0.766833	0.482011	0.807448	0.560998	-0.182505
49345		-0.423096	0.322317	-0.846819	-0.430832	0.750617	0.500957	0.797103	0.576789	-0.178719
49346		-0.436843	0.332342	-0.835893	-0.436652	0.734080	0.520059	0.786450	0.592178	-0.175560
49347		-0.452056	0.342060	-0.823796	-0.439212	0.718472	0.539343	0.776362	0.605634	-0.174552
49348		-0.468314	0.350879	-0.810904	-0.439468	0.703690	0.558290	0.766518	0.617822	-0.175348
49349		-0.484818	0.359071	-0.797508	-0.438897	0.688835	0.576954	0.756519	0.629742	-0.176364
49350		-0.500284	0.366441	-0.784498	-0.438513	0.674018	0.594480	0.746607	0.641421	-0.176511
49351		-0.514058	0.373702	-0.772069	-0.437947	0.659591	0.610854	0.737527	0.652140	-0.175407
49352		-0.526413	0.379887	-0.760642	-0.436656	0.646839	0.625244	0.729535	0.661275	-0.174625
49353		-0.536946	0.386501	-0.749870	-0.433291	0.636328	0.638237	0.723842	0.667611	-0.174206
49354		-0.546005	0.392873	-0.739952	-0.430706	0.625936	0.650152	0.718590	0.673688	-0.172551
49355		-0.553340	0.400331	-0.730445	-0.430486	0.613294	0.662233	0.713090	0.680886	-0.167023
49356		-0.558822	0.408905	-0.721467	-0.431881	0.599194	0.674125	0.707952	0.688304	-0.158245
49358		-0.566980	0.425929	-0.705066	-0.438177	0.568847	0.695999	0.697521	0.703561	-0.135892
49359		-0.567438	0.433394	-0.700131	-0.443769	0.555267	0.703383	0.693601	0.709823	-0.122753
49360		-0.566073	0.439366	-0.697509	-0.453113	0.541011	0.708516	0.688658	0.717122	-0.107169
49362		-0.558269	0.444311	-0.700659	-0.474431	0.521847	0.708937	0.680625	0.728192	-0.080536
49363		-0.552197	0.443045	-0.706250	-0.485577	0.517696	0.704419	0.677712	0.731917	-0.070737
49364		-0.544793	0.438518	-0.714774	-0.496498	0.518233	0.696365	0.675788	0.734259	-0.064606
49365		-0.536171	0.431007	-0.725778	-0.505290	0.524866	0.684980	0.676168	0.733995	-0.063634
49366		-0.526129	0.420282	-0.739291	-0.511985	0.537588	0.669978	0.679014	0.731001	-0.067663
49367		-0.514202	0.407566	-0.754643	-0.516510	0.555275	0.651834	0.684700	0.724955	-0.075012
49368		-0.499827	0.393276	-0.771691	-0.519976	0.576292	0.630486	0.692674	0.716395	-0.083552
49369		-0.483045	0.378229	-0.789690	-0.523459	0.598231	0.606722	0.701896	0.706444	-0.090985
49370		-0.464071	0.361862	-0.808513	-0.529341	0.618557	0.580676	0.710237	0.697454	-0.095506
49371		-0.443276	0.344580	-0.827509	-0.537086	0.637007	0.552957	0.717667	0.689556	-0.097300
49372		-0.420343	0.325952	-0.846798	-0.547948	0.652677	0.523226	0.723232	0.683936	-0.095743
49373		-0.395221	0.306643	-0.865893	-0.560423	0.666387	0.491786	0.727823	0.679631	-0.091520
49374		-0.368056	0.286535	-0.884552	-0.573540	0.678819	0.458537	0.731838	0.676094	-0.085505
49375		-0.339328	0.265879	-0.902311	-0.586068	0.690544	0.423879	0.735786	0.672650	-0.078497
49376		-0.309402	0.243164	-0.919316	-0.597610	0.702270	0.386884	0.739684	0.669095	-0.071966
49377		-0.278410	0.218783	-0.935212	-0.607261	0.714292	0.347881	0.744125	0.664772	-0.066007
49378		-0.246139	0.192561	-0.949914	-0.615930	0.725649	0.306697	0.748362	0.660571	-0.060007
49379		-0.212776	0.165031	-0.963064	-0.622530	0.736796	0.263797	0.753116	0.655665	-0.054036
49380		-0.178547	0.135658	-0.974535	-0.626955	0.747658	0.218943	0.758320	0.650081	-0.048441
49381		-0.143698	0.105440	-0.983989	-0.629972	0.757076	0.173123	0.763208	0.644762	-0.042366
49382		-0.108425	0.074616	-0.991300	-0.632711	0.763951	0.126707	0.766760	0.640945	-0.035621
49383		-0.073093	0.044260	-0.996343	-0.633841	0.769245	0.080671	0.770002	0.637420	-0.028173
49385		-0.004166	-0.016962	-0.999847	-0.632435	0.774543	-0.010505	0.774603	0.632294	-0.013954
