// Start Time: Unknown
// Update Rate: 100.0Hz
// Filter Profile: human (46.1)
// Option Flags: AHS Disabled ICC Disabled 
// Firmware Version: 4.0.2
PacketCounter	SampleTimeFine	Mat[1][1]	Mat[2][1]	Mat[3][1]	Mat[1][2]	Mat[2][2]	Mat[3][2]	Mat[1][3]	Mat[2][3]	Mat[3][3]
10104		-0.121545	0.027675	-0.992200	0.739659	-0.664075	-0.109131	-0.661915	-0.747154	0.060244
10105		-0.121645	0.027755	-0.992186	0.739647	-0.664067	-0.109259	-0.661910	-0.747158	0.060251
10106		-0.121726	0.027859	-0.992173	0.739606	-0.664092	-0.109386	-0.661941	-0.747132	0.060232
10107		-0.121906	0.028021	-0.992146	0.739314	-0.664381	-0.109604	-0.662234	-0.746869	0.060276
10108		-0.121986	0.028101	-0.992134	0.739232	-0.664455	-0.109711	-0.662311	-0.746800	0.060281
10109		-0.122082	0.028110	-0.992122	0.739373	-0.664282	-0.109803	-0.662135	-0.746954	0.060313
10110		-0.122190	0.028147	-0.992107	0.739264	-0.664387	-0.109899	-0.662237	-0.746858	0.060374
10111		-0.122326	0.028246	-0.992088	0.738999	-0.664659	-0.110043	-0.662508	-0.746613	0.060432
10112		-0.122404	0.028293	-0.992077	0.738931	-0.664720	-0.110128	-0.662569	-0.746557	0.060457
10113		-0.122478	0.028354	-0.992066	0.738770	-0.664885	-0.110210	-0.662735	-0.746407	0.060486
10114		-0.122507	0.028363	-0.992062	0.738690	-0.664971	-0.110230	-0.662819	-0.746331	0.060512
10115		-0.122568	0.028410	-0.992053	0.738443	-0.665237	-0.110286	-0.663083	-0.746092	0.060558
10116		-0.122533	0.028410	-0.992058	0.738461	-0.665220	-0.110261	-0.663069	-0.746107	0.060532
10117		-0.122517	0.028406	-0.992060	0.738546	-0.665127	-0.110254	-0.662977	-0.746190	0.060510
10118		-0.122501	0.028409	-0.992062	0.738439	-0.665249	-0.110233	-0.663100	-0.746080	0.060515
10119		-0.122547	0.028436	-0.992055	0.738226	-0.665480	-0.110267	-0.663328	-0.745874	0.060560
10120		-0.122529	0.028445	-0.992057	0.738175	-0.665539	-0.110255	-0.663389	-0.745821	0.060550
10121		-0.122548	0.028471	-0.992054	0.738172	-0.665536	-0.110287	-0.663388	-0.745822	0.060543
10122		-0.122526	0.028485	-0.992056	0.738288	-0.665407	-0.110290	-0.663263	-0.745937	0.060500
10123		-0.122545	0.028553	-0.992052	0.738342	-0.665337	-0.110354	-0.663200	-0.745997	0.060452
10124		-0.122557	0.028631	-0.992048	0.738512	-0.665136	-0.110431	-0.663009	-0.746173	0.060373
10125		-0.122576	0.028691	-0.992044	0.738538	-0.665097	-0.110488	-0.662975	-0.746206	0.060335
10126		-0.122586	0.028719	-0.992042	0.738640	-0.664978	-0.110524	-0.662861	-0.746310	0.060304
10127		-0.122671	0.028788	-0.992030	0.738538	-0.665074	-0.110625	-0.662958	-0.746223	0.060324
10128		-0.122702	0.028858	-0.992024	0.738554	-0.665044	-0.110697	-0.662934	-0.746246	0.060289
10129		-0.122739	0.028857	-0.992019	0.738755	-0.664814	-0.110743	-0.662704	-0.746452	0.060280
10130		-0.122797	0.028898	-0.992011	0.738841	-0.664705	-0.110821	-0.662597	-0.746547	0.060272
10131		-0.122899	0.028937	-0.991997	0.738906	-0.664614	-0.110931	-0.662505	-0.746626	0.060299
10132		-0.122929	0.028992	-0.991992	0.738922	-0.664586	-0.110992	-0.662482	-0.746649	0.060275
10133		-0.122957	0.029031	-0.991987	0.739092	-0.664387	-0.111054	-0.662287	-0.746825	0.060234
10134		-0.123001	0.029072	-0.991981	0.739095	-0.664374	-0.111115	-0.662276	-0.746835	0.060232
10135		-0.123078	0.029159	-0.991969	0.738956	-0.664511	-0.111219	-0.662417	-0.746710	0.060239
10136		-0.123125	0.029210	-0.991961	0.738888	-0.664576	-0.111282	-0.662484	-0.746650	0.060243
10137		-0.123190	0.029273	-0.991951	0.738805	-0.664654	-0.111366	-0.662564	-0.746578	0.060252
10138		-0.123225	0.029355	-0.991944	0.738736	-0.664718	-0.111442	-0.662635	-0.746517	0.060224
10139		-0.123285	0.029421	-0.991935	0.738565	-0.664896	-0.111515	-0.662814	-0.746357	0.060242
10140		-0.123361	0.029463	-0.991924	0.738539	-0.664911	-0.111598	-0.662829	-0.746341	0.060265
10141		-0.123314	0.029448	-0.991931	0.738938	-0.664469	-0.111589	-0.662393	-0.746736	0.060178
10142		-0.123341	0.029501	-0.991926	0.739066	-0.664315	-0.111657	-0.662245	-0.746871	0.060135
10143		-0.123350	0.029500	-0.991925	0.739345	-0.663999	-0.111688	-0.661932	-0.747151	0.060094
10144		-0.123375	0.029524	-0.991921	0.739461	-0.663863	-0.111734	-0.661798	-0.747271	0.060072
10145		-0.123451	0.029580	-0.991910	0.739355	-0.663966	-0.111819	-0.661902	-0.747178	0.060097
10146		-0.123459	0.029578	-0.991909	0.739457	-0.663850	-0.111833	-0.661786	-0.747281	0.060087
10147		-0.123425	0.029538	-0.991914	0.739674	-0.663614	-0.111800	-0.661551	-0.747492	0.060058
10148		-0.123433	0.029516	-0.991914	0.739706	-0.663578	-0.111795	-0.661512	-0.747524	0.060074
10149		-0.123474	0.029483	-0.991910	0.739624	-0.663670	-0.111796	-0.661597	-0.747444	0.060139
10150		-0.123470	0.029461	-0.991911	0.739573	-0.663731	-0.111773	-0.661655	-0.747391	0.060162
10151		-0.123509	0.029561	-0.991903	0.739204	-0.664131	-0.111836	-0.662060	-0.747031	0.060175
10152		-0.123448	0.029590	-0.991910	0.739151	-0.664195	-0.111804	-0.662130	-0.746974	0.060122
10153		-0.123434	0.029597	-0.991911	0.739077	-0.664280	-0.111792	-0.662216	-0.746898	0.060120
10154		-0.123400	0.029623	-0.991915	0.739122	-0.664230	-0.111788	-0.662171	-0.746941	0.060071
10155		-0.123344	0.029595	-0.991923	0.739348	-0.663985	-0.111747	-0.661929	-0.747160	0.060018
10156		-0.123309	0.029616	-0.991926	0.739422	-0.663904	-0.111742	-0.661853	-0.747231	0.059967
10157		-0.123406	0.029662	-0.991913	0.739395	-0.663917	-0.111843	-0.661865	-0.747218	0.060000
10158		-0.123369	0.029655	-0.991918	0.739456	-0.663854	-0.111817	-0.661804	-0.747274	0.059971
10159		-0.123449	0.029652	-0.991908	0.739449	-0.663852	-0.111874	-0.661798	-0.747276	0.060026
10160		-0.123473	0.029639	-0.991905	0.739509	-0.663783	-0.111889	-0.661726	-0.747338	0.060041
10161		-0.123493	0.029621	-0.991903	0.739601	-0.663678	-0.111901	-0.661619	-0.747432	0.060052
10162		-0.123490	0.029653	-0.991903	0.739688	-0.663576	-0.111927	-0.661522	-0.747521	0.060011
10163		-0.123545	0.029656	-0.991896	0.739791	-0.663453	-0.111980	-0.661397	-0.747630	0.060027
10164		-0.123539	0.029670	-0.991896	0.739893	-0.663337	-0.111995	-0.661284	-0.747732	0.059995
10165		-0.123602	0.029719	-0.991887	0.739827	-0.663397	-0.112069	-0.661346	-0.747677	0.060010
10166		-0.123614	0.029754	-0.991884	0.739886	-0.663326	-0.112107	-0.661278	-0.747739	0.059982
10167		-0.123623	0.029770	-0.991883	0.740056	-0.663130	-0.112140	-0.661086	-0.747912	0.059947
10168		-0.123605	0.029827	-0.991883	0.740184	-0.662981	-0.112176	-0.660946	-0.748042	0.059870
10169		-0.123657	0.029871	-0.991875	0.740252	-0.662893	-0.112250	-0.660860	-0.748118	0.059859
10170		-0.123679	0.029863	-0.991873	0.740381	-0.662744	-0.112274	-0.660711	-0.748250	0.059858
10171		-0.123679	0.029832	-0.991874	0.740611	-0.662488	-0.112274	-0.660454	-0.748478	0.059842
10172		-0.123690	0.029819	-0.991873	0.740587	-0.662515	-0.112271	-0.660479	-0.748455	0.059863
10173		-0.123683	0.029864	-0.991872	0.740598	-0.662498	-0.112296	-0.660467	-0.748468	0.059823
10174		-0.123651	0.029898	-0.991875	0.740587	-0.662511	-0.112295	-0.660485	-0.748456	0.059778
10175		-0.123610	0.029880	-0.991881	0.740670	-0.662424	-0.112259	-0.660400	-0.748533	0.059751
10176		-0.123623	0.029884	-0.991879	0.740632	-0.662465	-0.112268	-0.660441	-0.748496	0.059763
10177		-0.123673	0.029904	-0.991872	0.740537	-0.662565	-0.112311	-0.660538	-0.748408	0.059797
10178		-0.123656	0.029924	-0.991874	0.740512	-0.662592	-0.112309	-0.660569	-0.748382	0.059775
10179		-0.123638	0.029904	-0.991877	0.740607	-0.662490	-0.112291	-0.660466	-0.748474	0.059762
10180		-0.123521	0.029833	-0.991893	0.740642	-0.662472	-0.112158	-0.660448	-0.748492	0.059734
10181		-0.123477	0.029796	-0.991900	0.740556	-0.662580	-0.112092	-0.660553	-0.748398	0.059748
10182		-0.123331	0.029720	-0.991921	0.740549	-0.662615	-0.111929	-0.660588	-0.748371	0.059712
10183		-0.123232	0.029662	-0.991934	0.740317	-0.662898	-0.111795	-0.660867	-0.748122	0.059731
10184		-0.123007	0.029540	-0.991966	0.740257	-0.663008	-0.111538	-0.660976	-0.748029	0.059688
10185		-0.122754	0.029443	-0.992000	0.740105	-0.663223	-0.111268	-0.661193	-0.747843	0.059623
10186		-0.122456	0.029326	-0.992041	0.739961	-0.663436	-0.110951	-0.661409	-0.747658	0.059542
10187		-0.122219	0.029160	-0.992075	0.739869	-0.663589	-0.110653	-0.661556	-0.747529	0.059528
10188		-0.121994	0.028999	-0.992107	0.739669	-0.663860	-0.110358	-0.661821	-0.747294	0.059538
10189		-0.121793	0.028828	-0.992137	0.739562	-0.664026	-0.110081	-0.661978	-0.747154	0.059553
10190		-0.121609	0.028676	-0.992164	0.739573	-0.664054	-0.109842	-0.662000	-0.747135	0.059547
10191		-0.121438	0.028624	-0.992186	0.739454	-0.664215	-0.109667	-0.662164	-0.746994	0.059495
10192		-0.121137	0.028548	-0.992225	0.739533	-0.664171	-0.109396	-0.662131	-0.747035	0.059343
10193		-0.120883	0.028418	-0.992260	0.739597	-0.664145	-0.109123	-0.662106	-0.747063	0.059266
10194		-0.120689	0.028304	-0.992287	0.739564	-0.664219	-0.108897	-0.662178	-0.747002	0.059231
10195		-0.120482	0.028229	-0.992314	0.739404	-0.664433	-0.108677	-0.662394	-0.746814	0.059179
10196		-0.120343	0.028129	-0.992334	0.739046	-0.664864	-0.108472	-0.662818	-0.746434	0.059223
10197		-0.120115	0.027940	-0.992367	0.738722	-0.665277	-0.108145	-0.663221	-0.746073	0.059270
10198		-0.119967	0.027821	-0.992388	0.738084	-0.666026	-0.107897	-0.663958	-0.745410	0.059367
10199		-0.119791	0.027685	-0.992413	0.737408	-0.666820	-0.107613	-0.664740	-0.744704	0.059464
10200		-0.119494	0.027505	-0.992454	0.737068	-0.667257	-0.107237	-0.665171	-0.744320	0.059460
10201		-0.119103	0.027352	-0.992505	0.736598	-0.667846	-0.106798	-0.665762	-0.743797	0.059395
10202		-0.118608	0.026996	-0.992574	0.736334	-0.668237	-0.106163	-0.666141	-0.743458	0.059381
10203		-0.118109	0.026536	-0.992646	0.736167	-0.668532	-0.105464	-0.666414	-0.743210	0.059425
10204		-0.117652	0.025978	-0.992715	0.735698	-0.669168	-0.104703	-0.667013	-0.742657	0.059617
10205		-0.117186	0.025399	-0.992785	0.734940	-0.670126	-0.103895	-0.667930	-0.741812	0.059863
10206		-0.116807	0.024826	-0.992844	0.733890	-0.671394	-0.103130	-0.669150	-0.740685	0.060204
10207		-0.116561	0.024306	-0.992886	0.732739	-0.672748	-0.102490	-0.670453	-0.739473	0.060606
10208		-0.116605	0.023831	-0.992892	0.731596	-0.674050	-0.102097	-0.671693	-0.738301	0.061163
10209		-0.117034	0.023459	-0.992851	0.730440	-0.675309	-0.102058	-0.672875	-0.737162	0.061899
10210		-0.117906	0.023218	-0.992753	0.729183	-0.676610	-0.102427	-0.674085	-0.735975	0.062846
10211		-0.119475	0.023070	-0.992569	0.727470	-0.678314	-0.103331	-0.675657	-0.734410	0.064259
10212		-0.121627	0.023245	-0.992304	0.725575	-0.680106	-0.104866	-0.677309	-0.732745	0.065854
10213		-0.124764	0.024114	-0.991893	0.723238	-0.682172	-0.107555	-0.679235	-0.730794	0.067670
10214		-0.128986	0.025501	-0.991318	0.721097	-0.683816	-0.111417	-0.680721	-0.729208	0.069814
10215		-0.134457	0.027698	-0.990532	0.718226	-0.685958	-0.116675	-0.682695	-0.727114	0.072338
10216		-0.140429	0.030856	-0.989610	0.716520	-0.686622	-0.123085	-0.683285	-0.726360	0.074313
10217		-0.146877	0.034793	-0.988543	0.715152	-0.686692	-0.130426	-0.683362	-0.726115	0.075977
10218		-0.154008	0.040162	-0.987253	0.713320	-0.686872	-0.139218	-0.683708	-0.725668	0.077135
10219		-0.162861	0.046246	-0.985565	0.711108	-0.686951	-0.149742	-0.683960	-0.725231	0.078992
10220		-0.173669	0.053140	-0.983369	0.708359	-0.686958	-0.162223	-0.684154	-0.724752	0.081662
10221		-0.185416	0.061764	-0.980717	0.705282	-0.686583	-0.176581	-0.684250	-0.724423	0.083743
10222		-0.197824	0.072006	-0.977589	0.702426	-0.685200	-0.192612	-0.683713	-0.724787	0.084971
10223		-0.211129	0.084110	-0.973833	0.698586	-0.683856	-0.210519	-0.683668	-0.724752	0.085624
10224		-0.225704	0.098279	-0.969226	0.693278	-0.682755	-0.230675	-0.684414	-0.724008	0.085966
10225		-0.240459	0.114054	-0.963935	0.685413	-0.683224	-0.251820	-0.687305	-0.721246	0.086113
10226		-0.255809	0.130489	-0.957880	0.676329	-0.683832	-0.273775	-0.690754	-0.717876	0.086677
10227		-0.271867	0.147716	-0.950930	0.662320	-0.688162	-0.296253	-0.698155	-0.710362	0.089253
10228		-0.290197	0.163660	-0.942869	0.647635	-0.691773	-0.319405	-0.704525	-0.703325	0.094758
10229		-0.310281	0.178766	-0.933685	0.633205	-0.693710	-0.343245	-0.709068	-0.697717	0.102049
10230		-0.329988	0.191110	-0.924438	0.619755	-0.694820	-0.364869	-0.712047	-0.693327	0.110841
10231		-0.349780	0.200406	-0.915145	0.611462	-0.691249	-0.385084	-0.709767	-0.694271	0.119245
10232		-0.368639	0.210561	-0.905411	0.610488	-0.679676	-0.406626	-0.701006	-0.702641	0.122010
10233		-0.385258	0.223263	-0.895394	0.612955	-0.663411	-0.429153	-0.689828	-0.714170	0.118734
10234		-0.399238	0.238184	-0.885368	0.615067	-0.646553	-0.451289	-0.679928	-0.724732	0.111630
10235		-0.414105	0.250720	-0.875018	0.611651	-0.635278	-0.471493	-0.674092	-0.730453	0.109718
10236		-0.429452	0.261422	-0.864424	0.607302	-0.624836	-0.490677	-0.668398	-0.735689	0.109575
10237		-0.444031	0.270206	-0.854298	0.598264	-0.620369	-0.507171	-0.667021	-0.736296	0.113808
10238		-0.457535	0.277732	-0.844705	0.586227	-0.620063	-0.521401	-0.668580	-0.733748	0.120886
10239		-0.469158	0.284321	-0.836093	0.571942	-0.623551	-0.532979	-0.672884	-0.728248	0.129929
10240		-0.478997	0.288825	-0.828941	0.554943	-0.632042	-0.540889	-0.680147	-0.719099	0.142465
10241		-0.486377	0.290157	-0.824164	0.537908	-0.643878	-0.544129	-0.688544	-0.707976	0.157090
10242		-0.490222	0.288465	-0.822478	0.524109	-0.656419	-0.542609	-0.696414	-0.697067	0.170604
10243		-0.488992	0.285818	-0.824133	0.517135	-0.665866	-0.537767	-0.702466	-0.689152	0.177796
10244		-0.482160	0.282902	-0.829149	0.516115	-0.673035	-0.529764	-0.707917	-0.683367	0.178500
10245		-0.470958	0.277306	-0.837436	0.519043	-0.680488	-0.517234	-0.713298	-0.678261	0.176547
10246		-0.456415	0.268140	-0.848402	0.525340	-0.688362	-0.500176	-0.718125	-0.673987	0.173314
10247		-0.438161	0.257287	-0.861289	0.537484	-0.693018	-0.480454	-0.720504	-0.673445	0.165366
10248		-0.416461	0.245132	-0.875483	0.555721	-0.693489	-0.458527	-0.719538	-0.677483	0.152586
10249		-0.392586	0.230839	-0.890275	0.577143	-0.691841	-0.433892	-0.716088	-0.684155	0.138380
10250		-0.367512	0.213726	-0.905128	0.601478	-0.687677	-0.406600	-0.709337	-0.693845	0.124178
10251		-0.341747	0.194728	-0.919396	0.624886	-0.683621	-0.377066	-0.701944	-0.703380	0.111943
10252		-0.316192	0.174737	-0.932464	0.645935	-0.680224	-0.346501	-0.694831	-0.711872	0.102212
10253		-0.291951	0.155158	-0.943764	0.664023	-0.677299	-0.316764	-0.688359	-0.719160	0.094710
10254		-0.269872	0.136523	-0.953169	0.679197	-0.674689	-0.288939	-0.682539	-0.725366	0.089354
10255		-0.251501	0.121526	-0.960197	0.689420	-0.673811	-0.265857	-0.679300	-0.728842	0.085681
10256		-0.235110	0.118382	-0.964732	0.695839	-0.672498	-0.252102	-0.678625	-0.730570	0.075736
10257		-0.221239	0.131898	-0.966259	0.709580	-0.657915	-0.252277	-0.668991	-0.741452	0.051964
10258		-0.212783	0.151318	-0.965312	0.717083	-0.646891	-0.259469	-0.663713	-0.747419	0.029140
10259		-0.208782	0.155596	-0.965505	0.712676	-0.651865	-0.259161	-0.669704	-0.742200	0.025208
10260		-0.202927	0.147849	-0.967968	0.697633	-0.671842	-0.248872	-0.687117	-0.725789	0.033190
10261		-0.191940	0.141610	-0.971136	0.692137	-0.682008	-0.236247	-0.695777	-0.717504	0.032891
10262		-0.176954	0.142274	-0.973882	0.707514	-0.669467	-0.226357	-0.684186	-0.729090	0.017803
10263		-0.169026	0.140549	-0.975539	0.719972	-0.658346	-0.219595	-0.673106	-0.739478	0.010086
10264		-0.163902	0.142490	-0.976131	0.723174	-0.655646	-0.217136	-0.670936	-0.741502	0.004417
10265		-0.161790	0.144782	-0.976147	0.722786	-0.656083	-0.217107	-0.671866	-0.740671	0.001501
10266		-0.163619	0.144355	-0.975905	0.723991	-0.654396	-0.218181	-0.670124	-0.742245	0.002560
10267		-0.166898	0.144765	-0.975289	0.732170	-0.644296	-0.220929	-0.660357	-0.750950	0.001539
10268		-0.171723	0.147689	-0.974012	0.743160	-0.629615	-0.226491	-0.646703	-0.762740	-0.001637
10269		-0.178040	0.149927	-0.972535	0.751460	-0.617365	-0.232742	-0.635303	-0.772258	-0.002748
10270		-0.184172	0.151401	-0.971163	0.754649	-0.611282	-0.238409	-0.629750	-0.776796	-0.001673
10271		-0.188898	0.152286	-0.970117	0.751580	-0.613397	-0.242635	-0.632016	-0.774954	0.001414
10272		-0.189615	0.155137	-0.969525	0.742549	-0.623385	-0.244974	-0.642392	-0.766370	0.003007
10273		-0.188869	0.160121	-0.968860	0.728854	-0.638339	-0.247579	-0.658104	-0.752917	0.003858
10274		-0.190812	0.166516	-0.967400	0.708065	-0.659218	-0.253130	-0.679878	-0.733283	0.007882
10275		-0.197982	0.173822	-0.964670	0.681838	-0.682614	-0.262935	-0.704201	-0.709806	0.016627
10276		-0.207937	0.183428	-0.960789	0.656069	-0.702389	-0.276084	-0.725490	-0.687752	0.025712
10277		-0.218853	0.195149	-0.956044	0.632937	-0.717309	-0.291307	-0.742627	-0.668869	0.033468
10278		-0.230632	0.206863	-0.950798	0.611890	-0.728926	-0.307015	-0.756571	-0.652591	0.041536
10279		-0.242557	0.217805	-0.945372	0.597452	-0.734220	-0.322447	-0.764341	-0.643026	0.047962
10280		-0.254656	0.229675	-0.939361	0.594128	-0.729272	-0.339373	-0.762995	-0.644525	0.049257
10281		-0.268520	0.242766	-0.932181	0.603196	-0.712125	-0.359211	-0.751034	-0.658743	0.044785
10282		-0.284462	0.259111	-0.923007	0.619341	-0.685234	-0.383237	-0.731777	-0.680673	0.034445
10283		-0.299509	0.280562	-0.911910	0.639674	-0.650099	-0.410107	-0.707892	-0.706156	0.015242
10284		-0.316582	0.304014	-0.898527	0.646647	-0.623858	-0.438917	-0.693991	-0.719984	0.000912
10285		-0.339404	0.323896	-0.883117	0.636022	-0.612679	-0.469149	-0.693023	-0.720913	0.001941
10286		-0.366685	0.339886	-0.866037	0.611796	-0.613198	-0.499694	-0.700891	-0.713068	0.016910
10287		-0.394949	0.351531	-0.848788	0.579826	-0.621264	-0.527098	-0.712613	-0.700326	0.041541
10288		-0.422544	0.359298	-0.832082	0.546250	-0.631632	-0.550137	-0.723233	-0.686983	0.070626
10289		-0.448175	0.362071	-0.817340	0.516339	-0.641523	-0.567312	-0.729749	-0.676279	0.100563
10290		-0.472123	0.360167	-0.804599	0.491301	-0.650327	-0.579394	-0.731931	-0.668846	0.130084
10291		-0.493722	0.354642	-0.794020	0.473139	-0.656547	-0.587439	-0.729642	-0.665714	0.156357
10292		-0.512651	0.347643	-0.785069	0.461929	-0.659081	-0.593494	-0.723748	-0.666901	0.177292
10293		-0.528817	0.339673	-0.777801	0.456802	-0.658462	-0.598130	-0.715321	-0.671603	0.193042
10294		-0.541071	0.330658	-0.773245	0.458385	-0.654914	-0.600808	-0.705071	-0.679524	0.202786
10295		-0.550323	0.319480	-0.771412	0.465405	-0.649687	-0.601086	-0.693212	-0.689811	0.208850
10296		-0.558195	0.305952	-0.771241	0.474455	-0.644858	-0.599208	-0.680670	-0.700394	0.214796
10297		-0.563872	0.291903	-0.772555	0.482954	-0.642278	-0.595176	-0.669929	-0.708711	0.221187
10298		-0.565707	0.280317	-0.775498	0.491178	-0.640859	-0.589952	-0.662359	-0.714648	0.224853
10299		-0.563789	0.272351	-0.779723	0.498182	-0.640849	-0.584061	-0.658754	-0.717731	0.225622
10300		-0.559159	0.267131	-0.784845	0.504936	-0.641106	-0.577947	-0.657557	-0.719461	0.223596
10301		-0.552823	0.263420	-0.790567	0.510769	-0.642489	-0.571248	-0.658408	-0.719596	0.220636
10302		-0.545272	0.259809	-0.796981	0.514797	-0.646557	-0.562982	-0.661561	-0.717261	0.218801
10303		-0.536092	0.256097	-0.804375	0.517085	-0.653561	-0.552703	-0.667254	-0.712230	0.217945
10304		-0.524670	0.252338	-0.813048	0.519419	-0.661796	-0.540583	-0.674482	-0.705940	0.216156
10305		-0.510771	0.249819	-0.822620	0.522825	-0.669318	-0.527889	-0.682471	-0.699717	0.211257
10306		-0.494564	0.249094	-0.832682	0.528604	-0.674286	-0.515670	-0.689916	-0.695191	0.201806
10307		-0.476990	0.249707	-0.842690	0.535484	-0.677729	-0.503926	-0.696949	-0.691614	0.189556
10308		-0.459987	0.249344	-0.852197	0.542594	-0.680782	-0.492064	-0.702854	-0.688740	0.177859
10309		-0.443145	0.248727	-0.861253	0.551722	-0.681556	-0.480711	-0.706559	-0.688197	0.164800
10310		-0.426727	0.246725	-0.870076	0.562088	-0.681331	-0.468877	-0.708493	-0.689141	0.152061
10311		-0.411447	0.242965	-0.878453	0.571575	-0.681957	-0.456330	-0.709939	-0.689857	0.141717
10312		-0.396195	0.237917	-0.886806	0.581193	-0.682731	-0.442824	-0.710805	-0.690850	0.132219
10313		-0.380907	0.232277	-0.894962	0.591692	-0.682552	-0.428980	-0.710500	-0.692943	0.122552
10314		-0.365087	0.226551	-0.902987	0.604234	-0.680227	-0.414961	-0.708246	-0.697112	0.111452
10315		-0.348675	0.222014	-0.910569	0.618598	-0.675355	-0.401538	-0.704104	-0.703282	0.098142
10316		-0.332286	0.218117	-0.917612	0.633502	-0.669157	-0.388463	-0.698757	-0.710390	0.084174
10317		-0.315924	0.215488	-0.923990	0.646434	-0.663962	-0.375870	-0.694489	-0.716045	0.070463
10318		-0.300313	0.213398	-0.929663	0.652293	-0.665173	-0.363400	-0.695935	-0.715546	0.060562
10319		-0.285817	0.212259	-0.934481	0.651285	-0.672302	-0.351907	-0.702949	-0.709194	0.053914
10320		-0.266136	0.218264	-0.938900	0.650204	-0.678425	-0.342015	-0.711623	-0.701498	0.038637
10321		-0.237201	0.242296	-0.940759	0.662239	-0.668185	-0.339069	-0.710757	-0.703435	-0.001964
10322		-0.224199	0.262524	-0.938518	0.659122	-0.668514	-0.344453	-0.717839	-0.695824	-0.023155
10323		-0.234460	0.246263	-0.940416	0.610609	-0.715431	-0.339581	-0.756429	-0.653845	0.017370
10324		-0.261418	0.213124	-0.941402	0.554966	-0.764800	-0.327252	-0.789730	-0.607996	0.081656
10325		-0.268480	0.205132	-0.941190	0.589162	-0.738039	-0.328917	-0.762107	-0.642821	0.077292
10326		-0.261359	0.216190	-0.940720	0.635141	-0.695358	-0.336263	-0.726834	-0.685375	0.044426
10327		-0.261516	0.224479	-0.938732	0.676672	-0.650898	-0.344160	-0.688276	-0.725217	0.018322
10328		-0.252485	0.241037	-0.937098	0.718603	-0.601842	-0.348419	-0.647967	-0.761372	-0.021254
10329		-0.244042	0.256333	-0.935274	0.746810	-0.565566	-0.349872	-0.618642	-0.783855	-0.053410
10330		-0.242598	0.262015	-0.934074	0.750309	-0.559669	-0.351862	-0.614966	-0.786205	-0.060818
10331		-0.248749	0.258626	-0.933400	0.739649	-0.571464	-0.355456	-0.625335	-0.778808	-0.049141
10332		-0.257757	0.251149	-0.932998	0.721573	-0.592145	-0.358744	-0.642568	-0.765695	-0.028593
10333		-0.264514	0.241707	-0.933601	0.701514	-0.616061	-0.358254	-0.661748	-0.749697	-0.006604
10334		-0.264827	0.232150	-0.935934	0.690340	-0.632024	-0.352103	-0.673274	-0.739359	0.007114
10335		-0.259145	0.223619	-0.939595	0.691106	-0.636648	-0.342130	-0.674698	-0.738020	0.010440
10336		-0.252041	0.214869	-0.943561	0.699544	-0.633270	-0.331069	-0.668665	-0.743505	0.009300
10337		-0.245617	0.205791	-0.947271	0.709261	-0.627965	-0.320327	-0.660773	-0.750540	0.008279
10338		-0.240287	0.197172	-0.950466	0.716400	-0.624688	-0.310703	-0.655007	-0.755571	0.008851
10339		-0.235972	0.188709	-0.953261	0.717370	-0.627893	-0.301878	-0.655513	-0.755076	0.012791
10340		-0.232536	0.181260	-0.955548	0.713257	-0.636148	-0.294246	-0.661205	-0.749974	0.018642
10341		-0.230448	0.175690	-0.957093	0.706102	-0.646583	-0.288705	-0.669562	-0.742337	0.024949
10342		-0.230189	0.173139	-0.957620	0.696841	-0.657565	-0.286392	-0.679283	-0.733233	0.030714
10343		-0.232312	0.174321	-0.956893	0.685611	-0.668477	-0.288230	-0.689905	-0.723015	0.035779
10344		-0.236737	0.181142	-0.954538	0.673613	-0.677391	-0.295612	-0.700143	-0.712972	0.038344
10345		-0.245240	0.194898	-0.949670	0.659325	-0.684627	-0.310766	-0.710738	-0.702353	0.039397
10346		-0.258894	0.216713	-0.941281	0.644502	-0.687086	-0.335456	-0.719438	-0.693505	0.038210
10347		-0.277137	0.244155	-0.929292	0.641438	-0.673080	-0.368132	-0.715369	-0.698106	0.029925
10348		-0.299578	0.274235	-0.913810	0.645691	-0.646846	-0.405799	-0.702379	-0.711607	0.016710
10349		-0.327131	0.303543	-0.894900	0.646406	-0.618906	-0.446222	-0.689307	-0.724442	0.006251
10350		-0.360151	0.330613	-0.872345	0.637769	-0.595188	-0.488878	-0.680839	-0.732425	0.003502
10351		-0.395777	0.354911	-0.846994	0.620533	-0.576542	-0.531543	-0.676979	-0.735960	0.007948
10352		-0.433065	0.376799	-0.818826	0.594848	-0.563046	-0.573703	-0.677208	-0.735528	0.019698
10353		-0.470638	0.395249	-0.788846	0.557447	-0.559814	-0.613075	-0.683924	-0.728276	0.043139
10354		-0.505592	0.411559	-0.758285	0.514748	-0.561441	-0.647934	-0.692395	-0.717916	0.072011
10355		-0.536428	0.424689	-0.729304	0.473661	-0.563719	-0.676658	-0.698492	-0.708421	0.101236
10356		-0.561211	0.435353	-0.703924	0.437916	-0.565506	-0.698879	-0.702333	-0.700479	0.126720
10357		-0.579890	0.442700	-0.683918	0.413181	-0.563695	-0.715213	-0.702146	-0.697327	0.143966
10358		-0.592382	0.447513	-0.669937	0.397673	-0.560764	-0.726223	-0.700671	-0.696617	0.154222
10359		-0.600965	0.449295	-0.661041	0.389334	-0.557743	-0.733036	-0.698040	-0.697895	0.160258
10360		-0.608829	0.443466	-0.657773	0.385759	-0.559027	-0.733948	-0.693194	-0.700590	0.169281
10361		-0.613355	0.431120	-0.661764	0.392353	-0.560861	-0.729036	-0.685460	-0.706803	0.174856
10362		-0.613473	0.416655	-0.670858	0.404885	-0.563404	-0.720169	-0.678026	-0.713424	0.176936
10363		-0.612280	0.398655	-0.682779	0.418805	-0.568940	-0.707750	-0.670609	-0.719292	0.181392
10364		-0.610182	0.377280	-0.696662	0.434976	-0.575415	-0.692598	-0.662173	-0.725643	0.187000
10365		-0.607996	0.353103	-0.711097	0.450287	-0.584311	-0.675146	-0.653898	-0.730684	0.196261
10366		-0.606702	0.325949	-0.725031	0.462319	-0.597275	-0.655381	-0.646663	-0.732817	0.211675
10367		-0.603074	0.300046	-0.739104	0.472302	-0.612377	-0.633976	-0.642832	-0.731414	0.227596
10368		-0.597852	0.276664	-0.752349	0.479271	-0.628955	-0.612140	-0.642551	-0.726548	0.243425
10369		-0.593752	0.254208	-0.763438	0.480854	-0.648637	-0.589958	-0.645166	-0.717390	0.262893
10370		-0.591517	0.231931	-0.772215	0.477701	-0.670739	-0.567372	-0.649546	-0.704498	0.285960
10371		-0.589870	0.212024	-0.779166	0.472615	-0.691731	-0.546026	-0.654743	-0.690329	0.307825
10372		-0.586912	0.196526	-0.785437	0.468666	-0.708585	-0.527504	-0.660217	-0.677706	0.323772
10373		-0.582759	0.183776	-0.791593	0.466127	-0.722327	-0.510851	-0.665671	-0.666686	0.335279
10374		-0.577980	0.172195	-0.797676	0.464474	-0.734288	-0.495060	-0.670971	-0.656635	0.344424
10375		-0.570894	0.163728	-0.804533	0.467164	-0.741040	-0.482305	-0.675157	-0.651194	0.346567
10376		-0.560629	0.159431	-0.812574	0.475498	-0.741397	-0.473531	-0.677936	-0.651853	0.339839
10377		-0.548912	0.158779	-0.820661	0.486174	-0.737996	-0.467971	-0.679949	-0.655859	0.327900
10378		-0.537027	0.161749	-0.827913	0.497506	-0.731860	-0.465691	-0.681241	-0.661981	0.312557
10379		-0.524717	0.169433	-0.834245	0.508174	-0.723879	-0.466645	-0.682958	-0.668798	0.293731
10380		-0.511808	0.180773	-0.839865	0.514014	-0.718885	-0.467969	-0.688362	-0.671212	0.275011
10381		-0.499565	0.192569	-0.844602	0.512320	-0.720523	-0.467305	-0.698544	-0.666156	0.261291
10382		-0.487968	0.201775	-0.849220	0.506332	-0.727061	-0.463692	-0.710996	-0.656254	0.252617
10383		-0.476939	0.206500	-0.854334	0.497609	-0.737791	-0.456124	-0.724510	-0.642668	0.249126
10384		-0.465609	0.207666	-0.860281	0.490500	-0.748560	-0.446171	-0.736626	-0.629709	0.246676
10385		-0.452576	0.208103	-0.867103	0.489865	-0.754502	-0.436759	-0.745123	-0.622430	0.239527
10386		-0.438812	0.207833	-0.874214	0.492675	-0.757970	-0.427496	-0.751475	-0.618294	0.230212
10387		-0.425181	0.206436	-0.881252	0.497570	-0.760011	-0.418099	-0.756072	-0.616253	0.220426
10388		-0.412302	0.203424	-0.888046	0.504798	-0.760433	-0.408559	-0.758410	-0.616733	0.210840
10389		-0.399131	0.200273	-0.894754	0.514115	-0.759133	-0.399253	-0.759197	-0.619361	0.200030
10390		-0.387072	0.198044	-0.900529	0.525741	-0.754936	-0.392004	-0.757477	-0.625180	0.188095
10391		-0.375941	0.197327	-0.905390	0.536698	-0.750132	-0.386339	-0.755397	-0.631161	0.176100
10392		-0.365501	0.197312	-0.909657	0.546827	-0.745336	-0.381385	-0.753252	-0.636822	0.164525
10393		-0.355922	0.197344	-0.913441	0.555658	-0.741203	-0.376645	-0.751374	-0.641617	0.154154
10394		-0.346432	0.197296	-0.917093	0.564059	-0.737344	-0.371700	-0.749548	-0.646063	0.144153
10395		-0.336492	0.196988	-0.920852	0.571508	-0.734476	-0.365955	-0.748433	-0.649415	0.134565
10396		-0.325649	0.195884	-0.924977	0.576910	-0.733915	-0.358530	-0.749085	-0.650383	0.125991
10397		-0.313102	0.193648	-0.929768	0.580663	-0.735661	-0.348760	-0.751530	-0.649079	0.117893
10398		-0.297919	0.190103	-0.935470	0.583423	-0.739381	-0.336057	-0.755554	-0.645893	0.109365
10399		-0.280912	0.185911	-0.941555	0.587082	-0.742809	-0.321823	-0.759225	-0.643174	0.099519
10400		-0.264789	0.182810	-0.946819	0.586340	-0.748985	-0.308590	-0.765567	-0.636869	0.091134
10401		-0.247492	0.187298	-0.950614	0.585481	-0.752832	-0.300759	-0.771985	-0.631001	0.076660
10402		-0.220537	0.213376	-0.951753	0.607159	-0.733643	-0.305167	-0.763362	-0.645166	0.032242
10403		-0.198099	0.254245	-0.946634	0.634353	-0.702992	-0.321557	-0.747230	-0.664200	-0.022019
10404		-0.218321	0.259359	-0.940781	0.591734	-0.731408	-0.338958	-0.776007	-0.630694	0.006210
10405		-0.261361	0.240754	-0.934734	0.541081	-0.765394	-0.348430	-0.799326	-0.596833	0.069777
10406		-0.284643	0.237880	-0.928650	0.543663	-0.757815	-0.360759	-0.789563	-0.607560	0.086380
10407		-0.284572	0.249569	-0.925599	0.584088	-0.720477	-0.373838	-0.760171	-0.647015	0.059257
10408		-0.287564	0.261912	-0.921254	0.608210	-0.693102	-0.386898	-0.739857	-0.671573	0.040014
10409		-0.285986	0.279038	-0.916706	0.633432	-0.662780	-0.399358	-0.719010	-0.694882	0.012794
10410		-0.276247	0.300787	-0.912806	0.652884	-0.638248	-0.407900	-0.705287	-0.708638	-0.020065
10411		-0.269484	0.316592	-0.909477	0.661916	-0.625064	-0.413717	-0.699461	-0.713488	-0.041112
10412		-0.275624	0.325733	-0.904394	0.648671	-0.631305	-0.425065	-0.709406	-0.703813	-0.037291
10413		-0.294601	0.330788	-0.896543	0.624086	-0.643884	-0.442640	-0.723690	-0.689922	-0.016751
10414		-0.317832	0.331308	-0.888379	0.595194	-0.659634	-0.458941	-0.738056	-0.674625	0.012460
10415		-0.338277	0.329420	-0.881505	0.569261	-0.674269	-0.470430	-0.749340	-0.660942	0.040564
10416		-0.351730	0.328067	-0.876731	0.554741	-0.681356	-0.477511	-0.754022	-0.654314	0.057661
10417		-0.357252	0.327596	-0.874673	0.552624	-0.680828	-0.480708	-0.752980	-0.655098	0.062190
10418		-0.355346	0.328149	-0.875241	0.563865	-0.671548	-0.480707	-0.745510	-0.664336	0.053600
10419		-0.346902	0.329924	-0.877957	0.584330	-0.656187	-0.477469	-0.733633	-0.678652	0.034848
10420		-0.336473	0.329349	-0.882222	0.606308	-0.641063	-0.470562	-0.720539	-0.693230	0.016013
10421		-0.327394	0.324543	-0.887404	0.626479	-0.628502	-0.460987	-0.707345	-0.706865	0.002449
10422		-0.322822	0.315369	-0.892372	0.641161	-0.620681	-0.451296	-0.696203	-0.717843	-0.001832
10423		-0.321980	0.304367	-0.896487	0.649674	-0.617750	-0.443068	-0.688660	-0.725083	0.001164
10424		-0.321467	0.291820	-0.900833	0.653014	-0.620606	-0.434074	-0.685734	-0.727797	0.008942
10425		-0.319123	0.277066	-0.906309	0.653525	-0.628233	-0.422170	-0.686342	-0.727019	0.019414
10426		-0.313728	0.259984	-0.913227	0.652564	-0.639613	-0.406270	-0.689735	-0.723397	0.031008
10427		-0.305096	0.240455	-0.921465	0.649943	-0.654645	-0.386024	-0.696053	-0.716674	0.043448
10428		-0.292887	0.219352	-0.930646	0.647777	-0.670397	-0.361875	-0.703280	-0.708839	0.054259
10429		-0.277610	0.197065	-0.940265	0.648097	-0.684058	-0.334716	-0.709157	-0.702303	0.062184
10430		-0.260603	0.173890	-0.949657	0.651312	-0.694425	-0.305886	-0.712656	-0.698238	0.067712
10431		-0.246259	0.151528	-0.957286	0.655728	-0.701281	-0.279689	-0.713707	-0.696595	0.073336
10432		-0.235942	0.133190	-0.962596	0.661319	-0.703796	-0.259477	-0.712031	-0.697805	0.077974
10433		-0.223076	0.121748	-0.967168	0.671785	-0.699744	-0.243031	-0.706359	-0.703943	0.074307
10434		-0.208666	0.116512	-0.971022	0.682176	-0.694112	-0.229880	-0.700782	-0.710376	0.065356
10435		-0.197118	0.113410	-0.973798	0.688402	-0.691209	-0.219847	-0.698031	-0.713701	0.058178
10436		-0.191147	0.111276	-0.975234	0.687632	-0.693823	-0.213943	-0.700447	-0.711496	0.056105
10437		-0.192050	0.115580	-0.974555	0.675680	-0.704620	-0.216719	-0.711739	-0.700108	0.057228
10438		-0.205271	0.129156	-0.970146	0.647063	-0.725790	-0.233535	-0.734284	-0.675683	0.065412
10439		-0.228325	0.152586	-0.961554	0.617886	-0.740539	-0.264233	-0.752386	-0.654461	0.074803
10440		-0.253904	0.186788	-0.949022	0.611581	-0.729135	-0.307133	-0.749334	-0.658386	0.070894
10441		-0.282295	0.224429	-0.932706	0.609762	-0.708608	-0.355058	-0.740608	-0.668959	0.063188
10442		-0.317562	0.259150	-0.912138	0.602687	-0.687477	-0.405147	-0.732068	-0.678393	0.062130
10443		-0.355348	0.295416	-0.886824	0.597210	-0.658099	-0.458525	-0.719074	-0.692556	0.057428
10444		-0.392112	0.333272	-0.857425	0.587977	-0.626029	-0.512221	-0.707482	-0.704994	0.049518
10445		-0.426472	0.368337	-0.826105	0.565801	-0.603933	-0.561368	-0.705685	-0.706819	0.049155
10446		-0.457610	0.398850	-0.794677	0.531958	-0.593342	-0.604124	-0.712470	-0.699188	0.059348
10447		-0.486610	0.424821	-0.763373	0.492522	-0.588298	-0.641348	-0.721549	-0.688064	0.077038
10448		-0.513118	0.447465	-0.732452	0.451887	-0.584679	-0.673757	-0.729731	-0.676702	0.097805
10449		-0.537992	0.466220	-0.702284	0.411311	-0.582028	-0.701475	-0.735791	-0.666245	0.121365
10450		-0.560926	0.481185	-0.673664	0.370836	-0.581488	-0.724122	-0.740164	-0.655997	0.147731
10451		-0.580503	0.493075	-0.647992	0.333092	-0.582375	-0.741545	-0.743012	-0.646310	0.173831
10452		-0.595698	0.501464	-0.627438	0.299376	-0.586255	-0.752781	-0.745331	-0.636270	0.199105
10453		-0.605697	0.507043	-0.613219	0.273380	-0.591148	-0.758820	-0.747258	-0.627257	0.219441
10454		-0.611354	0.508671	-0.606218	0.262119	-0.592644	-0.761621	-0.746686	-0.624521	0.228982
10455		-0.615252	0.504546	-0.605721	0.268962	-0.587909	-0.762904	-0.741029	-0.632294	0.226009
10456		-0.616887	0.495686	-0.611347	0.289977	-0.578972	-0.762040	-0.731686	-0.647369	0.213423
10457		-0.623331	0.477862	-0.618956	0.314541	-0.571460	-0.757956	-0.715907	-0.667144	0.205901
10458		-0.638332	0.447080	-0.626619	0.334922	-0.571640	-0.749036	-0.693080	-0.688002	0.215159
10459		-0.655468	0.404558	-0.637726	0.350540	-0.584976	-0.731386	-0.668942	-0.702948	0.241619
10460		-0.665338	0.359353	-0.654362	0.367764	-0.605019	-0.706188	-0.649673	-0.710505	0.270385
10461		-0.669039	0.314602	-0.673359	0.385748	-0.627424	-0.676415	-0.635283	-0.712295	0.298414
10462		-0.670747	0.272753	-0.689714	0.395753	-0.654865	-0.643841	-0.627279	-0.704811	0.331306
10463		-0.672220	0.233483	-0.702571	0.394651	-0.689896	-0.606872	-0.626396	-0.685222	0.371618
10464		-0.673770	0.194743	-0.712818	0.385304	-0.730541	-0.563782	-0.630535	-0.654511	0.417181
10465		-0.674260	0.155964	-0.721837	0.375136	-0.769609	-0.516697	-0.636118	-0.619175	0.460409
10466		-0.670119	0.120345	-0.732433	0.372279	-0.799187	-0.471920	-0.642144	-0.588912	0.490748
10467		-0.661622	0.087803	-0.744679	0.375803	-0.820562	-0.430638	-0.648867	-0.564773	0.509905
10468		-0.650214	0.056906	-0.757617	0.380525	-0.838708	-0.389576	-0.657589	-0.541600	0.523685
10469		-0.637578	0.029214	-0.769831	0.386620	-0.852198	-0.352539	-0.666348	-0.522403	0.532048
10470		-0.621951	0.007894	-0.783016	0.398326	-0.857722	-0.325038	-0.674176	-0.514054	0.530317
10471		-0.604411	-0.008860	-0.796623	0.415069	-0.857004	-0.305389	-0.680003	-0.515234	0.521660
10472		-0.587703	-0.023232	-0.808743	0.435643	-0.851400	-0.292118	-0.681777	-0.524002	0.510491
10473		-0.573958	-0.034210	-0.818170	0.455462	-0.843661	-0.284237	-0.680535	-0.535785	0.499807
10474		-0.562899	-0.041882	-0.825464	0.472872	-0.835435	-0.280073	-0.677891	-0.547991	0.490070
10475		-0.554996	-0.047308	-0.830507	0.485320	-0.829270	-0.277083	-0.675606	-0.556842	0.483201
10476		-0.548358	-0.048935	-0.834810	0.493518	-0.824840	-0.275824	-0.675088	-0.563244	0.476458
10477		-0.541536	-0.046287	-0.839402	0.498380	-0.821781	-0.276212	-0.677020	-0.567920	0.468093
10478		-0.534016	-0.040315	-0.844513	0.501295	-0.819446	-0.277869	-0.680830	-0.571737	0.457807
10479		-0.526499	-0.032045	-0.849572	0.504473	-0.816129	-0.281850	-0.684329	-0.576980	0.445857
10480		-0.517721	-0.021539	-0.855279	0.509860	-0.810539	-0.288218	-0.687028	-0.585289	0.430615
10481		-0.508994	-0.010797	-0.860703	0.517855	-0.802562	-0.296177	-0.687569	-0.596471	0.414090
10482		-0.499830	-0.000419	-0.866123	0.526209	-0.794432	-0.303286	-0.687949	-0.607353	0.397301
10483		-0.490540	0.009413	-0.871368	0.534286	-0.786694	-0.309276	-0.688411	-0.617272	0.380876
10484		-0.479902	0.020198	-0.877090	0.542212	-0.779117	-0.314615	-0.689710	-0.626553	0.362948
10485		-0.467127	0.032873	-0.883579	0.551082	-0.770649	-0.320016	-0.691449	-0.636412	0.341875
10486		-0.453076	0.046038	-0.890282	0.559576	-0.762730	-0.324218	-0.693972	-0.645076	0.319813
10487		-0.438444	0.058525	-0.896851	0.567020	-0.756211	-0.326547	-0.697320	-0.651705	0.298371
10488		-0.423770	0.069254	-0.903119	0.573072	-0.751638	-0.326540	-0.701433	-0.655930	0.278834
10489		-0.409031	0.077209	-0.909248	0.577067	-0.749988	-0.323283	-0.706886	-0.656930	0.262214
10490		-0.394875	0.080535	-0.915198	0.581037	-0.749743	-0.316672	-0.711666	-0.656810	0.249261
10491		-0.382405	0.079476	-0.920570	0.581940	-0.753156	-0.306761	-0.717713	-0.653024	0.241760
10492		-0.369159	0.076751	-0.926192	0.578334	-0.761142	-0.293585	-0.727497	-0.644028	0.236595
10493		-0.353658	0.074246	-0.932424	0.573015	-0.770699	-0.278706	-0.739311	-0.632859	0.230020
10494		-0.336276	0.071558	-0.939041	0.568000	-0.779931	-0.262838	-0.751195	-0.621762	0.221627
10495		-0.319007	0.067224	-0.945365	0.566580	-0.786089	-0.247086	-0.759751	-0.614447	0.212680
10496		-0.305716	0.061526	-0.950133	0.570260	-0.787292	-0.234469	-0.762458	-0.613503	0.205602
10497		-0.300516	0.059725	-0.951905	0.576150	-0.783998	-0.231081	-0.760093	-0.617884	0.201193
10498		-0.299519	0.065983	-0.951806	0.587274	-0.773474	-0.238427	-0.751929	-0.630384	0.192920
10499		-0.297135	0.077746	-0.951665	0.598895	-0.761078	-0.249168	-0.743663	-0.643984	0.179581
10500		-0.293160	0.088718	-0.951938	0.607703	-0.751371	-0.257175	-0.738075	-0.653889	0.166357
10501		-0.288458	0.094798	-0.952788	0.614095	-0.745156	-0.260058	-0.734629	-0.660119	0.156730
10502		-0.284565	0.093965	-0.954041	0.620539	-0.740510	-0.258024	-0.730722	-0.665444	0.152414
10503		-0.280192	0.087580	-0.955941	0.626471	-0.737849	-0.251222	-0.727342	-0.669260	0.151872
10504		-0.276104	0.078729	-0.957898	0.630544	-0.737347	-0.242350	-0.725383	-0.670911	0.153942
10505		-0.274606	0.070943	-0.958936	0.629156	-0.740909	-0.234982	-0.727155	-0.667848	0.158824
10506		-0.273341	0.073414	-0.959112	0.650645	-0.720271	-0.240562	-0.708481	-0.689797	0.149114
10507		-0.254357	0.133975	-0.957785	0.716878	-0.638629	-0.279712	-0.649144	-0.757762	0.066396
10508		-0.244978	0.167566	-0.954938	0.706588	-0.643570	-0.294196	-0.663867	-0.746819	0.039260
10509		-0.275837	0.146097	-0.950037	0.674485	-0.674768	-0.299598	-0.684824	-0.723425	0.087586
10510		-0.305649	0.159077	-0.938761	0.711501	-0.617030	-0.336214	-0.632728	-0.770694	0.075411
10511		-0.298152	0.177033	-0.937958	0.723433	-0.599137	-0.343043	-0.622696	-0.780829	0.050562
10512		-0.304231	0.187730	-0.933917	0.740830	-0.569688	-0.355846	-0.598844	-0.800133	0.034241
10513		-0.294126	0.213607	-0.931591	0.772701	-0.520517	-0.363312	-0.562515	-0.826701	-0.011956
10514		-0.298065	0.225155	-0.927611	0.769715	-0.518033	-0.373069	-0.564532	-0.825195	-0.018897
10515		-0.315331	0.236479	-0.919045	0.757888	-0.520078	-0.393858	-0.571115	-0.820729	-0.015228
10516		-0.341446	0.241960	-0.908223	0.729249	-0.541420	-0.418401	-0.592967	-0.805183	0.008417
10517		-0.371315	0.242719	-0.896221	0.701987	-0.558384	-0.442066	-0.607733	-0.793281	0.036950
10518		-0.399195	0.239881	-0.884930	0.673708	-0.577920	-0.460571	-0.621901	-0.780042	0.069093
10519		-0.419658	0.238025	-0.875917	0.658175	-0.584730	-0.474233	-0.625055	-0.775522	0.088725
10520		-0.434696	0.236482	-0.868974	0.654191	-0.580223	-0.485154	-0.618929	-0.779370	0.097516
10521		-0.443752	0.236992	-0.864245	0.660933	-0.564726	-0.494219	-0.605187	-0.790518	0.093963
10522		-0.449519	0.235769	-0.861595	0.669500	-0.549613	-0.499695	-0.591356	-0.801461	0.089214
10523		-0.452010	0.231560	-0.861433	0.676872	-0.539942	-0.500308	-0.580975	-0.809224	0.087322
10524		-0.449510	0.226570	-0.864064	0.681915	-0.537781	-0.495765	-0.577003	-0.812070	0.087236
10525		-0.440439	0.226524	-0.868735	0.686791	-0.538197	-0.488532	-0.578214	-0.811807	0.081468
