// Start Time: Unknown
// Update Rate: 100.0Hz
// Filter Profile: human (46.1)
// Option Flags: AHS Disabled ICC Disabled 
// Firmware Version: 4.0.2
PacketCounter	SampleTimeFine	Mat[1][1]	Mat[2][1]	Mat[3][1]	Mat[1][2]	Mat[2][2]	Mat[3][2]	Mat[1][3]	Mat[2][3]	Mat[3][3]
37291		0.025279	-0.155645	-0.987490	-0.636234	0.759418	-0.135984	0.771082	0.631712	-0.079829
37292		0.026946	-0.155737	-0.987431	-0.631908	0.762741	-0.137543	0.774575	0.627672	-0.077859
37293		0.028552	-0.155712	-0.987390	-0.627920	0.765779	-0.138921	0.777754	0.623968	-0.075911
37294		0.030483	-0.155499	-0.987366	-0.624603	0.768241	-0.140272	0.780347	0.620988	-0.073707
37295		0.032469	-0.155198	-0.987350	-0.621892	0.770210	-0.141517	0.782430	0.618619	-0.071509
37296		0.034362	-0.155315	-0.987267	-0.619506	0.771859	-0.142989	0.784240	0.616531	-0.069696
37297		0.035998	-0.155957	-0.987108	-0.616501	0.773932	-0.144760	0.786530	0.613764	-0.068288
37298		0.037486	-0.157219	-0.986852	-0.612592	0.776611	-0.146994	0.789510	0.610048	-0.067199
37299		0.038791	-0.159109	-0.986499	-0.607570	0.780032	-0.149700	0.793319	0.605174	-0.066412
37300		0.040185	-0.161664	-0.986027	-0.602301	0.783469	-0.153000	0.797257	0.600034	-0.065887
37301		0.041709	-0.164662	-0.985468	-0.598151	0.785926	-0.156636	0.800297	0.595992	-0.065712
37302		0.042459	-0.168507	-0.984786	-0.595477	0.787203	-0.160372	0.802250	0.593226	-0.066919
37303		0.042907	-0.172183	-0.984130	-0.593546	0.787967	-0.163741	0.803655	0.591152	-0.068389
37304		0.043847	-0.175028	-0.983587	-0.591446	0.788914	-0.166752	0.805152	0.589050	-0.068929
37305		0.044904	-0.177134	-0.983162	-0.587338	0.791412	-0.169412	0.808095	0.585056	-0.068500
37306		0.045569	-0.178932	-0.982806	-0.581804	0.794996	-0.171715	0.812052	0.579625	-0.067876
37307		0.046109	-0.180126	-0.982562	-0.575817	0.798960	-0.173489	0.816278	0.573775	-0.066880
37308		0.046548	-0.181032	-0.982375	-0.570290	0.802602	-0.174925	0.820124	0.568381	-0.065881
37309		0.046484	-0.181907	-0.982217	-0.565352	0.805854	-0.176000	0.823539	0.563479	-0.065382
37310		0.045676	-0.183071	-0.982038	-0.561563	0.808323	-0.176806	0.826172	0.559552	-0.065885
37311		0.044365	-0.184208	-0.981885	-0.558964	0.810031	-0.177223	0.828004	0.556702	-0.067029
37312		0.042635	-0.185223	-0.981771	-0.557682	0.810918	-0.177207	0.828959	0.555071	-0.068722
37313		0.040439	-0.186010	-0.981715	-0.557595	0.811099	-0.176651	0.829127	0.554543	-0.070918
37314		0.037725	-0.186773	-0.981679	-0.558363	0.810774	-0.175714	0.828738	0.554762	-0.073701
37315		0.034593	-0.187422	-0.981670	-0.559606	0.810200	-0.174404	0.828036	0.555382	-0.076855
37316		0.031527	-0.187877	-0.981687	-0.561437	0.809254	-0.172907	0.826918	0.556607	-0.079968
37317		0.028497	-0.188217	-0.981714	-0.563450	0.808194	-0.171305	0.825658	0.558029	-0.083019
37318		0.025355	-0.188552	-0.981736	-0.564851	0.807558	-0.169687	0.824803	0.558837	-0.086028
37319		0.022290	-0.188708	-0.981780	-0.565895	0.807180	-0.167996	0.824176	0.559329	-0.088797
37320		0.019265	-0.188834	-0.981820	-0.566341	0.807206	-0.166363	0.823946	0.559250	-0.091394
37321		0.016287	-0.188844	-0.981872	-0.565692	0.807984	-0.164784	0.824456	0.558121	-0.093668
37322		0.013336	-0.188835	-0.981918	-0.564215	0.809317	-0.163305	0.825520	0.556190	-0.095751
37323		0.010008	-0.188893	-0.981947	-0.562316	0.810952	-0.161731	0.826862	0.553783	-0.098102
37324		0.006372	-0.188863	-0.981983	-0.559809	0.813028	-0.160000	0.828597	0.550742	-0.100547
37325		0.002380	-0.188388	-0.982092	-0.556267	0.815874	-0.157851	0.831000	0.546681	-0.102852
37326		-0.001614	-0.187414	-0.982280	-0.551440	0.819600	-0.155470	0.834213	0.541417	-0.104670
37327		-0.005779	-0.185681	-0.982593	-0.546123	0.823717	-0.152446	0.837685	0.535736	-0.106165
37328		-0.010404	-0.183278	-0.983006	-0.541199	0.827663	-0.148587	0.840830	0.530456	-0.107801
37329		-0.015873	-0.180277	-0.983488	-0.536232	0.831731	-0.143805	0.843922	0.525095	-0.109872
37330		-0.022249	-0.176862	-0.983984	-0.531820	0.835513	-0.138150	0.846565	0.520229	-0.112648
37331		-0.028915	-0.172906	-0.984514	-0.528347	0.838738	-0.131786	0.848536	0.516354	-0.115606
37332		-0.035123	-0.168575	-0.985063	-0.527158	0.840517	-0.125043	0.849041	0.514892	-0.118387
37333		-0.040964	-0.164529	-0.985521	-0.529559	0.839994	-0.118223	0.847283	0.517049	-0.121537
37334		-0.046741	-0.161620	-0.985746	-0.535680	0.836983	-0.111829	0.843126	0.522817	-0.125698
37335		-0.052409	-0.160154	-0.985700	-0.544910	0.831746	-0.106167	0.836855	0.531554	-0.130860
37336		-0.058464	-0.160263	-0.985342	-0.555981	0.825011	-0.101197	0.829136	0.541915	-0.137336
37337		-0.064731	-0.161405	-0.984763	-0.567292	0.817813	-0.096752	0.820969	0.552386	-0.144502
37338		-0.070203	-0.162679	-0.984178	-0.578010	0.810738	-0.092780	0.813004	0.562351	-0.150946
37339		-0.074597	-0.163426	-0.983731	-0.587017	0.804650	-0.089162	0.806130	0.570816	-0.155958
37340		-0.078086	-0.163468	-0.983454	-0.594030	0.799856	-0.085785	0.800644	0.577503	-0.159562
37341		-0.080916	-0.162345	-0.983411	-0.599836	0.795906	-0.082036	0.796021	0.583247	-0.161782
37342		-0.084359	-0.160555	-0.983415	-0.605845	0.791818	-0.077304	0.791098	0.589276	-0.164068
37343		-0.090023	-0.159048	-0.983158	-0.613184	0.786731	-0.071125	0.784793	0.596454	-0.168350
37344		-0.097231	-0.157862	-0.982662	-0.623229	0.779453	-0.063551	0.775971	0.606245	-0.174172
37345		-0.104597	-0.156276	-0.982160	-0.636124	0.769644	-0.054716	0.764464	0.619053	-0.179913
37346		-0.111395	-0.154319	-0.981721	-0.650731	0.757955	-0.045307	0.751093	0.633790	-0.184853
37347		-0.117658	-0.152197	-0.981322	-0.664914	0.746052	-0.035987	0.737595	0.648261	-0.188977
37348		-0.123296	-0.149923	-0.980980	-0.676602	0.735839	-0.027418	0.725953	0.660352	-0.192164
37349		-0.128154	-0.147133	-0.980779	-0.684737	0.728521	-0.019819	0.717434	0.669036	-0.194110
37350		-0.132348	-0.143870	-0.980707	-0.690301	0.723406	-0.012967	0.711314	0.675267	-0.195055
37351		-0.136044	-0.140175	-0.980736	-0.693744	0.720190	-0.006702	0.707256	0.679468	-0.195224
37352		-0.139640	-0.136486	-0.980751	-0.694827	0.719176	-0.001154	0.705490	0.681291	-0.195260
37353		-0.143193	-0.132701	-0.980758	-0.694146	0.719823	0.003952	0.705448	0.681355	-0.195187
37354		-0.147032	-0.129374	-0.980634	-0.692265	0.721592	0.008597	0.706506	0.680123	-0.195658
37355		-0.150784	-0.125991	-0.980505	-0.690019	0.723672	0.013124	0.707911	0.678546	-0.196054
37356		-0.154212	-0.122328	-0.980436	-0.687110	0.726344	0.017450	0.709999	0.676358	-0.196063
37357		-0.157764	-0.118829	-0.980301	-0.685044	0.728170	0.021981	0.711214	0.675017	-0.196282
37358		-0.161303	-0.115356	-0.980140	-0.683895	0.729090	0.026740	0.711526	0.674626	-0.196496
37359		-0.164799	-0.111561	-0.979998	-0.682979	0.729746	0.031779	0.711604	0.674555	-0.196455
37360		-0.168767	-0.108083	-0.979712	-0.680747	0.731606	0.036555	0.712812	0.673105	-0.197048
37361		-0.173328	-0.105138	-0.979236	-0.677696	0.734191	0.041127	0.714623	0.670753	-0.198507
37362		-0.177869	-0.102109	-0.978742	-0.674466	0.736890	0.045695	0.716560	0.668256	-0.199939
37363		-0.182557	-0.099025	-0.978196	-0.671905	0.738907	0.050594	0.717786	0.666491	-0.201428
37364		-0.187415	-0.095942	-0.977584	-0.669537	0.740690	0.055666	0.718746	0.664961	-0.203053
37365		-0.192228	-0.092484	-0.976983	-0.667490	0.742109	0.061083	0.719378	0.663868	-0.204387
37366		-0.196967	-0.088740	-0.976386	-0.665499	0.743413	0.066686	0.719941	0.662919	-0.205484
37367		-0.201597	-0.084771	-0.975793	-0.663919	0.744281	0.072506	0.720118	0.662465	-0.206326
37368		-0.206481	-0.081184	-0.975077	-0.662693	0.744784	0.078321	0.719863	0.662349	-0.207584
37369		-0.211494	-0.078031	-0.974259	-0.662145	0.744641	0.084100	0.718912	0.662888	-0.209155
37370		-0.216127	-0.075020	-0.973479	-0.662627	0.743545	0.089813	0.717088	0.664464	-0.210411
37371		-0.220470	-0.072255	-0.972714	-0.664425	0.741224	0.095535	0.714096	0.667358	-0.211426
37372		-0.224748	-0.069916	-0.971905	-0.666785	0.738364	0.101074	0.710553	0.670769	-0.212565
37373		-0.228899	-0.067992	-0.971073	-0.669145	0.735500	0.106231	0.707001	0.674105	-0.213852
37374		-0.233073	-0.066948	-0.970152	-0.671648	0.732537	0.110808	0.703253	0.677428	-0.215700
37375		-0.236994	-0.066288	-0.969247	-0.673930	0.729810	0.114872	0.699752	0.680429	-0.217634
37376		-0.240433	-0.065485	-0.968454	-0.675511	0.727766	0.118495	0.697049	0.682692	-0.219215
37377		-0.243363	-0.064130	-0.967813	-0.677275	0.725506	0.122231	0.694315	0.685222	-0.219994
37378		-0.246434	-0.062552	-0.967139	-0.679812	0.722394	0.126499	0.690743	0.688647	-0.220546
37379		-0.249884	-0.060922	-0.966357	-0.682171	0.719353	0.131048	0.687169	0.691968	-0.221314
37380		-0.253591	-0.059179	-0.965500	-0.683551	0.717201	0.135577	0.684434	0.694349	-0.222327
37381		-0.257533	-0.057024	-0.964585	-0.684307	0.715550	0.140400	0.682203	0.696230	-0.223300
37382		-0.261648	-0.054722	-0.963611	-0.685004	0.713871	0.145458	0.679934	0.698136	-0.224268
37383		-0.265875	-0.052159	-0.962595	-0.684923	0.712892	0.150552	0.678374	0.699332	-0.225265
37384		-0.270508	-0.049621	-0.961438	-0.683900	0.712783	0.155633	0.677574	0.699627	-0.226749
37385		-0.275277	-0.046904	-0.960220	-0.682832	0.712627	0.160945	0.676729	0.699974	-0.228198
37386		-0.279973	-0.043900	-0.959004	-0.682731	0.711387	0.166753	0.674902	0.701428	-0.229142
37387		-0.284642	-0.040721	-0.957769	-0.683599	0.709054	0.173015	0.672064	0.703977	-0.229663
37388		-0.289333	-0.037729	-0.956485	-0.685058	0.706059	0.179376	0.668567	0.707147	-0.230133
37389		-0.293791	-0.034529	-0.955246	-0.686518	0.702992	0.185731	0.665116	0.710360	-0.230238
37390		-0.298266	-0.031520	-0.953962	-0.689120	0.698645	0.192376	0.660417	0.714774	-0.230103
37391		-0.302710	-0.028375	-0.952660	-0.692274	0.693564	0.199314	0.655075	0.719836	-0.229591
37392		-0.306985	-0.025025	-0.951385	-0.695153	0.688656	0.206192	0.650017	0.724656	-0.228803
37393		-0.311148	-0.021569	-0.950117	-0.697507	0.684224	0.212890	0.645501	0.728953	-0.227939
37394		-0.315230	-0.018189	-0.948841	-0.698969	0.680742	0.219166	0.641929	0.732298	-0.227304
37395		-0.319190	-0.014799	-0.947575	-0.699111	0.678724	0.224895	0.639814	0.734245	-0.226987
37396		-0.323246	-0.011621	-0.946244	-0.698360	0.677703	0.230243	0.638596	0.735244	-0.227181
37397		-0.327349	-0.008612	-0.944864	-0.696955	0.677417	0.235286	0.638041	0.735548	-0.227754
37398		-0.331346	-0.005589	-0.943493	-0.695017	0.677731	0.240069	0.638092	0.735289	-0.228448
37399		-0.335596	-0.002469	-0.942003	-0.692921	0.678082	0.245081	0.638151	0.734982	-0.229272
37400		-0.339789	0.000898	-0.940501	-0.691451	0.677618	0.250458	0.637525	0.735414	-0.229626
37401		-0.343683	0.004761	-0.939074	-0.691371	0.675454	0.256454	0.635522	0.737387	-0.228850
37402		-0.347535	0.008323	-0.937630	-0.693195	0.671095	0.262892	0.631427	0.741324	-0.227459
37403		-0.351328	0.011515	-0.936182	-0.695823	0.665808	0.269315	0.626418	0.746035	-0.225905
37404		-0.354784	0.014302	-0.934839	-0.698479	0.660604	0.275189	0.621494	0.750598	-0.224382
37405		-0.357651	0.017113	-0.933698	-0.700554	0.656213	0.280373	0.617503	0.754382	-0.222707
37406		-0.359847	0.020162	-0.932794	-0.702321	0.652304	0.285036	0.614211	0.757690	-0.220569
37407		-0.361404	0.023730	-0.932107	-0.703955	0.648586	0.289454	0.611421	0.760771	-0.217697
37408		-0.362577	0.027206	-0.931557	-0.706183	0.644253	0.293673	0.608148	0.764328	-0.214379
37409		-0.363664	0.030534	-0.931029	-0.708835	0.639407	0.297844	0.604402	0.768262	-0.210886
37410		-0.364568	0.033845	-0.930561	-0.711444	0.634635	0.301806	0.600781	0.772071	-0.207288
37411		-0.365129	0.037425	-0.930204	-0.714088	0.629813	0.305637	0.597293	0.775845	-0.203239
37412		-0.365170	0.041049	-0.930035	-0.717143	0.624606	0.309148	0.593596	0.779860	-0.198649
37413		-0.364489	0.044964	-0.930121	-0.720329	0.619391	0.312220	0.590147	0.783794	-0.193373
37414		-0.363154	0.048470	-0.930467	-0.723568	0.614487	0.314413	0.587000	0.787437	-0.188082
37415		-0.361056	0.051803	-0.931104	-0.726392	0.610512	0.315641	0.584802	0.790311	-0.182799
37416		-0.358186	0.054610	-0.932052	-0.728976	0.607377	0.315731	0.583349	0.792534	-0.177744
37417		-0.354366	0.057033	-0.933366	-0.731185	0.605310	0.314592	0.582918	0.793944	-0.172800
37418		-0.349507	0.058521	-0.935105	-0.733451	0.603943	0.311932	0.583005	0.794876	-0.168160
37419		-0.343438	0.059291	-0.937302	-0.735878	0.603118	0.307785	0.583553	0.795445	-0.163503
37420		-0.335834	0.058941	-0.940075	-0.739102	0.602202	0.301795	0.583904	0.796165	-0.158676
37421		-0.326305	0.057916	-0.943489	-0.742935	0.601409	0.293861	0.584442	0.796839	-0.153215
37422		-0.314493	0.055791	-0.947619	-0.747421	0.600859	0.283427	0.585198	0.797406	-0.147267
37423		-0.300242	0.052929	-0.952393	-0.751994	0.601123	0.270473	0.586822	0.797402	-0.140680
37424		-0.283628	0.048832	-0.957690	-0.756547	0.602271	0.254767	0.589230	0.796797	-0.133877
37425		-0.264944	0.043996	-0.963260	-0.760506	0.604616	0.236792	0.592820	0.795301	-0.126730
37426		-0.244719	0.037797	-0.968857	-0.763971	0.607781	0.216679	0.597043	0.793204	-0.119860
37427		-0.223702	0.030540	-0.974179	-0.765646	0.612983	0.195033	0.603111	0.789506	-0.113742
37428		-0.202640	0.021893	-0.979008	-0.765632	0.619765	0.172334	0.610528	0.784482	-0.108827
37429		-0.182226	0.012441	-0.983178	-0.763896	0.627777	0.149527	0.619077	0.778294	-0.104893
37430		-0.163409	0.001484	-0.986557	-0.761067	0.636116	0.127017	0.627754	0.771592	-0.102818
37431		-0.146729	-0.010355	-0.989122	-0.757869	0.643790	0.105685	0.635693	0.765132	-0.102310
37432		-0.132234	-0.022887	-0.990954	-0.756125	0.648764	0.085914	0.640929	0.760646	-0.103094
37433		-0.118529	-0.034029	-0.992367	-0.757935	0.648747	0.068283	0.641471	0.760243	-0.102687
37434		-0.103744	-0.043065	-0.993671	-0.764754	0.642219	0.052011	0.635915	0.765310	-0.099560
37435		-0.088352	-0.050469	-0.994810	-0.774614	0.631365	0.036765	0.626232	0.773842	-0.094876
37436		-0.073473	-0.058472	-0.995582	-0.785375	0.618643	0.021626	0.614645	0.783494	-0.091376
37437		-0.060379	-0.068042	-0.995854	-0.794809	0.606822	0.006728	0.603848	0.791920	-0.090719
37438		-0.048076	-0.077920	-0.995800	-0.800021	0.599914	-0.008318	0.598042	0.796261	-0.091179
37439		-0.035149	-0.085872	-0.995686	-0.800640	0.598690	-0.023369	0.598114	0.796364	-0.089796
37440		-0.022611	-0.093832	-0.995331	-0.798799	0.600368	-0.038451	0.601173	0.794200	-0.088527
37441		-0.011428	-0.102602	-0.994657	-0.795824	0.603197	-0.053078	0.605420	0.790965	-0.088547
37442		-0.001432	-0.111986	-0.993709	-0.792830	0.605735	-0.067121	0.609441	0.787746	-0.089654
37443		0.007477	-0.121445	-0.992570	-0.788573	0.609646	-0.080533	0.614896	0.783316	-0.091210
37444		0.015819	-0.130863	-0.991274	-0.783119	0.614779	-0.093657	0.621671	0.777767	-0.092756
37445		0.024206	-0.139480	-0.989929	-0.775697	0.622036	-0.106612	0.630641	0.770465	-0.093138
37446		0.032164	-0.148097	-0.988450	-0.765659	0.632028	-0.119609	0.642442	0.760663	-0.093063
37447		0.039568	-0.156638	-0.986863	-0.753426	0.644058	-0.132435	0.656341	0.748768	-0.092531
37448		0.046515	-0.164918	-0.985210	-0.739425	0.657447	-0.144964	0.671630	0.735231	-0.091363
37449		0.052515	-0.172274	-0.983648	-0.723656	0.672215	-0.156365	0.688160	0.720034	-0.089365
37450		0.057275	-0.179395	-0.982109	-0.706504	0.687764	-0.166831	0.705388	0.703419	-0.087351
37451		0.061315	-0.185510	-0.980728	-0.688947	0.703102	-0.176069	0.722214	0.686465	-0.084696
37452		0.064587	-0.190804	-0.979501	-0.672509	0.716855	-0.183986	0.737265	0.670606	-0.082018
37453		0.067058	-0.195030	-0.978502	-0.656550	0.729840	-0.190462	0.751296	0.655208	-0.079106
37454		0.068683	-0.198431	-0.977705	-0.641224	0.741996	-0.195638	0.764274	0.640365	-0.076277
37455		0.068799	-0.201012	-0.977170	-0.626389	0.753646	-0.199133	0.776468	0.625789	-0.074062
37456		0.068376	-0.203068	-0.976774	-0.612133	0.764571	-0.201802	0.787793	0.611714	-0.072026
37457		0.067432	-0.204287	-0.976586	-0.598852	0.774604	-0.203385	0.798016	0.598545	-0.070104
37458		0.066361	-0.204467	-0.976621	-0.587406	0.783190	-0.203884	0.806567	0.587203	-0.068132
37459		0.064628	-0.203635	-0.976911	-0.577373	0.790831	-0.203043	0.813919	0.577164	-0.066464
37461		0.061081	-0.199297	-0.978034	-0.559981	0.804285	-0.198864	0.826251	0.559827	-0.062476
37462		0.058071	-0.196295	-0.978824	-0.553296	0.809785	-0.195221	0.830958	0.552916	-0.061584
37463		0.054284	-0.192700	-0.979755	-0.548552	0.814122	-0.190516	0.834352	0.547789	-0.061512
37464		0.050739	-0.188135	-0.980832	-0.545463	0.817459	-0.185015	0.836598	0.544395	-0.061144
37465		0.047343	-0.183311	-0.981914	-0.542402	0.820746	-0.179375	0.838784	0.541085	-0.060572
37466		0.043206	-0.179120	-0.982878	-0.540129	0.823439	-0.173808	0.840472	0.538391	-0.061171
37467		0.038378	-0.175743	-0.983688	-0.538622	0.825527	-0.168500	0.841673	0.536302	-0.062977
37468		0.033779	-0.172274	-0.984470	-0.536276	0.828093	-0.163310	0.843367	0.533463	-0.064414
37469		0.029780	-0.168418	-0.985266	-0.532977	0.831210	-0.158193	0.845606	0.529835	-0.065010
37470		0.026049	-0.164634	-0.986011	-0.530194	0.833913	-0.153245	0.847476	0.526769	-0.065566
37471		0.023203	-0.160664	-0.986736	-0.530003	0.834909	-0.148406	0.847678	0.526417	-0.065780
37472		0.021178	-0.156949	-0.987380	-0.532437	0.834129	-0.144009	0.846204	0.528768	-0.065900
37473		0.019051	-0.154824	-0.987758	-0.536364	0.832163	-0.140781	0.843772	0.532480	-0.067188
37474		0.017132	-0.154592	-0.987830	-0.538010	0.831327	-0.139430	0.842764	0.533851	-0.068930
37475		0.015827	-0.155617	-0.987691	-0.534802	0.833321	-0.139865	0.844829	0.530433	-0.070035
37477		0.013596	-0.160241	-0.986984	-0.522816	0.840259	-0.143622	0.852337	0.517964	-0.072353
37478		0.013073	-0.163806	-0.986406	-0.518007	0.842685	-0.146804	0.855277	0.512884	-0.073836
37479		0.012544	-0.167944	-0.985717	-0.514191	0.844384	-0.150408	0.857584	0.508733	-0.075764
37480		0.011385	-0.172752	-0.984900	-0.512336	0.844845	-0.154108	0.858710	0.506354	-0.078889
37481		0.009838	-0.177717	-0.984032	-0.511929	0.844443	-0.157625	0.858972	0.505305	-0.082671
37482		0.008151	-0.182951	-0.983088	-0.511820	0.843819	-0.161277	0.859054	0.504479	-0.086760
37483		0.006183	-0.188054	-0.982139	-0.510788	0.843768	-0.164776	0.859684	0.502684	-0.090839
37484		0.004095	-0.192692	-0.981251	-0.508224	0.844681	-0.167994	0.861215	0.499383	-0.094471
37485		0.002113	-0.195755	-0.980651	-0.503189	0.847248	-0.170209	0.864174	0.493812	-0.096711
37486		0.000239	-0.197000	-0.980403	-0.496325	0.851101	-0.171140	0.868137	0.486639	-0.097573
37487		-0.003236	-0.196615	-0.980475	-0.488835	0.855657	-0.169972	0.872370	0.478741	-0.098881
37488		-0.009728	-0.195389	-0.980678	-0.482831	0.859738	-0.166504	0.875659	0.471882	-0.102704
37489		-0.018218	-0.192792	-0.981070	-0.479402	0.862767	-0.160642	0.877406	0.467401	-0.108143
37490		-0.026972	-0.189502	-0.981510	-0.478558	0.864489	-0.153757	0.877641	0.465563	-0.114004
37491		-0.035316	-0.185953	-0.981924	-0.480579	0.864635	-0.146457	0.876240	0.466720	-0.119901
37492		-0.041386	-0.182476	-0.982339	-0.488217	0.861507	-0.139462	0.871740	0.473823	-0.124742
37493		-0.045773	-0.180366	-0.982534	-0.505083	0.852759	-0.133013	0.861856	0.490173	-0.130133
37494		-0.051333	-0.182093	-0.981940	-0.530087	0.838266	-0.127738	0.846388	0.513957	-0.139556
37495		-0.058143	-0.187076	-0.980623	-0.555013	0.822546	-0.124012	0.829807	0.537049	-0.151655
37496		-0.061308	-0.191343	-0.979607	-0.570504	0.812046	-0.122909	0.819004	0.551334	-0.158947
37497		-0.060133	-0.192542	-0.979444	-0.572594	0.810384	-0.124153	0.817631	0.553358	-0.158979
37498		-0.058200	-0.191622	-0.979742	-0.567020	0.814081	-0.125539	0.821645	0.548227	-0.156033
37499		-0.059510	-0.190007	-0.979978	-0.568592	0.813346	-0.123171	0.820464	0.549878	-0.156438
37500		-0.064519	-0.187822	-0.980082	-0.581666	0.805114	-0.116000	0.810865	0.562596	-0.161195
37501		-0.071765	-0.185005	-0.980114	-0.601799	0.791666	-0.105369	0.795416	0.582270	-0.168150
37502		-0.080125	-0.181402	-0.980139	-0.622806	0.776846	-0.092863	0.778263	0.602996	-0.175223
37503		-0.089070	-0.176738	-0.980220	-0.641644	0.762897	-0.079249	0.761813	0.621894	-0.181354
37504		-0.098276	-0.171112	-0.980338	-0.657081	0.750994	-0.065211	0.747386	0.637753	-0.186240
37505		-0.106662	-0.163966	-0.980683	-0.668636	0.741818	-0.051306	0.735901	0.650247	-0.188757
37506		-0.112805	-0.154537	-0.981526	-0.675666	0.736215	-0.038260	0.728526	0.658868	-0.187464
37507		-0.117542	-0.144230	-0.982538	-0.678528	0.734093	-0.026587	0.725109	0.663555	-0.184151
37508		-0.122515	-0.134769	-0.983274	-0.677531	0.735312	-0.016363	0.725218	0.664194	-0.181396
37509		-0.127946	-0.126408	-0.983692	-0.674077	0.738626	-0.007241	0.727496	0.662158	-0.179713
37510		-0.133256	-0.118542	-0.983967	-0.669128	0.743147	0.001089	0.731102	0.658545	-0.178348
37511		-0.138861	-0.111234	-0.984045	-0.664884	0.746887	0.009397	0.733926	0.655581	-0.177671
37512		-0.144497	-0.104019	-0.984023	-0.660881	0.750281	0.017735	0.736449	0.652885	-0.177158
37513		-0.150436	-0.096977	-0.983852	-0.655991	0.754322	0.025952	0.739625	0.649302	-0.177093
37514		-0.157236	-0.090377	-0.983417	-0.651206	0.758119	0.034448	0.742433	0.645824	-0.178057
37515		-0.164441	-0.084005	-0.982803	-0.644823	0.763140	0.042661	0.746433	0.640749	-0.179660
37516		-0.172402	-0.077998	-0.981934	-0.637892	0.768439	0.050958	0.750581	0.635152	-0.182235
37517		-0.180720	-0.071941	-0.980900	-0.632738	0.772042	0.059952	0.752983	0.631487	-0.185043
37518		-0.188797	-0.065364	-0.979838	-0.629716	0.773690	0.069722	0.753534	0.630183	-0.187231
37519		-0.196771	-0.058777	-0.978686	-0.628480	0.773711	0.079894	0.752525	0.630806	-0.189184
37520		-0.205186	-0.052817	-0.977297	-0.628920	0.772207	0.090310	0.749905	0.633172	-0.191664
37521		-0.213375	-0.047115	-0.975834	-0.630656	0.769495	0.100746	0.746153	0.636912	-0.193905
37522		-0.221071	-0.041539	-0.974373	-0.633195	0.765990	0.111007	0.741749	0.641509	-0.195641
37523		-0.228338	-0.036270	-0.972906	-0.636353	0.761858	0.120947	0.736829	0.646728	-0.197042
37524		-0.235247	-0.031257	-0.971433	-0.640008	0.757183	0.130625	0.731470	0.652454	-0.198130
37525		-0.241578	-0.026269	-0.970026	-0.643544	0.752517	0.139891	0.726286	0.658049	-0.198697
37526		-0.247673	-0.021413	-0.968607	-0.646482	0.748285	0.148763	0.721609	0.663032	-0.199173
37527		-0.254095	-0.017095	-0.967028	-0.649355	0.744004	0.157471	0.716781	0.667957	-0.200148
37528		-0.260293	-0.013067	-0.965441	-0.651924	0.739947	0.165751	0.712210	0.672538	-0.201122
37529		-0.266000	-0.008899	-0.963932	-0.654620	0.735696	0.173853	0.707614	0.677254	-0.201521
37530		-0.271382	-0.004710	-0.962460	-0.656874	0.731796	0.181636	0.703469	0.681507	-0.201691
37531		-0.276858	-0.000803	-0.960910	-0.657976	0.728944	0.188967	0.700298	0.684573	-0.202343
37532		-0.282183	0.002991	-0.959356	-0.658167	0.726949	0.195859	0.697989	0.686685	-0.203164
37533		-0.286860	0.007362	-0.957944	-0.657363	0.725876	0.202428	0.696839	0.687786	-0.203386
37534		-0.291312	0.011721	-0.956556	-0.655770	0.725570	0.208600	0.696493	0.688049	-0.203680
37535		-0.295769	0.016049	-0.955125	-0.653405	0.725972	0.214536	0.696837	0.687537	-0.204234
37536		-0.300419	0.019975	-0.953598	-0.650912	0.726492	0.220279	0.697182	0.686884	-0.205250
37537		-0.305196	0.024007	-0.951987	-0.648401	0.726918	0.226201	0.697447	0.686305	-0.206286
37538		-0.309949	0.028501	-0.950326	-0.645750	0.727314	0.232424	0.697810	0.685712	-0.207026
37539		-0.314672	0.033453	-0.948611	-0.643174	0.727464	0.239007	0.698075	0.685330	-0.207396
37540		-0.319422	0.038562	-0.946828	-0.641646	0.726463	0.246053	0.697324	0.686123	-0.207305
37541		-0.324125	0.043729	-0.945003	-0.641341	0.724174	0.253483	0.695431	0.688230	-0.206678
37542		-0.329014	0.048458	-0.943081	-0.641565	0.721340	0.260888	0.692924	0.690884	-0.206242
37543		-0.333952	0.052716	-0.941115	-0.642011	0.718311	0.268051	0.690143	0.693722	-0.206037
37545		-0.342250	0.060484	-0.937660	-0.642811	0.712779	0.280606	0.685316	0.698776	-0.205069
37546		-0.345562	0.064326	-0.936189	-0.643990	0.709383	0.286448	0.682543	0.701881	-0.203711
37547		-0.348490	0.067960	-0.934845	-0.646140	0.705100	0.292125	0.679012	0.705844	-0.201809
37548		-0.351077	0.071511	-0.933612	-0.649195	0.699928	0.297736	0.674752	0.710625	-0.199304
37549		-0.353330	0.074872	-0.932498	-0.653308	0.693709	0.303242	0.669587	0.716353	-0.196194
37550		-0.354780	0.078708	-0.931631	-0.657330	0.687604	0.308413	0.664867	0.721808	-0.192211
37551		-0.355186	0.083077	-0.931097	-0.660648	0.682375	0.312903	0.661352	0.726266	-0.187486
37552		-0.354874	0.087755	-0.930787	-0.663318	0.677965	0.316817	0.658843	0.729837	-0.182383
37553		-0.354111	0.091968	-0.930670	-0.665894	0.673949	0.319965	0.656651	0.733031	-0.177411
37554		-0.352696	0.096118	-0.930788	-0.667891	0.670829	0.322351	0.655383	0.735357	-0.172402
37555		-0.350554	0.099884	-0.931201	-0.669236	0.668847	0.323679	0.655161	0.736660	-0.167620
37556		-0.347755	0.103370	-0.931870	-0.669840	0.668049	0.324076	0.656034	0.736903	-0.163076
37557		-0.344356	0.105785	-0.932860	-0.670576	0.667709	0.323253	0.657074	0.736868	-0.158993
37558		-0.340276	0.107511	-0.934159	-0.672018	0.667076	0.321562	0.657726	0.737192	-0.154741
37559		-0.335126	0.108080	-0.935953	-0.675332	0.665139	0.318616	0.656975	0.738856	-0.149916
37560		-0.328615	0.107922	-0.938278	-0.680204	0.662178	0.314394	0.655237	0.741535	-0.144193
37561		-0.320451	0.106201	-0.941293	-0.686949	0.658152	0.308119	0.652236	0.745357	-0.137951
37563		-0.297325	0.099589	-0.949568	-0.702069	0.651216	0.288127	0.647068	0.752330	-0.123704
37564		-0.281679	0.094293	-0.954864	-0.708940	0.650148	0.273335	0.646576	0.753934	-0.116285
37565		-0.263077	0.088504	-0.960707	-0.713841	0.652020	0.255542	0.649016	0.753019	-0.108353
37566		-0.242438	0.081054	-0.966775	-0.716979	0.656352	0.234825	0.653579	0.750088	-0.101011
37567		-0.220633	0.072726	-0.972642	-0.717761	0.663104	0.212397	0.660409	0.744986	-0.094103
37569		-0.176479	0.052234	-0.982918	-0.712667	0.682015	0.164200	0.678942	0.729470	-0.083135
37570		-0.156112	0.040485	-0.986909	-0.706845	0.693325	0.140253	0.689927	0.719487	-0.079620
37571		-0.138100	0.027262	-0.990043	-0.700566	0.703913	0.117104	0.700097	0.709762	-0.078112
37572		-0.123038	0.013271	-0.992313	-0.694197	0.713406	0.095616	0.709191	0.700625	-0.078564
37573		-0.110439	-0.001453	-0.993882	-0.690975	0.718901	0.075729	0.714392	0.695111	-0.080399
37574		-0.098804	-0.014704	-0.994998	-0.692561	0.719012	0.058146	0.714561	0.694842	-0.081225
37575		-0.086722	-0.026280	-0.995886	-0.700652	0.712253	0.042217	0.708214	0.701430	-0.080181
37576		-0.072633	-0.035374	-0.996731	-0.712029	0.701631	0.026985	0.698383	0.711662	-0.076149
37577		-0.058968	-0.045577	-0.997219	-0.723263	0.690482	0.011211	0.688051	0.721912	-0.073681
37578		-0.048410	-0.058812	-0.997095	-0.732901	0.680321	-0.004544	0.678611	0.730551	-0.076038
37579		-0.038594	-0.072168	-0.996646	-0.741036	0.671170	-0.019904	0.670355	0.737782	-0.079382
37580		-0.027866	-0.082737	-0.996182	-0.746051	0.665002	-0.034362	0.665306	0.742245	-0.080257
37581		-0.017592	-0.092916	-0.995519	-0.748674	0.661163	-0.048480	0.662705	0.744466	-0.081195
37582		-0.008646	-0.103336	-0.994609	-0.748438	0.660291	-0.062096	0.663148	0.743866	-0.083049
37583		-0.000450	-0.113917	-0.993490	-0.745993	0.661657	-0.075530	0.665954	0.741102	-0.085279
37584		0.007466	-0.123756	-0.992285	-0.741570	0.665010	-0.088519	0.670834	0.736509	-0.086808
37586		0.021558	-0.142859	-0.989508	-0.725306	0.678951	-0.113824	0.688089	0.720150	-0.088980
37587		0.027154	-0.152614	-0.987913	-0.712611	0.690116	-0.126197	0.701033	0.707425	-0.090015
37588		0.032273	-0.162588	-0.986166	-0.697386	0.703138	-0.138748	0.715969	0.692216	-0.090694
37589		0.036473	-0.172569	-0.984322	-0.679591	0.717874	-0.151038	0.732684	0.674445	-0.091093
37590		0.040058	-0.182464	-0.982396	-0.661683	0.731870	-0.162914	0.748713	0.656561	-0.091416
37591		0.042818	-0.191629	-0.980533	-0.644492	0.744627	-0.173669	0.763411	0.639382	-0.091620
37592		0.045389	-0.199572	-0.978831	-0.630736	0.754111	-0.183002	0.774669	0.625690	-0.091649
37593		0.047906	-0.205747	-0.977432	-0.617885	0.762756	-0.190842	0.784808	0.613083	-0.090587
37594		0.048729	-0.211613	-0.976138	-0.604529	0.771718	-0.197476	0.795091	0.599727	-0.090321
37595		0.047793	-0.216612	-0.975087	-0.590868	0.780954	-0.202447	0.805351	0.585824	-0.090665
37597		0.043179	-0.224011	-0.973630	-0.560765	0.801114	-0.209188	0.826848	0.555010	-0.091026
37598		0.040996	-0.225798	-0.973311	-0.543902	0.812107	-0.211309	0.838147	0.538049	-0.089519
37599		0.039325	-0.226584	-0.973197	-0.528244	0.822012	-0.212730	0.848181	0.522452	-0.087366
37600		0.037678	-0.226336	-0.973320	-0.514923	0.830347	-0.213022	0.856408	0.509211	-0.085260
37601		0.035750	-0.225460	-0.973596	-0.505508	0.836313	-0.212230	0.862081	0.499748	-0.084074
37602		0.033797	-0.223968	-0.974010	-0.498569	0.840866	-0.210652	0.866191	0.492731	-0.083244
37603		0.032443	-0.221916	-0.974526	-0.491246	0.845596	-0.208910	0.870416	0.485510	-0.081581
37604		0.031857	-0.219170	-0.975167	-0.481445	0.851648	-0.207137	0.875897	0.476088	-0.078387
37605		0.031625	-0.216103	-0.975858	-0.469435	0.858749	-0.205382	0.882401	0.464597	-0.074288
37606		0.031232	-0.212929	-0.976568	-0.456866	0.865963	-0.203424	0.888987	0.452514	-0.070234
37607		0.030285	-0.209925	-0.977248	-0.445013	0.872620	-0.201240	0.895012	0.440982	-0.066992
37608		0.029241	-0.206875	-0.977930	-0.434990	0.878218	-0.198788	0.899960	0.431203	-0.064309
37609		0.027580	-0.203974	-0.978588	-0.428730	0.881935	-0.195911	0.903012	0.424953	-0.063126
37610		0.024552	-0.201591	-0.979162	-0.427544	0.883247	-0.192565	0.903661	0.423362	-0.064504
37611		0.019722	-0.200013	-0.979595	-0.432128	0.881838	-0.188753	0.901597	0.427033	-0.069040
37612		0.013243	-0.199246	-0.979860	-0.442564	0.877567	-0.184427	0.896639	0.436093	-0.076557
37613		0.006021	-0.199224	-0.979936	-0.455684	0.871746	-0.180028	0.890121	0.447625	-0.085534
37614		-0.000634	-0.199649	-0.979867	-0.466528	0.866758	-0.176302	0.884506	0.457024	-0.093691
37615		-0.006172	-0.200461	-0.979682	-0.470904	0.864855	-0.173998	0.882163	0.460262	-0.099736
37616		-0.009970	-0.201428	-0.979453	-0.467955	0.866565	-0.173448	0.883696	0.456610	-0.102899
37617		-0.011712	-0.202431	-0.979227	-0.459430	0.870896	-0.174541	0.888137	0.447841	-0.103203
37618		-0.011322	-0.203134	-0.979085	-0.446557	0.877111	-0.176814	0.894684	0.435215	-0.100641
37619		-0.010018	-0.204225	-0.978873	-0.432037	0.883720	-0.179952	0.901800	0.421107	-0.097086
37620		-0.009157	-0.206017	-0.978506	-0.419797	0.888931	-0.183229	0.907572	0.409096	-0.094625
37621		-0.009129	-0.208747	-0.977927	-0.411813	0.891968	-0.186554	0.911223	0.401020	-0.094107
37622		-0.010031	-0.211794	-0.977263	-0.407498	0.893344	-0.189424	0.913151	0.396332	-0.095267
37623		-0.011656	-0.215103	-0.976522	-0.405663	0.893629	-0.192002	0.913948	0.393901	-0.097675
37625		-0.014972	-0.221071	-0.975143	-0.402759	0.893968	-0.196484	0.915183	0.389806	-0.102423
37627		-0.016460	-0.226146	-0.973954	-0.394952	0.896343	-0.201450	0.918554	0.381349	-0.104071
37628		-0.016420	-0.228011	-0.973520	-0.388970	0.898412	-0.203859	0.921104	0.375323	-0.103442
37629		-0.016155	-0.229256	-0.973232	-0.382249	0.900838	-0.205858	0.923918	0.368691	-0.102186
37631		-0.018030	-0.228677	-0.973335	-0.366478	0.907253	-0.206363	0.930252	0.352986	-0.100164
37633		-0.026066	-0.222427	-0.974601	-0.351269	0.914799	-0.199384	0.935912	0.337150	-0.101977
37634		-0.033874	-0.217245	-0.975529	-0.346165	0.918220	-0.192463	0.937562	0.331175	-0.106306
37635		-0.043848	-0.211009	-0.976500	-0.342202	0.921484	-0.183755	0.938603	0.326103	-0.112612
37636		-0.055364	-0.203916	-0.977422	-0.339729	0.924363	-0.173603	0.938892	0.322447	-0.120453
37637		-0.066080	-0.196426	-0.978289	-0.339687	0.926299	-0.163043	0.938215	0.321538	-0.127933
37638		-0.072298	-0.188946	-0.979322	-0.344178	0.926303	-0.153308	0.936117	0.325978	-0.132001
37639		-0.074546	-0.183753	-0.980142	-0.357302	0.922542	-0.145779	0.931009	0.339339	-0.134427
37640		-0.080450	-0.184169	-0.979597	-0.385402	0.912093	-0.139827	0.919235	0.366290	-0.144357
37641		-0.093618	-0.190959	-0.977124	-0.424473	0.895422	-0.134324	0.900588	0.402187	-0.164884
37642		-0.105528	-0.200242	-0.974047	-0.457709	0.879370	-0.131191	0.882817	0.431986	-0.184451
37643		-0.110397	-0.207969	-0.971885	-0.474239	0.870387	-0.132381	0.873447	0.446291	-0.194715
37644		-0.110392	-0.212311	-0.970947	-0.471953	0.870948	-0.136786	0.874685	0.443141	-0.196346
37645		-0.108202	-0.213050	-0.971031	-0.462878	0.875224	-0.140451	0.879793	0.434272	-0.193318
37646		-0.108649	-0.212390	-0.971126	-0.464345	0.874626	-0.139334	0.878965	0.435799	-0.193649
37647		-0.113667	-0.211650	-0.970713	-0.478595	0.867876	-0.133186	0.870647	0.449439	-0.199944
37648		-0.120472	-0.210429	-0.970158	-0.500657	0.856767	-0.123664	0.857222	0.470818	-0.208569
37649		-0.128105	-0.209327	-0.969418	-0.526440	0.842749	-0.112408	0.840506	0.495940	-0.218158
37650		-0.137000	-0.209324	-0.968202	-0.549108	0.829547	-0.101649	0.824446	0.517721	-0.228589
37651		-0.145297	-0.209520	-0.966949	-0.563296	0.820977	-0.093247	0.813380	0.531130	-0.237307
37652		-0.150680	-0.208305	-0.966387	-0.569844	0.817105	-0.087277	0.807820	0.537539	-0.241822
37653		-0.152880	-0.204828	-0.966785	-0.571371	0.816521	-0.082640	0.806327	0.539759	-0.241863
37654		-0.153794	-0.200380	-0.967572	-0.569860	0.817953	-0.078816	0.807222	0.539259	-0.239985
37655		-0.155419	-0.195994	-0.968210	-0.567931	0.819674	-0.074760	0.808269	0.538258	-0.238704
37656		-0.157464	-0.191704	-0.968739	-0.567716	0.820240	-0.070037	0.808024	0.538940	-0.237992
37658		-0.161481	-0.183054	-0.969750	-0.571534	0.818432	-0.059320	0.804533	0.544666	-0.236783
37659		-0.164081	-0.179377	-0.970001	-0.573465	0.817438	-0.054160	0.802630	0.547375	-0.236992
37660		-0.167573	-0.175975	-0.970027	-0.575710	0.816207	-0.048616	0.800298	0.550308	-0.238085
37661		-0.171660	-0.172676	-0.969905	-0.577940	0.814956	-0.042803	0.797821	0.553200	-0.239692
37662		-0.176015	-0.169223	-0.969733	-0.580256	0.813609	-0.036657	0.795187	0.556241	-0.241400
37663		-0.180828	-0.165967	-0.969410	-0.583375	0.811644	-0.030137	0.791817	0.560080	-0.243589
37664		-0.185235	-0.161754	-0.969290	-0.588336	0.808304	-0.022456	0.787114	0.566109	-0.244892
37665		-0.189408	-0.157330	-0.969212	-0.593694	0.804559	-0.014580	0.782082	0.572653	-0.245796
37666		-0.193973	-0.153265	-0.968960	-0.598600	0.801018	-0.006869	0.777208	0.578688	-0.247120
37667		-0.198284	-0.149660	-0.968651	-0.603261	0.797544	0.000265	0.772502	0.584402	-0.248425
37668		-0.202032	-0.145963	-0.968441	-0.606923	0.794731	0.006832	0.768653	0.589150	-0.249150
37669		-0.205647	-0.142591	-0.968182	-0.611530	0.791108	0.013380	0.764029	0.594824	-0.249888
37670		-0.209522	-0.139414	-0.967814	-0.616698	0.786942	0.020149	0.758804	0.601071	-0.250858
37671		-0.213586	-0.136899	-0.967285	-0.621564	0.782917	0.026442	0.753683	0.606877	-0.252312
37672		-0.217267	-0.134028	-0.966867	-0.626133	0.779030	0.032710	0.748834	0.612494	-0.253177
37673		-0.220701	-0.131392	-0.966451	-0.629711	0.775884	0.038318	0.744819	0.617042	-0.253978
37674		-0.224275	-0.128872	-0.965967	-0.632778	0.773095	0.043776	0.741143	0.621061	-0.254933
37675		-0.227576	-0.126764	-0.965474	-0.636044	0.770107	0.048812	0.737331	0.625193	-0.255885
37676		-0.230843	-0.124886	-0.964943	-0.639562	0.766858	0.053753	0.733261	0.629549	-0.256896
37677		-0.233893	-0.123578	-0.964377	-0.643311	0.763389	0.058201	0.729002	0.634007	-0.258051
37678		-0.237134	-0.122875	-0.963675	-0.646661	0.760238	0.062191	0.724980	0.637919	-0.259737
37679		-0.240066	-0.122526	-0.962993	-0.652395	0.754949	0.066581	0.718852	0.644236	-0.261172
37680		-0.242671	-0.122178	-0.962384	-0.658366	0.749353	0.070878	0.712506	0.650801	-0.262284
37681		-0.244602	-0.121887	-0.961932	-0.663744	0.744243	0.074475	0.706834	0.656693	-0.262945
37682		-0.245936	-0.121185	-0.961681	-0.668388	0.739742	0.077713	0.701978	0.661888	-0.262928
37683		-0.247364	-0.121220	-0.961310	-0.673329	0.734938	0.080586	0.696735	0.667212	-0.263418
37684		-0.248971	-0.121651	-0.960841	-0.679132	0.729235	0.083647	0.690503	0.673363	-0.264175
37685		-0.250495	-0.122505	-0.960336	-0.686088	0.722320	0.086818	0.683034	0.680622	-0.264987
37686		-0.251907	-0.123333	-0.959860	-0.693503	0.714790	0.090160	0.674979	0.688378	-0.265593
37687		-0.252792	-0.123821	-0.959565	-0.700831	0.707190	0.093375	0.667032	0.696097	-0.265549
37688		-0.253366	-0.123476	-0.959458	-0.706989	0.700605	0.096533	0.660282	0.702785	-0.264805
37689		-0.254313	-0.123249	-0.959237	-0.712867	0.694161	0.099805	0.653564	0.709189	-0.264394
37690		-0.255740	-0.123020	-0.958886	-0.719081	0.687157	0.103625	0.646157	0.716018	-0.264195
37691		-0.257176	-0.123041	-0.958500	-0.725756	0.679501	0.107502	0.638075	0.723283	-0.264049
37692		-0.258250	-0.122735	-0.958250	-0.731803	0.672400	0.111100	0.630692	0.729941	-0.263465
37693		-0.259090	-0.122782	-0.958017	-0.736949	0.666281	0.113911	0.624323	0.735523	-0.263111
37694		-0.259836	-0.122975	-0.957790	-0.741653	0.660611	0.116382	0.618415	0.740588	-0.262855
37695		-0.260039	-0.122992	-0.957733	-0.746702	0.654483	0.118692	0.612222	0.746006	-0.262029
37696		-0.260034	-0.122727	-0.957768	-0.752014	0.647918	0.121149	0.605687	0.751758	-0.260774
37697		-0.259956	-0.123209	-0.957728	-0.758154	0.640290	0.123414	0.598018	0.758188	-0.259858
37698		-0.259546	-0.123997	-0.957737	-0.764763	0.631985	0.125428	0.589723	0.764997	-0.258857
37699		-0.258280	-0.125027	-0.957946	-0.771971	0.622873	0.126842	0.580820	0.772267	-0.257393
37700		-0.256400	-0.126116	-0.958308	-0.779895	0.612675	0.128035	0.570984	0.780208	-0.255447
37701		-0.254110	-0.127859	-0.958687	-0.789177	0.600444	0.129099	0.559132	0.789379	-0.253482
37702		-0.251385	-0.129584	-0.959173	-0.799974	0.585663	0.130538	0.544836	0.800130	-0.250891
37703		-0.248085	-0.131204	-0.959812	-0.812438	0.567823	0.132373	0.527635	0.812627	-0.247463
37704		-0.244285	-0.132509	-0.960607	-0.825772	0.547747	0.134438	0.508356	0.826084	-0.243229
37705		-0.240277	-0.134025	-0.961408	-0.839291	0.526298	0.136389	0.487707	0.839671	-0.238943
37706		-0.236319	-0.135918	-0.962122	-0.852243	0.504604	0.138046	0.466728	0.852585	-0.235083
37707		-0.232106	-0.138055	-0.962844	-0.864618	0.482759	0.139208	0.445603	0.864803	-0.231416
37708		-0.227639	-0.139876	-0.963647	-0.876331	0.460881	0.140114	0.424528	0.876369	-0.227492
37709		-0.222804	-0.141184	-0.964586	-0.886864	0.440175	0.140424	0.404761	0.886743	-0.223284
37710		-0.217706	-0.141611	-0.965686	-0.895998	0.421342	0.140208	0.387030	0.895777	-0.218612
37711		-0.212416	-0.141985	-0.966809	-0.904634	0.402671	0.139619	0.369483	0.904265	-0.213978
37712		-0.207219	-0.142527	-0.967857	-0.912624	0.384526	0.138768	0.352388	0.912045	-0.209755
37713		-0.201848	-0.143346	-0.968870	-0.920250	0.366374	0.137513	0.335257	0.919360	-0.205866
37714		-0.196094	-0.144757	-0.969842	-0.927468	0.348482	0.135513	0.318356	0.926070	-0.202592
37715		-0.189470	-0.146770	-0.970855	-0.934170	0.331434	0.132206	0.302371	0.931993	-0.199905
37716		-0.182004	-0.148831	-0.971969	-0.940636	0.314355	0.128002	0.286492	0.937566	-0.197210
37717		-0.173766	-0.150704	-0.973188	-0.947143	0.296191	0.123248	0.269675	0.943165	-0.194206
37718		-0.165020	-0.152233	-0.974471	-0.953758	0.276295	0.118349	0.251225	0.948939	-0.190788
37719		-0.155947	-0.153089	-0.975830	-0.960152	0.255455	0.113365	0.231926	0.954624	-0.186826
37720		-0.146604	-0.153264	-0.977250	-0.966064	0.234580	0.108136	0.212670	0.959939	-0.182453
37721		-0.136933	-0.152871	-0.978713	-0.971788	0.212270	0.102809	0.192035	0.965180	-0.177625
37722		-0.126873	-0.151362	-0.980302	-0.977365	0.187751	0.097504	0.169295	0.970484	-0.171756
37723		-0.116506	-0.149282	-0.981907	-0.982667	0.160861	0.092140	0.144196	0.975622	-0.165435
37724		-0.105697	-0.146861	-0.983494	-0.987460	0.132131	0.086393	0.117262	0.980292	-0.158986
37725		-0.094230	-0.144234	-0.985047	-0.991648	0.101119	0.080055	0.088060	0.984364	-0.152558
37726		-0.082034	-0.140892	-0.986620	-0.994990	0.068344	0.072970	0.057148	0.987663	-0.145793
37727		-0.069228	-0.137281	-0.988110	-0.997293	0.034130	0.065130	0.024783	0.989944	-0.139272
37728		-0.055794	-0.133289	-0.989505	-0.998411	-0.000443	0.056356	-0.007949	0.991077	-0.133053
