// Start Time: Unknown
// Update Rate: 100.0Hz
// Filter Profile: human (46.1)
// Option Flags: AHS Disabled ICC Disabled 
// Firmware Version: 4.0.2
PacketCounter	SampleTimeFine	Mat[1][1]	Mat[2][1]	Mat[3][1]	Mat[1][2]	Mat[2][2]	Mat[3][2]	Mat[1][3]	Mat[2][3]	Mat[3][3]
12704		0.011872	0.078620	-0.996834	-0.519803	-0.851134	-0.073319	-0.854203	0.519028	0.030762
12705		0.012029	0.079033	-0.996799	-0.518529	-0.851869	-0.073799	-0.854975	0.517757	0.030734
12706		0.012055	0.079397	-0.996770	-0.517259	-0.852609	-0.074169	-0.855744	0.516482	0.030790
12707		0.011922	0.079742	-0.996744	-0.516327	-0.853151	-0.074430	-0.856309	0.515533	0.031001
12708		0.011794	0.080070	-0.996719	-0.515717	-0.853499	-0.074667	-0.856678	0.514906	0.031227
12709		0.011664	0.080216	-0.996709	-0.515298	-0.853746	-0.074741	-0.856932	0.514474	0.031377
12710		0.011364	0.080254	-0.996710	-0.515218	-0.853804	-0.074622	-0.856984	0.514371	0.031645
12711		0.011001	0.080175	-0.996720	-0.515432	-0.853698	-0.074360	-0.856860	0.514560	0.031934
12712		0.010669	0.079947	-0.996742	-0.515897	-0.853450	-0.073975	-0.856584	0.515006	0.032139
12713		0.010399	0.079638	-0.996770	-0.516491	-0.853128	-0.073550	-0.856229	0.515588	0.032261
12714		0.010068	0.079360	-0.996795	-0.517150	-0.852766	-0.073117	-0.855836	0.516229	0.032455
12715		0.009693	0.079142	-0.996816	-0.517692	-0.852471	-0.072716	-0.855512	0.516749	0.032708
12716		0.009234	0.078935	-0.996837	-0.518186	-0.852208	-0.072283	-0.855218	0.517215	0.033034
12717		0.008830	0.078687	-0.996860	-0.518556	-0.852020	-0.071848	-0.854998	0.517562	0.033281
12718		0.008451	0.078346	-0.996890	-0.518708	-0.851968	-0.071354	-0.854909	0.517698	0.033439
12719		0.008094	0.077976	-0.996922	-0.518626	-0.852060	-0.070856	-0.854963	0.517604	0.033544
12720		0.007731	0.077640	-0.996951	-0.518243	-0.852331	-0.070396	-0.855198	0.517208	0.033647
12721		0.007376	0.077164	-0.996991	-0.517710	-0.852702	-0.069827	-0.855524	0.516667	0.033659
12722		0.007047	0.076513	-0.997044	-0.517082	-0.853140	-0.069124	-0.855907	0.516041	0.033552
12723		0.006628	0.075914	-0.997092	-0.516467	-0.853570	-0.068420	-0.856282	0.515418	0.033549
12724		0.006103	0.075591	-0.997120	-0.516235	-0.853753	-0.067882	-0.856425	0.515162	0.033812
12725		0.005654	0.075391	-0.997138	-0.516286	-0.853754	-0.067478	-0.856397	0.515190	0.034097
12726		0.005321	0.075344	-0.997143	-0.516101	-0.853882	-0.067273	-0.856511	0.514984	0.034341
12727		0.004927	0.075402	-0.997141	-0.515997	-0.853956	-0.067124	-0.856576	0.514853	0.034700
12728		0.004475	0.075490	-0.997136	-0.515876	-0.854041	-0.066972	-0.856652	0.514699	0.035122
12729		0.004095	0.075640	-0.997127	-0.515616	-0.854203	-0.066916	-0.856810	0.514408	0.035503
12730		0.003648	0.075970	-0.997103	-0.515842	-0.854063	-0.066959	-0.856676	0.514592	0.036073
12731		0.003413	0.076402	-0.997071	-0.515997	-0.853950	-0.067202	-0.856584	0.514715	0.036509
12732		0.003186	0.076856	-0.997037	-0.515853	-0.854015	-0.067479	-0.856671	0.514540	0.036926
12733		0.002976	0.077394	-0.996996	-0.515772	-0.854036	-0.067836	-0.856721	0.514425	0.037376
12734		0.002765	0.078033	-0.996947	-0.515691	-0.854050	-0.068278	-0.856770	0.514305	0.037879
12735		0.002505	0.078768	-0.996890	-0.515733	-0.853985	-0.068772	-0.856746	0.514301	0.038484
12736		0.002331	0.079583	-0.996826	-0.516002	-0.853774	-0.069369	-0.856584	0.514526	0.039075
12737		0.002266	0.080401	-0.996760	-0.516416	-0.853471	-0.070017	-0.856335	0.514901	0.039587
12738		0.002275	0.081213	-0.996694	-0.516964	-0.853083	-0.070691	-0.856004	0.515416	0.040043
12739		0.002264	0.082014	-0.996629	-0.517773	-0.852539	-0.071333	-0.855515	0.516189	0.040534
12740		0.002284	0.082738	-0.996569	-0.518779	-0.851878	-0.071915	-0.854905	0.517164	0.040977
12741		0.002326	0.083315	-0.996521	-0.519676	-0.851291	-0.072386	-0.854360	0.518036	0.041316
12742		0.002339	0.083826	-0.996478	-0.520174	-0.850952	-0.072805	-0.854057	0.518512	0.041613
12743		0.002346	0.084348	-0.996434	-0.520554	-0.850682	-0.073236	-0.853826	0.518869	0.041912
12744		0.002330	0.084853	-0.996391	-0.520832	-0.850476	-0.073644	-0.853656	0.519124	0.042213
12745		0.002346	0.085158	-0.996365	-0.520879	-0.850425	-0.073911	-0.853627	0.519159	0.042362
12746		0.002476	0.085160	-0.996364	-0.520653	-0.850556	-0.073992	-0.853765	0.518943	0.042233
12747		0.002507	0.085064	-0.996372	-0.520428	-0.850698	-0.073937	-0.853902	0.518726	0.042137
12748		0.002490	0.085040	-0.996374	-0.520268	-0.850798	-0.073915	-0.854000	0.518566	0.042126
12749		0.002566	0.085046	-0.996374	-0.520006	-0.850954	-0.073973	-0.854159	0.518310	0.042041
12750		0.002739	0.085033	-0.996374	-0.519797	-0.851073	-0.074062	-0.854285	0.518116	0.041869
12751		0.003007	0.084923	-0.996383	-0.520021	-0.850934	-0.074096	-0.854148	0.518363	0.041603
12752		0.003208	0.084808	-0.996392	-0.520640	-0.850557	-0.074072	-0.853770	0.519000	0.041426
12753		0.003313	0.084653	-0.996405	-0.521615	-0.849971	-0.073947	-0.853175	0.519984	0.041341
12754		0.003263	0.084582	-0.996411	-0.522797	-0.849257	-0.073802	-0.852451	0.521162	0.041448
12755		0.003268	0.084449	-0.996422	-0.523823	-0.848638	-0.073642	-0.851821	0.522189	0.041463
12756		0.003317	0.084259	-0.996438	-0.524550	-0.848204	-0.073470	-0.851373	0.522925	0.041385
12757		0.003453	0.084013	-0.996459	-0.524980	-0.847951	-0.073311	-0.851107	0.523374	0.041177
12758		0.003617	0.083744	-0.996481	-0.525306	-0.847763	-0.073153	-0.850906	0.523722	0.040925
12759		0.003691	0.083618	-0.996491	-0.525516	-0.847640	-0.073074	-0.850776	0.523941	0.040814
12760		0.003693	0.083563	-0.996496	-0.525527	-0.847637	-0.073028	-0.850769	0.523955	0.040785
12761		0.003655	0.083504	-0.996501	-0.525344	-0.847755	-0.072967	-0.850882	0.523773	0.040770
12762		0.003596	0.083496	-0.996502	-0.525096	-0.847912	-0.072941	-0.851036	0.523521	0.040795
12763		0.003509	0.083522	-0.996500	-0.524835	-0.848074	-0.072929	-0.851197	0.523254	0.040860
12764		0.003464	0.083587	-0.996494	-0.524610	-0.848209	-0.072972	-0.851335	0.523024	0.040912
12765		0.003421	0.083735	-0.996482	-0.524326	-0.848375	-0.073089	-0.851511	0.522731	0.041002
12766		0.003300	0.083943	-0.996465	-0.523990	-0.848571	-0.073220	-0.851718	0.522380	0.041185
12767		0.003158	0.084234	-0.996441	-0.523721	-0.848721	-0.073406	-0.851884	0.522089	0.041434
12768		0.002964	0.084567	-0.996413	-0.523395	-0.848905	-0.073605	-0.852085	0.521736	0.041746
12769		0.002819	0.084904	-0.996385	-0.522996	-0.849131	-0.073836	-0.852331	0.521313	0.042011
12770		0.002706	0.085244	-0.996356	-0.522453	-0.849443	-0.074094	-0.852664	0.520750	0.042237
12771		0.002755	0.085489	-0.996335	-0.521669	-0.849901	-0.074366	-0.853144	0.519962	0.042256
12772		0.002818	0.085706	-0.996316	-0.520874	-0.850365	-0.074624	-0.853629	0.519166	0.042246
12773		0.002948	0.085854	-0.996303	-0.520338	-0.850674	-0.074845	-0.853955	0.518635	0.042165
12774		0.003011	0.086085	-0.996283	-0.520183	-0.850748	-0.075081	-0.854049	0.518476	0.042218
12775		0.002961	0.086403	-0.996256	-0.520336	-0.850633	-0.075320	-0.853956	0.518611	0.042440
12776		0.002842	0.086759	-0.996225	-0.520683	-0.850401	-0.075545	-0.853745	0.518933	0.042757
12777		0.002735	0.086981	-0.996206	-0.521032	-0.850177	-0.075661	-0.853533	0.519263	0.042995
12778		0.002604	0.087077	-0.996198	-0.521407	-0.849948	-0.075656	-0.853304	0.519622	0.043189
12779		0.002442	0.087191	-0.996189	-0.521569	-0.849848	-0.075661	-0.853205	0.519766	0.043401
12780		0.002245	0.087388	-0.996172	-0.521694	-0.849766	-0.075721	-0.853130	0.519867	0.043683
12781		0.001978	0.087594	-0.996154	-0.521779	-0.849710	-0.075753	-0.853078	0.519922	0.044024
12782		0.001676	0.087693	-0.996146	-0.521817	-0.849694	-0.075678	-0.853056	0.519933	0.044336
12783		0.001445	0.087733	-0.996143	-0.521728	-0.849756	-0.075597	-0.853111	0.519824	0.044545
12784		0.001070	0.087912	-0.996128	-0.521734	-0.849756	-0.075554	-0.853108	0.519794	0.044957
12785		0.000620	0.088228	-0.996100	-0.521980	-0.849603	-0.075577	-0.852958	0.519991	0.045527
12786		0.000348	0.088515	-0.996075	-0.522067	-0.849541	-0.075675	-0.852905	0.520044	0.045915
12787		0.000179	0.088729	-0.996056	-0.521704	-0.849753	-0.075790	-0.853127	0.519660	0.046138
12788		-0.000062	0.088970	-0.996034	-0.521604	-0.849807	-0.075876	-0.853188	0.519530	0.046460
12789		-0.000338	0.089281	-0.996006	-0.521757	-0.849703	-0.075990	-0.853094	0.519648	0.046870
12790		-0.000617	0.089616	-0.995976	-0.521952	-0.849572	-0.076119	-0.852975	0.519805	0.047299
12791		-0.000929	0.089833	-0.995956	-0.522288	-0.849365	-0.076123	-0.852769	0.520105	0.047708
12792		-0.001196	0.090010	-0.995940	-0.522783	-0.849062	-0.076108	-0.852465	0.520569	0.048072
12793		-0.001472	0.090173	-0.995925	-0.523262	-0.848769	-0.076076	-0.852171	0.521018	0.048433
12794		-0.001822	0.090369	-0.995907	-0.523751	-0.848472	-0.076032	-0.851870	0.521468	0.048877
12795		-0.002184	0.090525	-0.995892	-0.524230	-0.848183	-0.075949	-0.851574	0.521910	0.049308
12796		-0.002572	0.090647	-0.995880	-0.524811	-0.847836	-0.075817	-0.851215	0.522454	0.049753
12797		-0.002956	0.090682	-0.995876	-0.525353	-0.847518	-0.075614	-0.850879	0.522962	0.050145
12798		-0.003331	0.090773	-0.995866	-0.525931	-0.847173	-0.075461	-0.850521	0.523505	0.050562
12799		-0.003703	0.090797	-0.995863	-0.526511	-0.846831	-0.075252	-0.850160	0.524054	0.050942
12800		-0.004146	0.090891	-0.995852	-0.527284	-0.846368	-0.075052	-0.849679	0.524786	0.051434
12801		-0.004652	0.090968	-0.995843	-0.527943	-0.845978	-0.074811	-0.849267	0.525401	0.051962
12802		-0.005136	0.091001	-0.995838	-0.528607	-0.845587	-0.074545	-0.848851	0.526023	0.052447
12803		-0.005591	0.090979	-0.995837	-0.529092	-0.845309	-0.074257	-0.848546	0.526475	0.052862
12804		-0.006064	0.090870	-0.995844	-0.529573	-0.845041	-0.073884	-0.848243	0.526924	0.053247
12805		-0.006499	0.090733	-0.995854	-0.529990	-0.844812	-0.073512	-0.847979	0.527315	0.053578
12806		-0.007002	0.090613	-0.995862	-0.530455	-0.844554	-0.073116	-0.847684	0.527747	0.053980
12807		-0.007574	0.090576	-0.995861	-0.530768	-0.844388	-0.072762	-0.847483	0.528020	0.054471
12808		-0.008136	0.090453	-0.995868	-0.531009	-0.844272	-0.072345	-0.847327	0.528226	0.054900
12809		-0.008742	0.090017	-0.995902	-0.530737	-0.844501	-0.071673	-0.847492	0.527935	0.055157
12810		-0.009357	0.089488	-0.995944	-0.530297	-0.844840	-0.070929	-0.847760	0.527482	0.055360
12811		-0.010222	0.089188	-0.995962	-0.530301	-0.844897	-0.070218	-0.847748	0.527442	0.055933
12812		-0.011059	0.089207	-0.995952	-0.530680	-0.844696	-0.069766	-0.847500	0.527760	0.056682
12813		-0.011653	0.089204	-0.995945	-0.530300	-0.844959	-0.069476	-0.847730	0.527340	0.057151
12814		-0.012182	0.089179	-0.995941	-0.529503	-0.845478	-0.069229	-0.848220	0.526511	0.057520
12815		-0.012905	0.089276	-0.995923	-0.529556	-0.845470	-0.068927	-0.848177	0.526508	0.058187
12816		-0.013607	0.089468	-0.995897	-0.530266	-0.845046	-0.068671	-0.847722	0.527156	0.058941
12817		-0.014344	0.089727	-0.995863	-0.530846	-0.844699	-0.068461	-0.847347	0.527668	0.059747
12818		-0.014980	0.089953	-0.995833	-0.531490	-0.844309	-0.068271	-0.846932	0.528253	0.060457
12819		-0.015536	0.090120	-0.995810	-0.532016	-0.843993	-0.068080	-0.846592	0.528729	0.061058
12820		-0.016095	0.090221	-0.995792	-0.532492	-0.843712	-0.067836	-0.846282	0.529160	0.061622
12821		-0.016692	0.090228	-0.995781	-0.532751	-0.843575	-0.067507	-0.846107	0.529377	0.062150
12822		-0.017233	0.090184	-0.995776	-0.533054	-0.843412	-0.067160	-0.845906	0.529645	0.062608
12823		-0.017853	0.090075	-0.995775	-0.533100	-0.843416	-0.066735	-0.845864	0.529656	0.063077
12824		-0.018540	0.089969	-0.995772	-0.533363	-0.843287	-0.066261	-0.845683	0.529879	0.063620
12825		-0.019261	0.089901	-0.995764	-0.533695	-0.843113	-0.065796	-0.845458	0.530167	0.064219
12826		-0.019910	0.089864	-0.995755	-0.534337	-0.842740	-0.065371	-0.845037	0.530768	0.064797
12827		-0.020579	0.089809	-0.995746	-0.534852	-0.842447	-0.064929	-0.844695	0.531241	0.065371
12828		-0.021205	0.089740	-0.995739	-0.535317	-0.842185	-0.064501	-0.844385	0.531668	0.065898
12829		-0.021910	0.089741	-0.995724	-0.535637	-0.842012	-0.064101	-0.844164	0.531942	0.066517
12830		-0.022630	0.089943	-0.995690	-0.535869	-0.841882	-0.063870	-0.843998	0.532114	0.067249
12831		-0.023353	0.090227	-0.995647	-0.535897	-0.841875	-0.063722	-0.843960	0.532076	0.068013
12832		-0.023993	0.090564	-0.995602	-0.535829	-0.841922	-0.063672	-0.843986	0.531945	0.068727
12833		-0.024705	0.091001	-0.995544	-0.535718	-0.841993	-0.063671	-0.844035	0.531758	0.069552
12834		-0.025440	0.091527	-0.995478	-0.535786	-0.841946	-0.063719	-0.843970	0.531742	0.070458
12835		-0.026127	0.092059	-0.995411	-0.535952	-0.841835	-0.063788	-0.843844	0.531826	0.071334
12836		-0.026729	0.092600	-0.995345	-0.536434	-0.841521	-0.063884	-0.843519	0.532229	0.072167
12837		-0.027414	0.093244	-0.995266	-0.537202	-0.841023	-0.063996	-0.843008	0.532904	0.073147
12838		-0.028110	0.094000	-0.995175	-0.538429	-0.840225	-0.064155	-0.842202	0.534028	0.074231
12839		-0.028829	0.094831	-0.995076	-0.539720	-0.839381	-0.064356	-0.841351	0.535208	0.075380
12840		-0.029522	0.095706	-0.994972	-0.541159	-0.838436	-0.064592	-0.840402	0.536531	0.076544
12841		-0.030242	0.096605	-0.994863	-0.542320	-0.837665	-0.064855	-0.839628	0.537573	0.077723
12842		-0.030929	0.097567	-0.994748	-0.543631	-0.836791	-0.065172	-0.838754	0.538760	0.078921
12843		-0.031620	0.098567	-0.994628	-0.544703	-0.836064	-0.065537	-0.838032	0.539705	0.080126
12844		-0.032307	0.099512	-0.994512	-0.545795	-0.835327	-0.065854	-0.837296	0.540672	0.081300
12845		-0.033041	0.100372	-0.994401	-0.546719	-0.834704	-0.066087	-0.836664	0.541474	0.082455
12846		-0.033745	0.101268	-0.994287	-0.547928	-0.833891	-0.066335	-0.835845	0.542559	0.083628
12847		-0.034499	0.102147	-0.994171	-0.549095	-0.833106	-0.066544	-0.835047	0.543599	0.084830
12848		-0.035247	0.103082	-0.994048	-0.550617	-0.832084	-0.066763	-0.834014	0.544986	0.086087
12849		-0.036044	0.104044	-0.993919	-0.552092	-0.831089	-0.066978	-0.833004	0.546321	0.087398
12850		-0.036859	0.105145	-0.993774	-0.553727	-0.829976	-0.067277	-0.831882	0.547799	0.088814
12851		-0.037677	0.106355	-0.993614	-0.555412	-0.828819	-0.067655	-0.830722	0.549316	0.090298
12852		-0.038428	0.107778	-0.993432	-0.557212	-0.827563	-0.068229	-0.829481	0.550930	0.091857
12853		-0.038990	0.109339	-0.993240	-0.558781	-0.826437	-0.069042	-0.828398	0.552311	0.093319
12854		-0.039342	0.111272	-0.993011	-0.560361	-0.825262	-0.070274	-0.827313	0.553680	0.094820
12855		-0.039487	0.113631	-0.992738	-0.561872	-0.824087	-0.071978	-0.826281	0.554949	0.096387
12856		-0.039321	0.116592	-0.992401	-0.563450	-0.822799	-0.074341	-0.825214	0.556245	0.098047
12857		-0.039015	0.120167	-0.991987	-0.564737	-0.821641	-0.077320	-0.824348	0.557195	0.099919
12858		-0.038534	0.124784	-0.991435	-0.566241	-0.820227	-0.081227	-0.823338	0.558262	0.102264
12859		-0.037744	0.130713	-0.990702	-0.567807	-0.818617	-0.086376	-0.822296	0.559267	0.105118
12860		-0.036359	0.137826	-0.989789	-0.570188	-0.816265	-0.092718	-0.820709	0.560995	0.108265
12861		-0.033907	0.145496	-0.988778	-0.572507	-0.813765	-0.100111	-0.819199	0.562688	0.110890
12862		-0.030422	0.153504	-0.987680	-0.575256	-0.810774	-0.108291	-0.817408	0.564874	0.112969
12863		-0.026508	0.161972	-0.986439	-0.578425	-0.807300	-0.117014	-0.815305	0.567479	0.115089
12864		-0.021949	0.170792	-0.985063	-0.581872	-0.803408	-0.126331	-0.812984	0.570408	0.117013
12865		-0.017071	0.179998	-0.983519	-0.585308	-0.799303	-0.136124	-0.810632	0.573337	0.118999
12866		-0.011927	0.189601	-0.981789	-0.588763	-0.794944	-0.146365	-0.808218	0.576295	0.121112
12867		-0.006992	0.199723	-0.979828	-0.592216	-0.790361	-0.156877	-0.805749	0.579172	0.123805
12868		-0.002327	0.210216	-0.977652	-0.595408	-0.785761	-0.167539	-0.803420	0.581712	0.126993
12869		0.001844	0.221003	-0.975271	-0.597328	-0.781922	-0.178318	-0.801995	0.582886	0.130570
12870		0.005524	0.232069	-0.972684	-0.597857	-0.778945	-0.189241	-0.801584	0.582571	0.134441
12871		0.009081	0.243308	-0.969906	-0.597607	-0.776355	-0.200350	-0.801738	0.581442	0.138353
12872		0.012390	0.254581	-0.966972	-0.597220	-0.773729	-0.211358	-0.801982	0.580114	0.142454
12873		0.015922	0.265703	-0.963923	-0.598002	-0.770092	-0.222152	-0.801336	0.579966	0.146630
12874		0.019649	0.276405	-0.960840	-0.600676	-0.764986	-0.232347	-0.799251	0.581719	0.150999
12875		0.023589	0.286307	-0.957847	-0.604193	-0.759257	-0.241827	-0.796489	0.584429	0.155074
12876		0.027783	0.295106	-0.955061	-0.606778	-0.754293	-0.250722	-0.794385	0.586476	0.158108
12877		0.031509	0.302725	-0.952557	-0.608341	-0.750368	-0.258592	-0.793050	0.587627	0.160517
12878		0.034263	0.309188	-0.950383	-0.608538	-0.747880	-0.265247	-0.792784	0.587433	0.162528
12879		0.036411	0.314293	-0.948628	-0.607439	-0.746805	-0.270741	-0.793532	0.586091	0.163722
12880		0.038264	0.317851	-0.947368	-0.605189	-0.747044	-0.275084	-0.795162	0.583863	0.163775
12881		0.039916	0.319634	-0.946700	-0.602949	-0.747811	-0.277905	-0.796781	0.581905	0.162873
12882		0.041071	0.319268	-0.946774	-0.601455	-0.748760	-0.278585	-0.797850	0.580884	0.161273
12883		0.041243	0.316836	-0.947583	-0.600933	-0.749816	-0.276866	-0.798234	0.580853	0.159473
12884		0.039953	0.312867	-0.948956	-0.601668	-0.750704	-0.272836	-0.797747	0.581857	0.158249
12885		0.037324	0.307463	-0.950828	-0.603664	-0.751325	-0.266648	-0.796365	0.583932	0.157562
12886		0.033483	0.300677	-0.953138	-0.606469	-0.751912	-0.258503	-0.794402	0.586704	0.157175
12887		0.028734	0.292149	-0.955941	-0.610170	-0.752365	-0.248274	-0.791749	0.590421	0.156642
12888		0.023004	0.281767	-0.959207	-0.614492	-0.752834	-0.235882	-0.788587	0.594852	0.155825
12889		0.016502	0.269393	-0.962889	-0.619149	-0.753417	-0.221399	-0.785100	0.599825	0.154362
12890		0.009165	0.254922	-0.966918	-0.624708	-0.753578	-0.204598	-0.780805	0.605916	0.152346
12891		0.000990	0.238395	-0.971168	-0.630258	-0.753852	-0.185692	-0.776385	0.612270	0.149504
12892		-0.008218	0.219920	-0.975483	-0.635430	-0.754385	-0.164721	-0.772115	0.618497	0.145943
12893		-0.018486	0.199653	-0.979692	-0.640914	-0.754429	-0.141652	-0.767390	0.625280	0.141907
12894		-0.029932	0.177523	-0.983661	-0.646227	-0.754209	-0.116449	-0.762558	0.632183	0.137295
12895		-0.042579	0.153550	-0.987223	-0.651243	-0.753617	-0.089127	-0.757674	0.639127	0.132087
12896		-0.056707	0.127727	-0.990187	-0.655765	-0.752615	-0.059527	-0.752833	0.645954	0.126437
12897		-0.072297	0.100261	-0.992331	-0.659993	-0.750758	-0.027769	-0.747785	0.652924	0.120450
12898		-0.089441	0.071302	-0.993437	-0.663658	-0.748012	0.006063	-0.742670	0.659844	0.114223
12899		-0.107596	0.040936	-0.993352	-0.666509	-0.744340	0.041519	-0.737691	0.666545	0.107372
12900		-0.126531	0.009107	-0.991921	-0.668008	-0.740011	0.078418	-0.733318	0.672533	0.099717
12901		-0.146280	-0.023419	-0.988966	-0.667964	-0.735064	0.116206	-0.729675	0.677593	0.091883
12902		-0.167034	-0.056072	-0.984355	-0.666734	-0.729070	0.154668	-0.726337	0.682138	0.084395
12903		-0.188399	-0.088421	-0.978104	-0.664462	-0.721904	0.193247	-0.723184	0.686321	0.077254
12904		-0.210069	-0.119774	-0.970322	-0.660585	-0.714271	0.231180	-0.720763	0.689544	0.070926
12905		-0.231345	-0.149564	-0.961306	-0.655695	-0.705998	0.267640	-0.718710	0.692241	0.065261
12906		-0.251884	-0.177569	-0.951327	-0.650284	-0.696968	0.302268	-0.716718	0.694770	0.060085
12907		-0.271399	-0.203835	-0.940635	-0.645368	-0.686509	0.334972	-0.714033	0.697966	0.054770
12908		-0.290286	-0.228344	-0.929297	-0.641697	-0.673966	0.366053	-0.709901	0.702587	0.049115
12909		-0.308492	-0.250899	-0.917542	-0.638649	-0.660225	0.395260	-0.704954	0.707921	0.043437
12910		-0.325770	-0.271073	-0.905755	-0.635880	-0.646144	0.422083	-0.699664	0.713454	0.038124
12911		-0.341479	-0.289137	-0.894311	-0.633026	-0.632581	0.446229	-0.694745	0.718500	0.032982
12912		-0.355419	-0.305205	-0.883475	-0.629273	-0.620773	0.467607	-0.691153	0.722143	0.028577
12913		-0.367663	-0.319183	-0.873468	-0.624803	-0.610902	0.486230	-0.688800	0.724514	0.025179
12914		-0.378329	-0.331061	-0.864445	-0.619619	-0.603217	0.502197	-0.687706	0.725622	0.023084
12915		-0.387481	-0.340959	-0.856508	-0.614614	-0.596932	0.515676	-0.687101	0.726236	0.021742
12916		-0.395337	-0.348894	-0.849695	-0.610640	-0.591210	0.526869	-0.686169	0.727148	0.020678
12917		-0.402250	-0.354701	-0.844027	-0.608057	-0.585700	0.535930	-0.684442	0.728795	0.019919
12918		-0.408344	-0.358679	-0.839407	-0.606487	-0.580656	0.543151	-0.682223	0.730882	0.019573
12919		-0.413478	-0.361236	-0.835790	-0.605293	-0.576677	0.548693	-0.680188	0.732770	0.019790
12920		-0.417672	-0.362776	-0.833033	-0.603897	-0.574180	0.552834	-0.678866	0.733969	0.020740
12921		-0.421213	-0.363215	-0.831056	-0.602306	-0.573056	0.555729	-0.678090	0.734631	0.022612
12922		-0.424092	-0.362779	-0.829782	-0.600442	-0.573277	0.557515	-0.677949	0.734674	0.025295
12923		-0.426358	-0.361382	-0.829230	-0.598313	-0.574872	0.558161	-0.678410	0.734116	0.028882
12924		-0.427970	-0.359176	-0.829358	-0.595899	-0.577792	0.557728	-0.679518	0.732905	0.033245
12925		-0.428942	-0.356151	-0.830160	-0.593831	-0.581347	0.556238	-0.680716	0.731568	0.037871
12926		-0.429404	-0.352090	-0.831652	-0.592127	-0.585555	0.553634	-0.681907	0.730176	0.042958
12927		-0.429299	-0.347010	-0.833838	-0.591094	-0.590100	0.549899	-0.682869	0.728949	0.048214
12928		-0.428744	-0.340970	-0.836611	-0.590995	-0.594554	0.545189	-0.683303	0.728179	0.053400
12929		-0.427837	-0.334161	-0.839817	-0.591551	-0.598993	0.539698	-0.683391	0.727697	0.058598
12930		-0.426733	-0.326853	-0.843247	-0.592713	-0.603167	0.533743	-0.683074	0.727569	0.063662
12931		-0.425613	-0.319146	-0.846758	-0.593882	-0.607510	0.527481	-0.682758	0.727377	0.069029
12932		-0.424648	-0.311072	-0.850240	-0.594881	-0.612070	0.521044	-0.682489	0.727052	0.074863
12933		-0.423931	-0.302775	-0.853586	-0.596307	-0.616058	0.514676	-0.681690	0.727186	0.080619
12934		-0.423393	-0.294489	-0.856746	-0.597509	-0.620075	0.508419	-0.680971	0.727175	0.086576
12935		-0.423182	-0.286290	-0.859625	-0.598678	-0.623787	0.502468	-0.680074	0.727274	0.092580
12936		-0.423214	-0.278199	-0.862262	-0.599517	-0.627565	0.496731	-0.679315	0.727164	0.098810
12937		-0.423392	-0.270320	-0.864677	-0.600147	-0.631288	0.491222	-0.678647	0.726913	0.105050
12938		-0.423686	-0.262789	-0.866852	-0.600546	-0.634934	0.486008	-0.678111	0.726499	0.111195
12939		-0.424132	-0.255850	-0.868708	-0.600630	-0.638445	0.481281	-0.677758	0.725898	0.117114
12940		-0.424949	-0.249586	-0.870129	-0.600200	-0.641876	0.477237	-0.677627	0.725053	0.122963
12941		-0.426203	-0.243882	-0.871133	-0.599350	-0.645168	0.473854	-0.677592	0.724071	0.128801
12942		-0.427952	-0.238665	-0.871720	-0.598142	-0.648274	0.471133	-0.677557	0.723035	0.134675
12943		-0.430099	-0.233784	-0.871986	-0.596871	-0.651027	0.468944	-0.677319	0.722155	0.140467
12944		-0.432547	-0.229295	-0.871967	-0.595452	-0.653549	0.467238	-0.677009	0.721317	0.146156
12945		-0.435231	-0.225221	-0.871693	-0.593902	-0.655850	0.465985	-0.676650	0.720511	0.151687
12946		-0.438129	-0.221684	-0.871148	-0.592096	-0.658014	0.465231	-0.676362	0.719635	0.157037
12947		-0.441173	-0.218697	-0.870367	-0.590342	-0.659746	0.465007	-0.675916	0.718963	0.161956
12948		-0.444314	-0.216118	-0.869413	-0.588517	-0.661279	0.465142	-0.675450	0.718333	0.166626
12949		-0.447409	-0.214034	-0.868341	-0.586738	-0.662525	0.465617	-0.674955	0.717809	0.170838
12950		-0.450514	-0.212208	-0.867182	-0.584840	-0.663751	0.466259	-0.674537	0.717219	0.174921
12951		-0.453667	-0.210369	-0.865986	-0.582726	-0.665183	0.466864	-0.674253	0.716433	0.179184
12952		-0.456878	-0.208493	-0.864750	-0.580447	-0.666776	0.467431	-0.674050	0.715501	0.183617
12953		-0.459996	-0.206772	-0.863510	-0.577901	-0.668618	0.467954	-0.674118	0.714280	0.188068
12954		-0.462961	-0.205312	-0.862273	-0.574694	-0.671100	0.468350	-0.674829	0.712371	0.192701
12955		-0.465720	-0.204196	-0.861051	-0.571020	-0.673995	0.468686	-0.676048	0.709954	0.197294
12956		-0.468334	-0.203140	-0.859882	-0.567233	-0.677044	0.468890	-0.677429	0.707351	0.201855
12957		-0.470783	-0.202129	-0.858782	-0.563420	-0.680175	0.468957	-0.678912	0.704632	0.206331
12958		-0.473132	-0.201108	-0.857731	-0.559517	-0.683443	0.468878	-0.680505	0.701756	0.210835
12959		-0.475340	-0.200070	-0.856752	-0.555502	-0.686895	0.468607	-0.682253	0.698675	0.215370
12960		-0.477376	-0.198952	-0.855880	-0.551558	-0.690395	0.468122	-0.684029	0.695538	0.219845
12961		-0.478924	-0.198104	-0.855211	-0.547505	-0.694106	0.467392	-0.686199	0.692078	0.223961
12962		-0.480005	-0.197458	-0.854754	-0.542916	-0.698471	0.466241	-0.689085	0.687858	0.228067
12963		-0.480662	-0.196911	-0.854512	-0.538203	-0.703092	0.464757	-0.692316	0.683292	0.231971
12964		-0.480856	-0.196510	-0.854495	-0.533652	-0.707672	0.463050	-0.695696	0.678663	0.235421
12965		-0.480437	-0.196436	-0.854748	-0.529044	-0.712399	0.461086	-0.699495	0.673722	0.238339
12966		-0.479524	-0.196779	-0.855181	-0.524647	-0.716892	0.459142	-0.703422	0.668838	0.240527
12967		-0.478017	-0.197703	-0.855812	-0.520389	-0.721181	0.457267	-0.707598	0.663936	0.241855
12968		-0.476011	-0.199314	-0.856556	-0.516010	-0.725399	0.455555	-0.712143	0.658840	0.242450
12969		-0.473622	-0.201478	-0.857373	-0.511463	-0.729590	0.453987	-0.716999	0.653533	0.242501
12970		-0.471009	-0.203997	-0.858216	-0.506987	-0.733557	0.452612	-0.721882	0.648289	0.242089
12971		-0.468161	-0.206758	-0.859114	-0.503089	-0.736919	0.451500	-0.726448	0.643585	0.240979
12972		-0.464858	-0.210126	-0.860089	-0.499188	-0.740107	0.450613	-0.731244	0.638818	0.239152
12973		-0.461092	-0.214310	-0.861084	-0.494356	-0.743812	0.449840	-0.736889	0.633100	0.237020
12974		-0.456832	-0.219333	-0.862089	-0.489093	-0.747565	0.449372	-0.743029	0.626929	0.234237
12975		-0.452051	-0.225172	-0.863104	-0.483810	-0.751022	0.449327	-0.749385	0.620697	0.230559
12976		-0.446349	-0.232030	-0.864254	-0.478158	-0.754519	0.449517	-0.756398	0.613891	0.225832
12977		-0.439559	-0.240095	-0.865530	-0.472515	-0.757692	0.450147	-0.763883	0.606842	0.219602
12978		-0.431582	-0.249401	-0.866912	-0.467664	-0.759927	0.451444	-0.771380	0.600258	0.211335
12979		-0.422497	-0.259958	-0.868284	-0.462907	-0.761731	0.453302	-0.779239	0.593454	0.201493
12980		-0.412139	-0.271906	-0.869603	-0.457762	-0.763432	0.455660	-0.787779	0.585866	0.190172
12981		-0.400371	-0.284827	-0.870963	-0.454212	-0.763804	0.458579	-0.795861	0.579204	0.176433
12982		-0.387150	-0.297826	-0.872591	-0.453271	-0.762656	0.461411	-0.802907	0.574156	0.160266
12983		-0.371532	-0.311167	-0.874722	-0.452761	-0.761809	0.463308	-0.810538	0.568174	0.142152
12984		-0.352744	-0.325633	-0.877231	-0.452304	-0.761357	0.464496	-0.819142	0.560623	0.121279
12985		-0.331507	-0.341288	-0.879560	-0.454913	-0.758920	0.465934	-0.826533	0.554584	0.096331
12986		-0.308867	-0.358001	-0.881156	-0.462408	-0.753068	0.468046	-0.831131	0.552018	0.067055
12987		-0.286322	-0.374873	-0.881754	-0.473843	-0.744463	0.470370	-0.832762	0.552490	0.035525
12988		-0.263677	-0.391458	-0.881609	-0.488393	-0.733971	0.471974	-0.831834	0.555020	0.002346
12989		-0.240830	-0.407271	-0.880983	-0.505541	-0.722206	0.472067	-0.828510	0.559061	-0.031963
12990		-0.217361	-0.422649	-0.879842	-0.523224	-0.710499	0.470562	-0.824009	0.562636	-0.066705
12991		-0.193477	-0.437877	-0.877970	-0.540410	-0.699325	0.467869	-0.818855	0.564986	-0.101330
12992		-0.169878	-0.452828	-0.875265	-0.557687	-0.688093	0.464233	-0.812481	0.566987	-0.135644
12993		-0.147109	-0.467376	-0.871733	-0.572815	-0.678238	0.460300	-0.806376	0.567056	-0.167945
12994		-0.125216	-0.481682	-0.867355	-0.584053	-0.670910	0.456904	-0.801999	0.563793	-0.197319
12995		-0.104442	-0.495608	-0.862244	-0.591214	-0.666222	0.454549	-0.799724	0.557245	-0.223428
12996		-0.084866	-0.508824	-0.856677	-0.595158	-0.663663	0.453143	-0.799115	0.548315	-0.246508
12997		-0.066800	-0.521027	-0.850922	-0.596849	-0.662554	0.452542	-0.799568	0.538102	-0.266716
12998		-0.050284	-0.532192	-0.845129	-0.596593	-0.662631	0.452766	-0.800967	0.526965	-0.284182
12999		-0.035467	-0.542113	-0.839556	-0.593540	-0.664446	0.454116	-0.804022	0.514417	-0.298200
13000		-0.022343	-0.550840	-0.834312	-0.586881	-0.668373	0.456999	-0.809365	0.499853	-0.308344
13001		-0.010942	-0.558524	-0.829416	-0.577647	-0.673531	0.461173	-0.816213	0.484156	-0.315260
13002		-0.001032	-0.565547	-0.824716	-0.566520	-0.679275	0.466520	-0.824047	0.467699	-0.319693
13003		0.007521	-0.571976	-0.820236	-0.552612	-0.686005	0.473305	-0.833404	0.449713	-0.321240
13004		0.014909	-0.577689	-0.816121	-0.535723	-0.693788	0.481310	-0.844262	0.430039	-0.319825
13005		0.021631	-0.582716	-0.812388	-0.516996	-0.702017	0.489783	-0.855714	0.409407	-0.316447
13006		0.028045	-0.587313	-0.808874	-0.498032	-0.709817	0.498121	-0.866705	0.388875	-0.312407
13007		0.034117	-0.591225	-0.805784	-0.478556	-0.717478	0.506171	-0.877394	0.368344	-0.307413
13008		0.039975	-0.594401	-0.803175	-0.459410	-0.724750	0.513497	-0.887324	0.348460	-0.302046
13009		0.045643	-0.596739	-0.801136	-0.441135	-0.731581	0.519797	-0.896279	0.329684	-0.296634
13010		0.051204	-0.598308	-0.799628	-0.424869	-0.737659	0.524735	-0.903806	0.312869	-0.291973
13011		0.056942	-0.599567	-0.798296	-0.411209	-0.742705	0.528485	-0.909761	0.298174	-0.288838
13012		0.062745	-0.600725	-0.796989	-0.399677	-0.746857	0.531473	-0.914506	0.285191	-0.286957
13013		0.068380	-0.601753	-0.795749	-0.390159	-0.750223	0.533799	-0.918205	0.273968	-0.286079
13014		0.073593	-0.602609	-0.794636	-0.382466	-0.752926	0.535558	-0.921034	0.264508	-0.285887
13015		0.078338	-0.603289	-0.793666	-0.375633	-0.755300	0.537049	-0.923451	0.256056	-0.285785
13016		0.082718	-0.603847	-0.792797	-0.369083	-0.757517	0.538467	-0.925708	0.248067	-0.285530
13017		0.086679	-0.604272	-0.792049	-0.362493	-0.759674	0.539902	-0.927947	0.240314	-0.284892
13018		0.090156	-0.604508	-0.791481	-0.355273	-0.761953	0.541487	-0.930405	0.232373	-0.283459
13019		0.092923	-0.604621	-0.791074	-0.347714	-0.764194	0.543233	-0.932985	0.224589	-0.281246
13020		0.095203	-0.604981	-0.790528	-0.339773	-0.766192	0.545439	-0.935677	0.216673	-0.278500
13021		0.096751	-0.605728	-0.789768	-0.330982	-0.767912	0.548418	-0.938664	0.208339	-0.274781
13022		0.097246	-0.606540	-0.789083	-0.321727	-0.769432	0.551785	-0.941825	0.200210	-0.269964
13023		0.097182	-0.607517	-0.788339	-0.312804	-0.770594	0.555282	-0.944833	0.192632	-0.264921
13024		0.096669	-0.608671	-0.787512	-0.304275	-0.771411	0.558876	-0.947667	0.185594	-0.259775
13025		0.095598	-0.610129	-0.786513	-0.296236	-0.771770	0.562686	-0.950319	0.179202	-0.254522
13026		0.093897	-0.611815	-0.785408	-0.288413	-0.771781	0.566720	-0.952891	0.173309	-0.248923
13027		0.091683	-0.613719	-0.784183	-0.280961	-0.771447	0.570903	-0.955330	0.167983	-0.243160
13028		0.089030	-0.615704	-0.782932	-0.274134	-0.770843	0.575023	-0.957561	0.163435	-0.237413
13029		0.086178	-0.617738	-0.781648	-0.268213	-0.769986	0.578950	-0.959497	0.159755	-0.232041
13030		0.083143	-0.619799	-0.780344	-0.262802	-0.768972	0.582766	-0.961261	0.156623	-0.226819
13031		0.079843	-0.621929	-0.778993	-0.257598	-0.767815	0.586603	-0.962948	0.153831	-0.221512
13032		0.075783	-0.623844	-0.777866	-0.252235	-0.766731	0.590340	-0.964694	0.151468	-0.215461
13033		0.071190	-0.625406	-0.777046	-0.246945	-0.765821	0.593747	-0.966411	0.149619	-0.208960
13034		0.066342	-0.626543	-0.776559	-0.241452	-0.765223	0.596770	-0.968142	0.147910	-0.202046
13035		0.061348	-0.627189	-0.776447	-0.235422	-0.765056	0.599387	-0.969955	0.146021	-0.194589
13036		0.056117	-0.627378	-0.776691	-0.229036	-0.765261	0.601597	-0.971799	0.144130	-0.186636
13037		0.050335	-0.627047	-0.777354	-0.223439	-0.765682	0.603164	-0.973417	0.143331	-0.178647
13038		0.043849	-0.626314	-0.778336	-0.219682	-0.766062	0.604061	-0.974586	0.144499	-0.171181
13039		0.036624	-0.625291	-0.779532	-0.218047	-0.766260	0.604401	-0.975251	0.147839	-0.164406
13040		0.028910	-0.624030	-0.780865	-0.218123	-0.766304	0.604318	-0.975493	0.152854	-0.158269
13041		0.021336	-0.622863	-0.782040	-0.218497	-0.766214	0.604297	-0.975604	0.157980	-0.152441
13042		0.013726	-0.621707	-0.783130	-0.217487	-0.766309	0.604541	-0.975967	0.162023	-0.145731
13043		0.005733	-0.620570	-0.784130	-0.215604	-0.766467	0.605015	-0.976464	0.165593	-0.138192
13044		-0.002870	-0.619294	-0.785154	-0.212770	-0.766801	0.605595	-0.977098	0.168795	-0.129567
13045		-0.012183	-0.617665	-0.786347	-0.209467	-0.767381	0.606012	-0.977740	0.172097	-0.120031
13046		-0.022148	-0.615576	-0.787766	-0.206430	-0.768164	0.606062	-0.978211	0.176042	-0.110060
13047		-0.032351	-0.613044	-0.789387	-0.203930	-0.769136	0.605675	-0.978451	0.180574	-0.100135
13048		-0.043078	-0.609878	-0.791324	-0.201571	-0.770465	0.604775	-0.978526	0.185561	-0.089743
13049		-0.054712	-0.605785	-0.793745	-0.199257	-0.772323	0.603170	-0.978419	0.191160	-0.078452
13050		-0.067650	-0.600242	-0.796952	-0.198041	-0.774809	0.600376	-0.977856	0.198445	-0.066457
13051		-0.081403	-0.593106	-0.800999	-0.198068	-0.778010	0.596212	-0.976802	0.207186	-0.054143
13052		-0.095826	-0.584117	-0.805993	-0.198692	-0.782199	0.590496	-0.975366	0.216730	-0.041104
13053		-0.110580	-0.573360	-0.811807	-0.199469	-0.787393	0.583287	-0.973645	0.226430	-0.027297
13054		-0.125360	-0.561148	-0.818167	-0.200055	-0.793435	0.574838	-0.971732	0.235741	-0.012795
13055		-0.140255	-0.547722	-0.824821	-0.199548	-0.800324	0.565387	-0.969798	0.243890	0.002953
13056		-0.155751	-0.532852	-0.831751	-0.197706	-0.808173	0.554769	-0.967809	0.250848	0.020525
13057		-0.171782	-0.516531	-0.838860	-0.195555	-0.816693	0.542928	-0.965531	0.257308	0.039283
13058		-0.188340	-0.498591	-0.846129	-0.193871	-0.825719	0.529718	-0.962778	0.263807	0.058853
13059		-0.205123	-0.479234	-0.853381	-0.192401	-0.835164	0.515250	-0.959639	0.269881	0.079106
13060		-0.222039	-0.458352	-0.860588	-0.191191	-0.845019	0.499388	-0.956109	0.275421	0.099995
13061		-0.238650	-0.436490	-0.867481	-0.190357	-0.854935	0.482546	-0.952266	0.280290	0.120942
13062		-0.255352	-0.413663	-0.873887	-0.190353	-0.864651	0.464913	-0.947925	0.285063	0.142049
13063		-0.272342	-0.390023	-0.879609	-0.190968	-0.874069	0.446693	-0.943060	0.289630	0.163564
13064		-0.289791	-0.365244	-0.884657	-0.192618	-0.883151	0.427718	-0.937507	0.294349	0.185577
13065		-0.307218	-0.339673	-0.888954	-0.195219	-0.891768	0.408214	-0.931400	0.298952	0.207656
13066		-0.324683	-0.313204	-0.892460	-0.199301	-0.899738	0.388265	-0.924586	0.303931	0.229708
13067		-0.341941	-0.286129	-0.895101	-0.204614	-0.906994	0.368096	-0.917175	0.309017	0.251593
13068		-0.359037	-0.258033	-0.896945	-0.211331	-0.913588	0.347414	-0.909083	0.314287	0.273482
13069		-0.375665	-0.229114	-0.897988	-0.219473	-0.919402	0.326392	-0.900393	0.319699	0.295102
13070		-0.391651	-0.199397	-0.898249	-0.228875	-0.924440	0.305004	-0.891193	0.325042	0.316421
13071		-0.406972	-0.169285	-0.897617	-0.239300	-0.928597	0.283625	-0.881538	0.330227	0.337403
13072		-0.421952	-0.138634	-0.895956	-0.250639	-0.931887	0.262233	-0.871284	0.335212	0.358464
13073		-0.436511	-0.107994	-0.893194	-0.263545	-0.933874	0.241709	-0.860234	0.340905	0.379185
13074		-0.450764	-0.077330	-0.889287	-0.277609	-0.934694	0.221993	-0.848378	0.346941	0.399859
13075		-0.464337	-0.047113	-0.884405	-0.291671	-0.934745	0.202930	-0.836253	0.352183	0.420295
13076		-0.477354	-0.016985	-0.878547	-0.305752	-0.934125	0.184188	-0.823801	0.356541	0.440716
13077		-0.489678	0.012825	-0.871809	-0.319667	-0.932906	0.165827	-0.811190	0.359890	0.460924
13078		-0.501842	0.042526	-0.863913	-0.333781	-0.930949	0.148066	-0.797963	0.362664	0.481384
13079		-0.513701	0.071390	-0.854994	-0.347637	-0.928384	0.131350	-0.784385	0.364702	0.501729
13080		-0.524973	0.099331	-0.845303	-0.360755	-0.925507	0.115291	-0.770882	0.365472	0.521701
13081		-0.535514	0.125833	-0.835099	-0.372494	-0.922649	0.099839	-0.757940	0.364535	0.540963
13082		-0.545652	0.151035	-0.824289	-0.383604	-0.919536	0.085446	-0.745058	0.362824	0.559685
13083		-0.555372	0.174233	-0.813145	-0.394278	-0.916088	0.072998	-0.732193	0.361146	0.577466
13084		-0.564889	0.195787	-0.801603	-0.404533	-0.912404	0.062225	-0.719203	0.359425	0.594610
13085		-0.574300	0.215702	-0.789717	-0.414074	-0.908703	0.052922	-0.706203	0.357395	0.611185
13086		-0.583845	0.234681	-0.777207	-0.423698	-0.904679	0.045114	-0.692535	0.355641	0.627626
13087		-0.593493	0.252519	-0.764199	-0.433976	-0.900053	0.039625	-0.677813	0.355161	0.643763
13088		-0.603066	0.269624	-0.750743	-0.444544	-0.895047	0.035648	-0.662339	0.355236	0.659632
13089		-0.612390	0.285843	-0.737070	-0.454103	-0.890375	0.031993	-0.647124	0.354298	0.675058
13090		-0.621244	0.301561	-0.723268	-0.463241	-0.885771	0.028581	-0.632031	0.352803	0.689976
13091		-0.629360	0.316408	-0.709783	-0.472351	-0.881024	0.026087	-0.617082	0.351685	0.703937
13092		-0.636716	0.330582	-0.696640	-0.481640	-0.876027	0.024502	-0.602175	0.351131	0.717002
13093		-0.643414	0.344250	-0.683747	-0.491367	-0.870620	0.024047	-0.587006	0.351443	0.729322
13094		-0.649662	0.358024	-0.670640	-0.501829	-0.864618	0.024551	-0.571057	0.352497	0.741377
13095		-0.655471	0.371771	-0.657376	-0.512134	-0.858538	0.025114	-0.555046	0.353126	0.753144
13096		-0.660775	0.386085	-0.643672	-0.522803	-0.852069	0.025609	-0.538566	0.353436	0.764872
13097		-0.665352	0.400651	-0.629909	-0.532897	-0.845813	0.024906	-0.522807	0.352248	0.776269
13098		-0.669080	0.415936	-0.615897	-0.542317	-0.839888	0.021942	-0.508158	0.348693	0.787521
13099		-0.672052	0.431642	-0.601690	-0.551376	-0.834073	0.017504	-0.494298	0.343521	0.798538
13100		-0.674364	0.447891	-0.587049	-0.560814	-0.827846	0.012619	-0.480334	0.337735	0.809453
13101		-0.676169	0.464384	-0.571965	-0.570314	-0.821394	0.007319	-0.466409	0.331149	0.820246
13102		-0.677250	0.481340	-0.556457	-0.579962	-0.814643	0.001184	-0.452744	0.323525	0.830876
13103		-0.677384	0.498533	-0.540939	-0.589314	-0.807877	-0.006582	-0.440294	0.314325	0.841036
13104		-0.676280	0.516211	-0.525520	-0.598310	-0.801086	-0.016945	-0.429734	0.302964	0.850612
13105		-0.674059	0.533944	-0.510439	-0.606664	-0.794397	-0.029849	-0.421429	0.289545	0.859396
13106		-0.670799	0.551790	-0.495537	-0.614949	-0.787324	-0.044255	-0.414567	0.275043	0.867459
13107		-0.666724	0.569368	-0.480935	-0.623457	-0.779651	-0.058709	-0.408388	0.260700	0.874788
13108		-0.661743	0.586743	-0.466722	-0.632748	-0.770993	-0.072116	-0.402153	0.247595	0.881459
13109		-0.656033	0.603616	-0.453066	-0.642712	-0.761500	-0.083903	-0.395655	0.236148	0.887520
13110		-0.649570	0.620081	-0.439953	-0.653470	-0.751115	-0.093822	-0.388633	0.226553	0.893106
13111		-0.642625	0.635779	-0.427572	-0.664769	-0.740133	-0.101419	-0.380940	0.219062	0.898274
13112		-0.635153	0.650925	-0.415786	-0.676483	-0.728606	-0.107260	-0.372762	0.213146	0.903115
13113		-0.627485	0.665171	-0.404735	-0.688299	-0.716876	-0.111055	-0.364015	0.208894	0.907665
13114		-0.619527	0.678572	-0.394622	-0.699979	-0.705085	-0.113513	-0.355269	0.205903	0.911805
13115		-0.611613	0.691094	-0.385122	-0.710925	-0.693675	-0.115765	-0.347154	0.202989	0.915576
13116		-0.603712	0.702967	-0.375991	-0.721475	-0.682412	-0.117422	-0.339125	0.200379	0.919153
13117		-0.595738	0.714313	-0.367223	-0.731611	-0.671278	-0.118876	-0.331423	0.197846	0.922505
13118		-0.587404	0.725523	-0.358571	-0.741613	-0.659935	-0.120399	-0.323986	0.195198	0.925706
13119		-0.579189	0.736050	-0.350386	-0.750941	-0.648997	-0.122029	-0.317219	0.192441	0.928622
13120		-0.571343	0.745953	-0.342230	-0.759649	-0.638497	-0.123511	-0.310647	0.189407	0.931463
13121		-0.564090	0.755251	-0.333763	-0.767794	-0.628482	-0.124512	-0.303802	0.186026	0.934398
13122		-0.556968	0.764361	-0.324868	-0.775412	-0.618697	-0.126295	-0.297530	0.181564	0.937289
13123		-0.549861	0.773211	-0.315907	-0.782259	-0.609297	-0.129725	-0.292785	0.175790	0.939880
13124		-0.542386	0.781993	-0.307090	-0.788591	-0.599938	-0.134901	-0.289727	0.169000	0.942071
13125		-0.534863	0.790489	-0.298411	-0.794648	-0.590637	-0.140291	-0.287151	0.162096	0.944071
13126		-0.527206	0.798849	-0.289643	-0.800505	-0.581256	-0.146058	-0.285036	0.154858	0.945925
