// Start Time: Unknown
// Update Rate: 100.0Hz
// Filter Profile: human (46.1)
// Option Flags: AHS Disabled ICC Disabled 
// Firmware Version: 4.0.2
PacketCounter	SampleTimeFine	Mat[1][1]	Mat[2][1]	Mat[3][1]	Mat[1][2]	Mat[2][2]	Mat[3][2]	Mat[1][3]	Mat[2][3]	Mat[3][3]
52533		0.020395	0.047513	-0.998662	0.630080	0.774936	0.049737	0.776262	-0.630252	-0.014132
52534		0.020557	0.048398	-0.998617	0.630757	0.774334	0.050512	0.775708	-0.630923	-0.014610
52535		0.020761	0.049200	-0.998573	0.631527	0.773659	0.051248	0.775076	-0.631689	-0.015010
52537		0.020728	0.050943	-0.998486	0.632273	0.772961	0.052563	0.774468	-0.632405	-0.016188
52538		0.020813	0.051768	-0.998442	0.632819	0.772467	0.053243	0.774020	-0.632941	-0.016683
52539		0.020928	0.052604	-0.998396	0.633545	0.771823	0.053946	0.773423	-0.633658	-0.017174
52540		0.021000	0.053248	-0.998360	0.634085	0.771342	0.054477	0.772978	-0.634190	-0.017566
52541		0.020805	0.053694	-0.998341	0.633904	0.771475	0.054703	0.773132	-0.633990	-0.017986
52542		0.020753	0.054088	-0.998320	0.634628	0.770861	0.054957	0.772539	-0.634702	-0.018328
52543		0.020533	0.054780	-0.998287	0.636459	0.769325	0.055307	0.771038	-0.636504	-0.019069
52544		0.019744	0.055574	-0.998259	0.637811	0.768199	0.055381	0.769940	-0.637794	-0.020279
52545		0.018856	0.056108	-0.998247	0.637832	0.768193	0.055226	0.769945	-0.637755	-0.021303
52546		0.018312	0.056680	-0.998224	0.638062	0.767996	0.055312	0.769767	-0.637942	-0.022102
52547		0.017615	0.057270	-0.998203	0.637906	0.768125	0.055327	0.769913	-0.637734	-0.023002
52548		0.017298	0.057923	-0.998171	0.638397	0.767696	0.055612	0.769513	-0.638191	-0.023698
52549		0.016857	0.058606	-0.998139	0.638600	0.767509	0.055850	0.769354	-0.638353	-0.024488
52550		0.016532	0.059206	-0.998109	0.639867	0.766438	0.056062	0.768308	-0.639583	-0.025213
52551		0.015782	0.059910	-0.998079	0.642934	0.763871	0.056018	0.765759	-0.642583	-0.026463
52552		0.014484	0.061030	-0.998031	0.646696	0.760697	0.055902	0.762610	-0.646232	-0.028450
52553		0.013228	0.062037	-0.997986	0.648088	0.759518	0.055804	0.761450	-0.647521	-0.030158
52554		0.012518	0.062923	-0.997940	0.649297	0.758473	0.055969	0.760432	-0.648660	-0.031361
52555		0.011603	0.063675	-0.997903	0.648717	0.758969	0.055972	0.760942	-0.648006	-0.032501
52556		0.010853	0.064684	-0.997847	0.649699	0.758110	0.056210	0.760114	-0.648910	-0.033797
52557		0.009548	0.065674	-0.997795	0.650633	0.757319	0.056072	0.759332	-0.649734	-0.035499
52558		0.008381	0.066802	-0.997731	0.654191	0.754254	0.055996	0.756283	-0.653176	-0.037380
52559		0.007039	0.067991	-0.997661	0.656998	0.751819	0.055872	0.753859	-0.655855	-0.039378
52560		0.006366	0.068964	-0.997599	0.659187	0.749887	0.056046	0.751952	-0.657961	-0.040687
52561		0.005703	0.069693	-0.997552	0.660669	0.748580	0.056076	0.750655	-0.659372	-0.041775
52562		0.005165	0.070414	-0.997504	0.663086	0.746436	0.056125	0.748525	-0.661721	-0.042836
52563		0.004079	0.070938	-0.997472	0.664208	0.745467	0.055732	0.747536	-0.662757	-0.044077
52564		0.003516	0.071495	-0.997435	0.666507	0.743420	0.055637	0.745491	-0.664993	-0.045038
52565		0.002591	0.071759	-0.997419	0.667201	0.742831	0.055176	0.744873	-0.665622	-0.045954
52566		0.001963	0.072172	-0.997390	0.668507	0.741670	0.054984	0.743703	-0.666871	-0.046791
52567		0.001148	0.072353	-0.997378	0.668137	0.742032	0.054599	0.744037	-0.666448	-0.047490
52568		0.000837	0.072631	-0.997359	0.668338	0.741852	0.054585	0.743857	-0.666618	-0.047921
52569		-0.000110	0.072803	-0.997346	0.666720	0.743336	0.054188	0.745308	-0.664945	-0.048621
52570		-0.000522	0.073035	-0.997329	0.666923	0.743162	0.054073	0.745126	-0.665114	-0.049097
52571		-0.001176	0.073096	-0.997324	0.665934	0.744072	0.053749	0.746010	-0.664089	-0.049553
52572		-0.001481	0.073187	-0.997317	0.665686	0.744302	0.053631	0.746231	-0.663821	-0.049822
52573		-0.002096	0.072879	-0.997339	0.663425	0.746353	0.053144	0.748240	-0.661548	-0.049914
52574		-0.001971	0.072376	-0.997375	0.662511	0.747181	0.052911	0.749049	-0.660668	-0.049422
52575		-0.003066	0.072117	-0.997391	0.660869	0.748690	0.052103	0.750495	-0.658985	-0.049955
52576		-0.003723	0.072379	-0.997370	0.661015	0.748579	0.051857	0.750364	-0.659083	-0.050630
52577		-0.004485	0.072095	-0.997388	0.658117	0.751164	0.051337	0.752902	-0.656167	-0.050816
52578		-0.004596	0.071937	-0.997399	0.656632	0.752468	0.051245	0.754197	-0.654689	-0.050694
52579		-0.005030	0.071482	-0.997429	0.653129	0.755537	0.050853	0.757230	-0.651194	-0.050487
52580		-0.004686	0.071272	-0.997446	0.652086	0.756428	0.050986	0.758130	-0.650182	-0.050020
52581		-0.004335	0.070847	-0.997478	0.649999	0.758220	0.051029	0.759923	-0.648138	-0.049337
52582		-0.003581	0.070519	-0.997504	0.649288	0.758809	0.051314	0.760534	-0.647484	-0.048505
52583		-0.002843	0.069949	-0.997547	0.648044	0.759864	0.051436	0.761597	-0.646308	-0.047490
52584		-0.001634	0.069489	-0.997581	0.647584	0.760225	0.051895	0.761992	-0.645933	-0.046243
52585		-0.000405	0.068935	-0.997621	0.645712	0.761783	0.052377	0.763581	-0.644155	-0.044820
52586		0.001385	0.068588	-0.997644	0.644116	0.763065	0.053355	0.764927	-0.642672	-0.043122
52587		0.003458	0.068203	-0.997665	0.641375	0.765287	0.054540	0.767220	-0.640066	-0.041098
52588		0.005728	0.067825	-0.997681	0.638422	0.767657	0.055853	0.769665	-0.637262	-0.038904
52589		0.008179	0.067358	-0.997695	0.636110	0.769478	0.057165	0.771555	-0.635111	-0.036553
52590		0.010298	0.067288	-0.997680	0.635662	0.769749	0.058477	0.771898	-0.634790	-0.034845
52591		0.012088	0.067187	-0.997667	0.634160	0.770901	0.059599	0.773107	-0.633401	-0.033289
52593		0.016718	0.066776	-0.997628	0.633532	0.771209	0.062237	0.773536	-0.633070	-0.029412
52594		0.019123	0.066432	-0.997608	0.632369	0.772058	0.063534	0.774432	-0.632071	-0.027245
52595		0.021968	0.066275	-0.997560	0.631735	0.772435	0.065230	0.774873	-0.631626	-0.024900
52596		0.024665	0.065984	-0.997516	0.629862	0.773833	0.066762	0.776315	-0.629944	-0.022474
52597		0.027754	0.065780	-0.997448	0.629104	0.774291	0.068568	0.776826	-0.629401	-0.019893
52598		0.030815	0.065373	-0.997385	0.627001	0.775847	0.070224	0.778409	-0.627525	-0.017081
52599		0.034262	0.064992	-0.997297	0.625722	0.776705	0.072113	0.779293	-0.626502	-0.014055
52600		0.037301	0.064598	-0.997214	0.622281	0.779311	0.073759	0.781905	-0.623299	-0.011129
52601		0.040994	0.064196	-0.997095	0.620083	0.780868	0.075769	0.783464	-0.621388	-0.007796
52602		0.044449	0.063668	-0.996981	0.615641	0.784204	0.077528	0.786772	-0.617228	-0.004339
52603		0.048709	0.063199	-0.996812	0.614281	0.785043	0.079789	0.787582	-0.616209	-0.000584
52604		0.052469	0.062752	-0.996649	0.611820	0.786762	0.081746	0.789255	-0.614059	0.002888
52605		0.056814	0.062215	-0.996444	0.610620	0.787458	0.083982	0.789883	-0.613220	0.006749
52606		0.060872	0.061712	-0.996236	0.607414	0.789713	0.086033	0.792050	-0.610365	0.010587
52607		0.065693	0.061099	-0.995968	0.606028	0.790508	0.088468	0.792726	-0.609396	0.014903
52608		0.069956	0.060482	-0.995715	0.602330	0.793101	0.090493	0.795176	-0.606079	0.019052
52609		0.074993	0.059721	-0.995394	0.600427	0.794266	0.092890	0.796156	-0.604627	0.023707
52610		0.079700	0.059064	-0.995068	0.595628	0.797617	0.095051	0.799297	-0.600265	0.028390
52611		0.085332	0.058453	-0.994636	0.593161	0.799115	0.097851	0.800549	-0.598329	0.033518
52612		0.090736	0.058087	-0.994180	0.588760	0.802024	0.100594	0.803199	-0.594460	0.038573
52613		0.096446	0.057847	-0.993656	0.584554	0.804715	0.103586	0.805602	-0.590836	0.043797
52614		0.101354	0.058002	-0.993158	0.577188	0.809678	0.106189	0.810297	-0.584001	0.048586
52615		0.106539	0.058358	-0.992594	0.571488	0.813318	0.109158	0.813665	-0.578885	0.053299
52616		0.111101	0.058858	-0.992065	0.563634	0.818441	0.111678	0.818519	-0.571569	0.057755
52617		0.115718	0.059492	-0.991499	0.556556	0.822905	0.114332	0.822712	-0.565055	0.062115
52618		0.119732	0.060287	-0.990974	0.548194	0.828181	0.116617	0.827736	-0.557209	0.066111
52619		0.123747	0.061081	-0.990432	0.539580	0.833508	0.118819	0.832790	-0.549121	0.070186
52620		0.126604	0.062296	-0.989995	0.528200	0.840535	0.120439	0.839628	-0.538164	0.073511
52621		0.129361	0.063358	-0.989571	0.517454	0.846988	0.121873	0.845877	-0.527823	0.076782
52622		0.131711	0.064296	-0.989201	0.505513	0.854033	0.122819	0.852707	-0.516231	0.079983
52623		0.134377	0.064980	-0.988797	0.492979	0.861218	0.123592	0.859601	-0.504064	0.083694
52624		0.137189	0.065783	-0.988358	0.478691	0.869141	0.124293	0.867199	-0.490170	0.087747
52625		0.139549	0.066809	-0.987959	0.464311	0.876824	0.124878	0.874609	-0.476147	0.091340
52626		0.140291	0.068477	-0.987740	0.448915	0.884774	0.125099	0.882493	-0.460961	0.093385
52627		0.139675	0.070613	-0.987676	0.432400	0.892977	0.124992	0.890798	-0.444529	0.094193
52628		0.137036	0.073460	-0.987838	0.414049	0.901701	0.124493	0.899880	-0.426074	0.093149
52629		0.132771	0.076661	-0.988178	0.393716	0.910889	0.123564	0.909593	-0.405467	0.090757
52630		0.126983	0.080039	-0.988670	0.370752	0.920664	0.122152	0.920010	-0.382062	0.087234
52631		0.120152	0.083243	-0.989259	0.344904	0.930907	0.120224	0.930916	-0.355645	0.083140
52632		0.112213	0.086248	-0.989934	0.315651	0.941533	0.117812	0.942217	-0.325694	0.078428
52633		0.103357	0.088957	-0.990658	0.283494	0.952046	0.115067	0.953388	-0.292738	0.073182
52634		0.093613	0.091110	-0.991431	0.249024	0.962009	0.111920	0.963963	-0.257367	0.067368
52635		0.083258	0.092312	-0.992243	0.212555	0.971142	0.108185	0.973596	-0.219913	0.061234
52636		0.072366	0.092530	-0.993077	0.175698	0.978934	0.104015	0.981781	-0.182009	0.054584
52637		0.060765	0.091953	-0.993908	0.138707	0.985308	0.099638	0.988468	-0.143916	0.047117
52638		0.049089	0.090707	-0.994667	0.103018	0.990096	0.095374	0.993467	-0.107150	0.039259
52639		0.037236	0.088961	-0.995339	0.068963	0.993426	0.091370	0.996924	-0.072044	0.030856
52640		0.024919	0.086855	-0.995909	0.035430	0.995516	0.087707	0.999061	-0.037471	0.021730
52641		0.012534	0.084188	-0.996371	0.002365	0.996444	0.084224	0.999919	-0.003412	0.012290
52642		0.000112	0.080754	-0.996734	-0.029892	0.996289	0.080715	0.999553	0.029785	0.002526
52643		-0.012250	0.076398	-0.997002	-0.061728	0.995117	0.077012	0.998018	0.062487	-0.007474
52644		-0.024920	0.071416	-0.997135	-0.091880	0.993060	0.073421	0.995458	0.093446	-0.018186
52645		-0.037747	0.066158	-0.997095	-0.120671	0.990202	0.070268	0.991975	0.122973	-0.029393
52646		-0.049809	0.060921	-0.996899	-0.148857	0.986537	0.067725	0.987603	0.151769	-0.040070
52647		-0.060649	0.055595	-0.996610	-0.177269	0.981976	0.065566	0.982292	0.180644	-0.049700
52648		-0.069869	0.050051	-0.996300	-0.204760	0.976755	0.063429	0.976315	0.208434	-0.057997
52649		-0.077942	0.044303	-0.995973	-0.230481	0.971148	0.061236	0.969950	0.234326	-0.065482
52650		-0.085395	0.038274	-0.995612	-0.254774	0.965202	0.058957	0.963223	0.258690	-0.072672
52651		-0.091923	0.032190	-0.995246	-0.277943	0.958923	0.056686	0.956189	0.281833	-0.079200
52652		-0.097662	0.026064	-0.994878	-0.299817	0.952445	0.054383	0.948985	0.303592	-0.085203
52653		-0.102297	0.020204	-0.994549	-0.320597	0.945777	0.052189	0.941676	0.324188	-0.090272
52654		-0.105792	0.014665	-0.994280	-0.340224	0.939012	0.050050	0.934375	0.343573	-0.094350
52655		-0.108447	0.009362	-0.994058	-0.358146	0.932439	0.047853	0.927346	0.361207	-0.097767
52657		-0.111227	0.001032	-0.993794	-0.384094	0.922248	0.043946	0.916570	0.386599	-0.102183
52658		-0.111265	-0.001117	-0.993790	-0.391963	0.918982	0.042852	0.913228	0.394297	-0.102688
52660		-0.108613	-0.000334	-0.994084	-0.398049	0.916347	0.043182	0.910912	0.400384	-0.099660
52661		-0.106748	0.002401	-0.994283	-0.394449	0.917837	0.044565	0.912697	0.396951	-0.097031
52662		-0.105785	0.005648	-0.994373	-0.384880	0.921811	0.046180	0.916884	0.387599	-0.095340
52663		-0.105804	0.008495	-0.994351	-0.371119	0.927374	0.047411	0.922538	0.374039	-0.094967
52664		-0.105418	0.010416	-0.994373	-0.356131	0.933226	0.047530	0.928471	0.359138	-0.094669
52665		-0.105128	0.011143	-0.994396	-0.343531	0.937973	0.046829	0.933239	0.346529	-0.094779
52666		-0.104502	0.011309	-0.994460	-0.334729	0.941197	0.045878	0.936502	0.337669	-0.094571
52667		-0.103924	0.011325	-0.994521	-0.330808	0.942610	0.045303	0.937958	0.333703	-0.094214
52668		-0.103741	0.011818	-0.994534	-0.334186	0.941382	0.046046	0.936781	0.337136	-0.093711
52669		-0.103907	0.013129	-0.994500	-0.343601	0.937874	0.048281	0.933350	0.346728	-0.092941
52670		-0.104467	0.014927	-0.994416	-0.355591	0.933229	0.051364	0.928785	0.358972	-0.092184
52671		-0.105096	0.016831	-0.994320	-0.367192	0.928545	0.054529	0.924189	0.370837	-0.091407
52672		-0.106101	0.018231	-0.994188	-0.376457	0.924671	0.057132	0.920338	0.380331	-0.091246
52673		-0.107545	0.018529	-0.994028	-0.379992	0.923150	0.058319	0.918717	0.383994	-0.092239
52674		-0.108919	0.018301	-0.993882	-0.377292	0.924253	0.058366	0.919667	0.381341	-0.093764
52675		-0.111039	0.018197	-0.993649	-0.373160	0.925911	0.058657	0.921098	0.377303	-0.096022
52676		-0.113136	0.018875	-0.993400	-0.368230	0.927825	0.059566	0.922825	0.372539	-0.098020
52677		-0.116070	0.019903	-0.993042	-0.359559	0.931147	0.060688	0.925875	0.364101	-0.100922
52678		-0.120168	0.020325	-0.992545	-0.351970	0.933973	0.061739	0.928266	0.356765	-0.105080
52679		-0.123809	0.020793	-0.992088	-0.348134	0.935322	0.063049	0.929233	0.353185	-0.108562
52681		-0.132614	0.021016	-0.990945	-0.335778	0.939705	0.064866	0.932559	0.341339	-0.117561
52682		-0.138588	0.020315	-0.990142	-0.330228	0.941623	0.065541	0.933672	0.336056	-0.123789
52683		-0.143534	0.020020	-0.989443	-0.327361	0.942552	0.066560	0.933934	0.333459	-0.128735
52684		-0.148754	0.019713	-0.988678	-0.321992	0.944349	0.067276	0.934983	0.328354	-0.134128
52685		-0.153811	0.019339	-0.987911	-0.318003	0.945646	0.068022	0.935530	0.324622	-0.139301
52686		-0.157663	0.019127	-0.987308	-0.315848	0.946314	0.068770	0.935619	0.322681	-0.143157
52687		-0.161405	0.018676	-0.986712	-0.312208	0.947504	0.069005	0.936202	0.319197	-0.147101
52688		-0.164268	0.017971	-0.986252	-0.310252	0.948150	0.068952	0.936354	0.317313	-0.150175
52689		-0.166393	0.017234	-0.985909	-0.308007	0.948910	0.068570	0.936720	0.315077	-0.152584
52690		-0.168451	0.016337	-0.985575	-0.305229	0.949854	0.067913	0.937262	0.312266	-0.155017
52691		-0.170325	0.015268	-0.985270	-0.302495	0.950792	0.067026	0.937809	0.309455	-0.157325
52692		-0.172716	0.013809	-0.984875	-0.299456	0.951834	0.065861	0.938347	0.306302	-0.160262
52695		-0.180374	0.007643	-0.983568	-0.289422	0.955288	0.060500	0.940053	0.295579	-0.170097
52696		-0.182819	0.004872	-0.983134	-0.289242	0.955466	0.058521	0.939636	0.295062	-0.173268
52697		-0.184782	0.001972	-0.982778	-0.290937	0.955065	0.056619	0.938728	0.296389	-0.175905
52698		-0.186154	-0.000800	-0.982520	-0.295706	0.953680	0.055250	0.936966	0.300822	-0.177768
52699		-0.186657	-0.003193	-0.982420	-0.303015	0.951427	0.054480	0.934527	0.307858	-0.178558
52700		-0.187175	-0.005404	-0.982312	-0.311020	0.948866	0.054044	0.931790	0.315634	-0.179285
52701		-0.187478	-0.007552	-0.982240	-0.318440	0.946432	0.053503	0.929219	0.322815	-0.179840
52702		-0.187142	-0.009548	-0.982286	-0.326972	0.943540	0.053123	0.926319	0.331122	-0.179698
52703		-0.186267	-0.011227	-0.982435	-0.336843	0.940061	0.053121	0.922953	0.340821	-0.178884
52704		-0.185524	-0.012461	-0.982561	-0.348180	0.935878	0.053874	0.918886	0.352103	-0.177967
52705		-0.185449	-0.013547	-0.982560	-0.355970	0.932917	0.054324	0.915912	0.359836	-0.177831
52706		-0.185602	-0.014303	-0.982521	-0.363360	0.930018	0.055101	0.912974	0.367236	-0.177810
52708		-0.186506	-0.014831	-0.982342	-0.377137	0.924362	0.057647	0.907184	0.381229	-0.177992
52709		-0.187493	-0.014498	-0.982159	-0.384442	0.921211	0.059791	0.903909	0.388793	-0.178295
52710		-0.188719	-0.013781	-0.981934	-0.392357	0.917685	0.062528	0.900245	0.397069	-0.178592
52711		-0.190243	-0.012931	-0.981652	-0.399778	0.914274	0.065433	0.896652	0.404891	-0.179104
52712		-0.191772	-0.011643	-0.981370	-0.407989	0.910381	0.068925	0.892619	0.413606	-0.179336
52713		-0.193593	-0.010115	-0.981030	-0.416025	0.906438	0.072751	0.888507	0.422217	-0.179688
52714		-0.195827	-0.008668	-0.980600	-0.423411	0.902695	0.076576	0.884519	0.430193	-0.180442
52715		-0.197865	-0.007260	-0.980202	-0.431153	0.898691	0.080377	0.880316	0.438521	-0.180950
52716		-0.199882	-0.006016	-0.979802	-0.438072	0.895019	0.083872	0.876436	0.445988	-0.181534
52717		-0.201667	-0.004933	-0.979442	-0.445117	0.891220	0.087161	0.872468	0.453544	-0.181925
52718		-0.203312	-0.004098	-0.979105	-0.451958	0.887474	0.090135	0.868561	0.460840	-0.182286
52719		-0.204909	-0.003650	-0.978774	-0.458689	0.883745	0.092732	0.864648	0.467955	-0.182762
52720		-0.206421	-0.003554	-0.978457	-0.465847	0.879742	0.095083	0.860452	0.475438	-0.183253
52721		-0.207774	-0.003841	-0.978169	-0.473770	0.875269	0.097197	0.855788	0.483622	-0.183677
52722		-0.208886	-0.004501	-0.977930	-0.482348	0.870364	0.099024	0.850709	0.492387	-0.183979
52723		-0.209650	-0.005350	-0.977762	-0.492166	0.864646	0.100798	0.844878	0.502353	-0.183907
52724		-0.209943	-0.006248	-0.977694	-0.502885	0.858254	0.102502	0.838469	0.513187	-0.183327
52725		-0.210052	-0.007277	-0.977663	-0.514392	0.851203	0.104182	0.831432	0.524786	-0.182540
52726		-0.209896	-0.008440	-0.977687	-0.526313	0.843694	0.105709	0.823977	0.536758	-0.181531
52727		-0.209613	-0.009802	-0.977735	-0.539017	0.835448	0.107182	0.815796	0.549483	-0.180404
52728		-0.209192	-0.011365	-0.977809	-0.552078	0.826703	0.108502	0.807124	0.562524	-0.179214
52729		-0.208435	-0.012868	-0.977952	-0.566071	0.816998	0.109899	0.797571	0.576496	-0.177575
52730		-0.207188	-0.014243	-0.978198	-0.580878	0.806346	0.111293	0.787181	0.591272	-0.175338
52731		-0.205414	-0.015672	-0.978550	-0.596815	0.794445	0.112558	0.775640	0.607134	-0.172543
52732		-0.203146	-0.017270	-0.978996	-0.614277	0.780858	0.113690	0.762493	0.624470	-0.169237
52733		-0.200433	-0.019104	-0.979521	-0.633018	0.765608	0.114599	0.747740	0.643024	-0.165547
52734		-0.197204	-0.020938	-0.980139	-0.653113	0.748413	0.115419	0.731132	0.662902	-0.161265
52735		-0.193492	-0.022741	-0.980838	-0.673983	0.729576	0.116042	0.712957	0.683522	-0.156494
52736		-0.189100	-0.024166	-0.981660	-0.694341	0.710191	0.116270	0.694357	0.703594	-0.151077
52737		-0.184267	-0.025593	-0.982543	-0.714448	0.690003	0.116016	0.674988	0.723354	-0.145430
52738		-0.179197	-0.027061	-0.983441	-0.734052	0.669226	0.115340	0.655023	0.742566	-0.139788
52739		-0.174173	-0.028895	-0.984291	-0.751103	0.650300	0.113819	0.636796	0.759128	-0.134968
52740		-0.169388	-0.031148	-0.985057	-0.767050	0.631750	0.111923	0.618824	0.774546	-0.130903
52741		-0.164156	-0.033256	-0.985874	-0.784730	0.609983	0.110088	0.597705	0.791716	-0.126230
52742		-0.158702	-0.035199	-0.986699	-0.802343	0.586990	0.108110	0.575377	0.808829	-0.121398
52743		-0.152945	-0.036838	-0.987548	-0.818626	0.564512	0.105726	0.553588	0.824603	-0.116496
52744		-0.147406	-0.038429	-0.988329	-0.835529	0.539585	0.103635	0.529305	0.841054	-0.111646
52745		-0.142630	-0.040955	-0.988928	-0.850874	0.515498	0.101370	0.505639	0.855912	-0.108373
52746		-0.137706	-0.043129	-0.989534	-0.865351	0.491288	0.099012	0.481876	0.869928	-0.104975
52747		-0.133688	-0.046931	-0.989912	-0.879233	0.466490	0.096625	0.457249	0.883280	-0.103628
52748		-0.130047	-0.051299	-0.990180	-0.892862	0.440314	0.094454	0.431145	0.896377	-0.103064
52749		-0.127547	-0.057582	-0.990160	-0.908306	0.407772	0.093289	0.398387	0.911266	-0.104312
52750		-0.125350	-0.065157	-0.989971	-0.925345	0.367548	0.092976	0.357803	0.927719	-0.106365
52751		-0.123177	-0.073755	-0.989640	-0.944282	0.315421	0.094024	0.305218	0.946081	-0.108498
52752		-0.120211	-0.082344	-0.989327	-0.962764	0.252744	0.095947	0.242146	0.964023	-0.109661
52753		-0.116040	-0.091510	-0.989020	-0.978544	0.181216	0.098044	0.170254	0.979177	-0.110575
52754		-0.110543	-0.101781	-0.988646	-0.989603	0.103360	0.100009	0.092007	0.989423	-0.112149
52755		-0.103507	-0.112750	-0.988218	-0.994596	0.019782	0.101918	0.008057	0.993426	-0.114188
52756		-0.094892	-0.124156	-0.987715	-0.992275	-0.067847	0.103858	-0.079908	0.989940	-0.116758
52757		-0.084554	-0.135487	-0.987165	-0.981745	-0.158068	0.105784	-0.170372	0.978089	-0.119648
52758		-0.072912	-0.145988	-0.986596	-0.962799	-0.247775	0.107817	-0.260194	0.957755	-0.122492
52759		-0.060091	-0.154792	-0.986118	-0.936048	-0.334391	0.109530	-0.346703	0.929636	-0.124799
52761		-0.033593	-0.167088	-0.985370	-0.860842	-0.496062	0.113464	-0.507763	0.852059	-0.127172
52762		-0.020678	-0.170924	-0.985067	-0.813121	-0.570411	0.116044	-0.581728	0.803378	-0.127186
52763		-0.008657	-0.173520	-0.984792	-0.759814	-0.639104	0.119289	-0.650083	0.749291	-0.126310
52764		0.002696	-0.174875	-0.984587	-0.701787	-0.701738	0.122716	-0.712382	0.690639	-0.124617
52765		0.013963	-0.175275	-0.984421	-0.640303	-0.757745	0.125833	-0.767995	0.628571	-0.122810
52768		0.050543	-0.170759	-0.984016	-0.445433	-0.885706	0.130820	-0.893888	0.431701	-0.120828
52769		0.063676	-0.167611	-0.983795	-0.375364	-0.917429	0.132009	-0.924687	0.360876	-0.121334
52770		0.077471	-0.163579	-0.983484	-0.304583	-0.943171	0.132881	-0.949330	0.289258	-0.122892
52771		0.091458	-0.158589	-0.983100	-0.231351	-0.963609	0.133922	-0.968562	0.215193	-0.124819
52772		0.105588	-0.152414	-0.982660	-0.155137	-0.978609	0.135116	-0.982234	0.138181	-0.126974
52773		0.120168	-0.145246	-0.982071	-0.076768	-0.987637	0.136676	-0.989781	0.058967	-0.129832
52774		0.133725	-0.136651	-0.981552	0.004883	-0.990345	0.138541	-0.991006	-0.023319	-0.131767
52775		0.145959	-0.126785	-0.981133	0.089284	-0.986018	0.140699	-0.985253	-0.108136	-0.132599
52776		0.156121	-0.116067	-0.980895	0.173641	-0.974381	0.142934	-0.972355	-0.192638	-0.131968
52777		0.164574	-0.104938	-0.980767	0.256275	-0.955628	0.145252	-0.952491	-0.275251	-0.130379
52778		0.171096	-0.093162	-0.980840	0.334795	-0.930784	0.146809	-0.926628	-0.353499	-0.128063
52779		0.176187	-0.081232	-0.980999	0.408773	-0.900558	0.147987	-0.895468	-0.427079	-0.125461
52782		0.182664	-0.046231	-0.982088	0.601248	-0.785088	0.148787	-0.777904	-0.617657	-0.115611
52783		0.183203	-0.035052	-0.982450	0.656738	-0.739285	0.148842	-0.731527	-0.672480	-0.112419
52784		0.182906	-0.024187	-0.982833	0.707517	-0.690881	0.148672	-0.682617	-0.722564	-0.109253
52785		0.181898	-0.013472	-0.983225	0.753766	-0.640209	0.148220	-0.631467	-0.768082	-0.106298
52786		0.180107	-0.002746	-0.983643	0.795676	-0.587532	0.147330	-0.578327	-0.809196	-0.103634
52788		0.174677	0.018297	-0.984456	0.867956	-0.474948	0.145178	-0.464909	-0.879824	-0.098843
52789		0.170791	0.028037	-0.984908	0.898433	-0.414832	0.143987	-0.404534	-0.909466	-0.096039
52790		0.166492	0.037048	-0.985347	0.924402	-0.353640	0.142898	-0.343164	-0.934648	-0.093125
52791		0.161536	0.045311	-0.985826	0.946248	-0.290757	0.141686	-0.280215	-0.955724	-0.089843
52792		0.156188	0.053095	-0.986299	0.963615	-0.227483	0.140350	-0.216914	-0.972334	-0.086693
52793		0.149919	0.059865	-0.986884	0.976646	-0.164343	0.138395	-0.153903	-0.984585	-0.083105
52794		0.143583	0.066385	-0.987409	0.985587	-0.099782	0.136610	-0.089456	-0.992792	-0.079756
52795		0.136945	0.072883	-0.987894	0.990283	-0.034446	0.134735	-0.024210	-0.996745	-0.076892
52796		0.130305	0.079057	-0.988317	0.990542	0.032827	0.133224	0.042976	-0.996329	-0.074032
52797		0.123483	0.085284	-0.988675	0.986065	0.101376	0.131902	0.111477	-0.991186	-0.071578
52798		0.116720	0.091928	-0.988901	0.976477	0.171142	0.131163	0.181300	-0.980948	-0.069790
52800		0.102553	0.105270	-0.989142	0.942445	0.307853	0.130475	0.318245	-0.945592	-0.067640
52801		0.095011	0.111150	-0.989252	0.919715	0.370453	0.129956	0.380915	-0.922177	-0.067030
52802		0.087004	0.116104	-0.989419	0.895113	0.426830	0.128798	0.437268	-0.896848	-0.066790
52803		0.079383	0.120002	-0.989595	0.869470	0.477218	0.127616	0.487567	-0.870553	-0.066455
52804		0.072508	0.122883	-0.989769	0.843876	0.521399	0.126554	0.531616	-0.844418	-0.065893
52805		0.067353	0.124230	-0.989965	0.818894	0.559947	0.125982	0.569979	-0.819162	-0.064017
52806		0.063403	0.125267	-0.990095	0.795379	0.592882	0.125946	0.602787	-0.795487	-0.062044
52807		0.060756	0.126578	-0.990094	0.774175	0.620144	0.126788	0.630049	-0.774209	-0.060317
52808		0.058742	0.128589	-0.989957	0.757770	0.639830	0.128074	0.649872	-0.757683	-0.059856
52809		0.058085	0.130467	-0.989750	0.744550	0.654785	0.130008	0.665035	-0.744469	-0.059106
52810		0.058377	0.132816	-0.989420	0.732913	0.667233	0.132809	0.677813	-0.732912	-0.058391
52811		0.059080	0.136208	-0.988917	0.723142	0.677085	0.136460	0.688168	-0.723189	-0.058496
52812		0.059983	0.140535	-0.988257	0.713975	0.685854	0.140867	0.697597	-0.714041	-0.059199
52814		0.066624	0.147912	-0.986754	0.691395	0.706191	0.152538	0.719399	-0.692399	-0.055216
52815		0.069334	0.152404	-0.985883	0.679660	0.716195	0.158512	0.730243	-0.681056	-0.053926
52816		0.072453	0.155569	-0.985164	0.665988	0.727735	0.163897	0.742435	-0.667983	-0.050881
52817		0.075431	0.158463	-0.984479	0.651696	0.739424	0.168952	0.754720	-0.654326	-0.047494
52818		0.078730	0.161298	-0.983760	0.636239	0.751580	0.174148	0.767465	-0.639617	-0.043453
52819		0.082891	0.163758	-0.983012	0.620891	0.763075	0.179474	0.779502	-0.625220	-0.038424
52820		0.088625	0.165383	-0.982239	0.607481	0.772518	0.184883	0.789375	-0.613077	-0.032003
52821		0.093380	0.167519	-0.981436	0.598439	0.778362	0.189796	0.795708	-0.605053	-0.027567
52822		0.099166	0.169265	-0.980569	0.593708	0.780742	0.194813	0.798546	-0.601491	-0.023071
52823		0.104871	0.171324	-0.979617	0.590795	0.781654	0.199948	0.799977	-0.599722	-0.019244
52824		0.109501	0.173767	-0.978680	0.589331	0.781529	0.204700	0.800437	-0.599181	-0.016828
52825		0.112066	0.176495	-0.977901	0.588933	0.780845	0.208421	0.800375	-0.599275	-0.016437
52826		0.112052	0.179429	-0.977369	0.586242	0.782226	0.210815	0.802350	-0.596596	-0.017538
52827		0.110535	0.181400	-0.977178	0.578913	0.787438	0.211662	0.807863	-0.589097	-0.017976
52828		0.107908	0.182448	-0.977276	0.567383	0.795900	0.211235	0.816353	-0.577283	-0.017634
52829		0.104346	0.182271	-0.977696	0.551865	0.807219	0.209388	0.827380	-0.561404	-0.016359
52831		0.095263	0.179669	-0.979104	0.503086	0.840033	0.203097	0.858970	-0.511921	-0.010365
52832		0.089494	0.178234	-0.979910	0.470814	0.859422	0.199318	0.877681	-0.479193	-0.007002
52833		0.083457	0.177394	-0.980595	0.433778	0.879441	0.196013	0.897147	-0.441719	-0.003554
52834		0.077146	0.177456	-0.981100	0.394660	0.898222	0.193498	0.915583	-0.402128	-0.000740
52835		0.070858	0.179043	-0.981286	0.354571	0.914989	0.192550	0.932340	-0.361579	0.001351
52836		0.064655	0.182048	-0.981162	0.315738	0.928975	0.193171	0.946641	-0.322280	0.002583
52837		0.058816	0.185958	-0.980796	0.281034	0.939675	0.195014	0.957894	-0.287107	0.003008
52838		0.055311	0.189428	-0.980335	0.249317	0.948117	0.197269	0.966841	-0.255326	0.005213
52839		0.054046	0.193023	-0.979705	0.222696	0.954097	0.200262	0.973389	-0.229000	0.008579
52840		0.052857	0.197398	-0.978897	0.204757	0.957297	0.204098	0.977385	-0.211224	0.010181
52841		0.051440	0.202833	-0.977861	0.197521	0.957749	0.209051	0.978948	-0.203902	0.009203
52842		0.049852	0.208108	-0.976835	0.199962	0.956168	0.213910	0.978535	-0.205994	0.006054
52843		0.048370	0.212185	-0.976032	0.208304	0.953547	0.217620	0.976867	-0.213837	0.001924
52844		0.046391	0.214921	-0.975529	0.216902	0.951113	0.219856	0.975091	-0.221793	-0.002494
52846		0.039228	0.219601	-0.974801	0.246104	0.943377	0.222426	0.968449	-0.248628	-0.017038
52847		0.034313	0.222194	-0.974398	0.252880	0.941316	0.223555	0.966889	-0.254076	-0.023889
52848		0.029239	0.224983	-0.973924	0.256893	0.939922	0.224841	0.965997	-0.256768	-0.030314
52849		0.024825	0.227699	-0.973415	0.252798	0.940638	0.226479	0.967201	-0.251699	-0.034210
52850		0.022144	0.230288	-0.972870	0.242218	0.942881	0.228703	0.969969	-0.240711	-0.034901
52851		0.020491	0.232937	-0.972276	0.230688	0.945138	0.231297	0.972812	-0.229032	-0.034369
52852		0.019070	0.236097	-0.971542	0.218810	0.947178	0.234471	0.975581	-0.217054	-0.033598
52853		0.017138	0.239633	-0.970712	0.207819	0.948798	0.237893	0.978017	-0.205810	-0.033540
52854		0.015177	0.243310	-0.969830	0.197234	0.950155	0.241461	0.980239	-0.194948	-0.033569
52855		0.013530	0.247273	-0.968851	0.189247	0.950794	0.245307	0.981836	-0.186671	-0.033931
52856		0.012696	0.251434	-0.967791	0.183763	0.950797	0.249430	0.982889	-0.181011	-0.034133
52857		0.012256	0.254971	-0.966871	0.177566	0.951021	0.253042	0.984033	-0.174784	-0.033619
52858		0.011678	0.257775	-0.966134	0.170559	0.951528	0.255939	0.985278	-0.167772	-0.032854
52859		0.010879	0.260247	-0.965481	0.162864	0.952184	0.258498	0.986589	-0.160054	-0.032026
52860		0.009850	0.263470	-0.964617	0.155029	0.952598	0.261770	0.987861	-0.152122	-0.031463
52861		0.008963	0.268755	-0.963167	0.146788	0.952418	0.267122	0.989127	-0.143775	-0.030913
52862		0.009099	0.276537	-0.960960	0.139144	0.951301	0.275075	0.990230	-0.136214	-0.029822
52863		0.010028	0.286128	-0.958139	0.133756	0.949192	0.284857	0.990964	-0.131013	-0.028753
52864		0.012603	0.296516	-0.954945	0.129229	0.946528	0.295608	0.991535	-0.127132	-0.026390
52865		0.015792	0.307621	-0.951378	0.126474	0.943240	0.307088	0.991844	-0.125174	-0.024011
52866		0.017947	0.319482	-0.947422	0.128685	0.938956	0.319065	0.991523	-0.127646	-0.024262
52867		0.018807	0.332282	-0.942992	0.136649	0.933455	0.331647	0.990441	-0.135096	-0.027851
52868		0.018485	0.345363	-0.938287	0.148404	0.927105	0.344170	0.988754	-0.145608	-0.034115
52869		0.016594	0.358043	-0.933558	0.161043	0.920539	0.355913	0.986808	-0.156249	-0.042385
52870		0.014158	0.370096	-0.928886	0.173223	0.914024	0.366815	0.984781	-0.166098	-0.051168
52871		0.011344	0.382052	-0.924071	0.181795	0.907941	0.377615	0.983271	-0.172275	-0.059156
52872		0.008379	0.393463	-0.919302	0.182909	0.903221	0.388247	0.983094	-0.171402	-0.064400
52873		0.004867	0.404185	-0.914665	0.176101	0.900034	0.398656	0.984360	-0.163013	-0.066797
52874		0.000332	0.413643	-0.910439	0.167397	0.897569	0.407857	0.985889	-0.152541	-0.068944
52875		-0.007584	0.421993	-0.906567	0.153882	0.896287	0.415921	0.988060	-0.136350	-0.071735
52876		-0.019136	0.429050	-0.903078	0.138964	0.895618	0.422561	0.990113	-0.117409	-0.076761
52877		-0.033972	0.434550	-0.900007	0.123914	0.895409	0.427653	0.991711	-0.096995	-0.084266
52879		-0.063961	0.439065	-0.896176	0.105576	0.895952	0.431420	0.992352	-0.067021	-0.103661
52881		-0.082153	0.441629	-0.893429	0.101805	0.895488	0.433286	0.991406	-0.055360	-0.118527
52882		-0.088868	0.441807	-0.892698	0.107844	0.895243	0.432331	0.990188	-0.057851	-0.127205
52883		-0.095440	0.437737	-0.894023	0.113998	0.897021	0.427034	0.988886	-0.061161	-0.135513
52884		-0.103606	0.428163	-0.897743	0.122326	0.901233	0.415710	0.987067	-0.066748	-0.145748
52885		-0.112676	0.412424	-0.903997	0.126141	0.908367	0.398695	0.985593	-0.069108	-0.154375
52886		-0.120497	0.391408	-0.912294	0.126227	0.917572	0.377000	0.984656	-0.069729	-0.159971
52888		-0.129806	0.336886	-0.932555	0.112820	0.939422	0.323663	0.985100	-0.063197	-0.159950
52889		-0.128915	0.304218	-0.943839	0.097859	0.951038	0.293173	0.986815	-0.054569	-0.152374
52890		-0.124329	0.267304	-0.955558	0.073846	0.962852	0.259736	0.989489	-0.038271	-0.139450
52891		-0.116589	0.225486	-0.967245	0.040412	0.974157	0.222227	0.992358	-0.013180	-0.122688
52892		-0.104853	0.177552	-0.978510	-0.004365	0.983842	0.178987	0.994478	0.023038	-0.102384
52893		-0.084776	0.126597	-0.988325	-0.065956	0.989007	0.132342	0.994215	0.076406	-0.075494
52894		-0.053823	0.075942	-0.995659	-0.147876	0.985503	0.083162	0.987540	0.151710	-0.041813
52895		-0.014757	0.033294	-0.999337	-0.249464	0.967717	0.035924	0.968272	0.249829	-0.005975
52896		0.020349	0.000352	-0.999793	-0.338426	0.940970	-0.006557	0.940773	0.338490	0.019267
52898		0.066422	-0.010215	-0.997739	-0.448113	0.893127	-0.038976	0.891506	0.449689	0.054746
52899		0.063708	-0.000359	-0.997969	-0.526767	0.849332	-0.033933	0.847619	0.527859	0.053920
52900		0.045029	0.006503	-0.998965	-0.632461	0.774237	-0.023469	0.773283	0.632862	0.038976
52901		0.023843	0.007116	-0.999690	-0.746242	0.665546	-0.013060	0.665247	0.746323	0.021179
52902		0.006197	0.005337	-0.999967	-0.854594	0.519291	-0.002524	0.519260	0.854581	0.007779
52904		-0.024625	-0.015321	-0.999579	-0.977761	0.208679	0.020889	0.208271	0.977864	-0.020119
52905		-0.038501	-0.024823	-0.998950	-0.996935	0.069095	0.036706	0.068112	0.997301	-0.027407
52906		-0.053121	-0.032418	-0.998062	-0.996991	-0.054781	0.054844	-0.056453	0.997972	-0.029410
52907		-0.069926	-0.042049	-0.996666	-0.984564	-0.157794	0.075734	-0.160452	0.986576	-0.030366
52908		-0.086951	-0.054530	-0.994719	-0.965274	-0.242300	0.097660	-0.246345	0.968668	-0.031568
52909		-0.104855	-0.072387	-0.991850	-0.942264	-0.311714	0.122362	-0.318031	0.947415	-0.035523
52910		-0.120662	-0.097330	-0.987911	-0.917696	-0.368529	0.148394	-0.378517	0.924507	-0.044852
52911		-0.133158	-0.131632	-0.982315	-0.890276	-0.419655	0.176916	-0.435521	0.898088	-0.061309
52912		-0.140841	-0.173263	-0.974753	-0.859820	-0.466672	0.207186	-0.490788	0.867293	-0.083248
52913		-0.147749	-0.217378	-0.964840	-0.819166	-0.519751	0.242541	-0.554200	0.826199	-0.101276
52914		-0.148739	-0.261339	-0.953718	-0.760979	-0.585646	0.279160	-0.631496	0.767282	-0.111765
52915		-0.142249	-0.300603	-0.943082	-0.686044	-0.656863	0.312851	-0.713519	0.691498	-0.112789
52916		-0.135038	-0.330782	-0.933996	-0.611008	-0.714269	0.341304	-0.780021	0.616768	-0.105657
52917		-0.120330	-0.359323	-0.925423	-0.548899	-0.752659	0.363614	-0.827182	0.551717	-0.106664
52918		-0.091541	-0.387135	-0.917468	-0.478901	-0.790680	0.381418	-0.873083	0.474291	-0.113020
52919		-0.054075	-0.410443	-0.910282	-0.395064	-0.828438	0.397008	-0.917061	0.381088	-0.117354
52921		0.021948	-0.433173	-0.901044	-0.217960	-0.881655	0.418543	-0.975711	0.187205	-0.113765
52922		0.058296	-0.437021	-0.897560	-0.136743	-0.894110	0.426460	-0.988890	0.097875	-0.111883
52923		0.101353	-0.436428	-0.894012	-0.074011	-0.899457	0.430696	-0.992094	0.022514	-0.123464
52924		0.148108	-0.429854	-0.890668	0.007817	-0.900064	0.435688	-0.988940	-0.071492	-0.129947
52925		0.198507	-0.413879	-0.888425	0.108965	-0.891525	0.439670	-0.974023	-0.184085	-0.131876
52926		0.282122	-0.391013	-0.876080	0.193931	-0.871080	0.451232	-0.939573	-0.297201	-0.169921
52927		0.288485	-0.366904	-0.884397	0.301098	-0.842045	0.447550	-0.908910	-0.395401	-0.132443
52928		0.265348	-0.375489	-0.888030	0.376699	-0.807464	0.453983	-0.887518	-0.454984	-0.072813
52929		0.302796	-0.371434	-0.877697	0.391591	-0.791114	0.469888	-0.868891	-0.485978	-0.094096
52930		0.315469	-0.377539	-0.870600	0.413147	-0.771285	0.484178	-0.854277	-0.512429	-0.087338
52931		0.327867	-0.382009	-0.864044	0.406731	-0.768418	0.494068	-0.852686	-0.513422	-0.096564
52932		0.344879	-0.380636	-0.858006	0.400041	-0.767311	0.501199	-0.849133	-0.516090	-0.112359
52933		0.361140	-0.376829	-0.852982	0.395998	-0.766167	0.506136	-0.844253	-0.520566	-0.127470
52934		0.373950	-0.371676	-0.849717	0.391912	-0.767042	0.507989	-0.840575	-0.522976	-0.141171
52935		0.382496	-0.364740	-0.848918	0.392466	-0.767642	0.506653	-0.836461	-0.526964	-0.150471
52936		0.387199	-0.355656	-0.850639	0.400604	-0.766070	0.502647	-0.830418	-0.535393	-0.154144
52937		0.386958	-0.342620	-0.856081	0.419615	-0.761277	0.494348	-0.821089	-0.550517	-0.150814
52938		0.388003	-0.323255	-0.863110	0.451486	-0.749756	0.483763	-0.803501	-0.577384	-0.144963
52939		0.387041	-0.302807	-0.870923	0.488596	-0.733676	0.472222	-0.781968	-0.608299	-0.136012
52940		0.384143	-0.280331	-0.879687	0.523041	-0.719079	0.457552	-0.760830	-0.635877	-0.129605
52941		0.374072	-0.237388	-0.896503	0.573808	-0.700188	0.424830	-0.728570	-0.673338	-0.125706
52942		0.322265	-0.256066	-0.911359	0.575691	-0.711227	0.403405	-0.751481	-0.654665	-0.081789
52943		0.322514	-0.248653	-0.913322	0.558080	-0.729390	0.395648	-0.764547	-0.637308	-0.096470
52944		0.321479	-0.245865	-0.914441	0.522500	-0.759321	0.387847	-0.789712	-0.602480	-0.115641
52945		0.318936	-0.239529	-0.917009	0.505651	-0.775332	0.378388	-0.801621	-0.584368	-0.126163
52946		0.312051	-0.226324	-0.922714	0.513581	-0.776892	0.364244	-0.799286	-0.587551	-0.126194
52947		0.298761	-0.209280	-0.931098	0.522373	-0.780656	0.343079	-0.798667	-0.588879	-0.123908
52948		0.282004	-0.189760	-0.940460	0.544428	-0.775484	0.319723	-0.789982	-0.602176	-0.115378
52949		0.262290	-0.171230	-0.949676	0.577813	-0.760339	0.296677	-0.772875	-0.626550	-0.100491
52950		0.244045	-0.153181	-0.957590	0.611016	-0.742504	0.274494	-0.753062	-0.652091	-0.087609
52951		0.228386	-0.134633	-0.964217	0.646590	-0.719447	0.253608	-0.727847	-0.681373	-0.077259
52952		0.221046	-0.116740	-0.968251	0.692965	-0.679795	0.240161	-0.686249	-0.724051	-0.069369
52953		0.219876	-0.100502	-0.970337	0.742199	-0.628277	0.233254	-0.633083	-0.771471	-0.063551
52954		0.222647	-0.088772	-0.970849	0.787022	-0.571343	0.232732	-0.575348	-0.815896	-0.057343
52955		0.229516	-0.081027	-0.969926	0.823814	-0.514512	0.237923	-0.518317	-0.853646	-0.051337
52956		0.247297	-0.074665	-0.966059	0.850175	-0.461560	0.253306	-0.464807	-0.883961	-0.050665
52957		0.274341	-0.073949	-0.958785	0.869134	-0.407597	0.280126	-0.411513	-0.910163	-0.047549
52958		0.307939	-0.082843	-0.947793	0.876776	-0.362056	0.316511	-0.369375	-0.928468	-0.038856
52959		0.343002	-0.097658	-0.934244	0.875398	-0.327430	0.355623	-0.340629	-0.939815	-0.026819
52960		0.376302	-0.118012	-0.918950	0.867386	-0.303733	0.394193	-0.325635	-0.945420	-0.011934
52961		0.405938	-0.135366	-0.903820	0.854790	-0.293661	0.427898	-0.323340	-0.946277	-0.003498
52962		0.425946	-0.148314	-0.892510	0.844024	-0.290172	0.451026	-0.325874	-0.945412	0.001583
52963		0.434880	-0.147432	-0.888337	0.840479	-0.287644	0.459190	-0.323224	-0.946322	-0.001177
52964		0.438577	-0.127899	-0.889546	0.841539	-0.288909	0.456447	-0.315377	-0.948775	-0.019077
52965		0.426513	-0.117435	-0.896825	0.843805	-0.305383	0.441286	-0.325698	-0.944960	-0.031158
52966		0.420741	-0.088747	-0.902829	0.840302	-0.336905	0.424720	-0.341860	-0.937347	-0.067175
52967		0.435463	-0.026388	-0.899820	0.838872	-0.350753	0.416253	-0.326599	-0.936096	-0.130604
52968		0.423698	-0.046333	-0.904618	0.842368	-0.347006	0.412315	-0.333011	-0.936718	-0.107996
52969		0.439770	-0.055103	-0.896419	0.818305	-0.386734	0.425221	-0.370106	-0.920544	-0.124982
52970		0.465502	-0.052597	-0.883482	0.813634	-0.367403	0.450572	-0.348293	-0.928574	-0.128232
52971		0.486857	-0.059579	-0.871447	0.801210	-0.366900	0.472701	-0.347897	-0.928351	-0.130893
52972		0.505126	-0.064881	-0.860603	0.791434	-0.362879	0.491885	-0.344209	-0.929575	-0.131951
52973		0.518803	-0.070920	-0.851947	0.786087	-0.352128	0.508009	-0.336022	-0.933261	-0.126936
52974		0.528985	-0.077092	-0.845122	0.779470	-0.349642	0.519786	-0.335561	-0.933706	-0.124865
52975		0.535425	-0.079725	-0.840812	0.776906	-0.343983	0.527346	-0.331267	-0.935585	-0.122238
52976		0.538082	-0.073376	-0.839692	0.777570	-0.341314	0.528099	-0.325348	-0.937081	-0.126600
52977		0.536390	-0.059846	-0.841846	0.782450	-0.338592	0.522616	-0.316319	-0.939028	-0.134791
52978		0.531183	-0.041860	-0.846222	0.788171	-0.342034	0.511663	-0.310855	-0.938755	-0.148690
52979		0.521668	-0.022371	-0.852855	0.796819	-0.344440	0.496428	-0.304863	-0.938542	-0.161857
52980		0.507674	-0.003935	-0.861540	0.808347	-0.343784	0.477899	-0.298064	-0.939040	-0.171350
52981		0.488442	0.010759	-0.872530	0.822013	-0.341173	0.455956	-0.292778	-0.939939	-0.175487
52982		0.467023	0.019459	-0.884031	0.835738	-0.336293	0.434108	-0.288847	-0.941556	-0.173319
52983		0.443751	0.024010	-0.895828	0.849173	-0.330674	0.411777	-0.286341	-0.943440	-0.167125
52984		0.418221	0.025395	-0.907990	0.862874	-0.323416	0.388395	-0.283796	-0.945916	-0.157172
52985		0.387591	0.025257	-0.921486	0.877897	-0.315037	0.360622	-0.281194	-0.948743	-0.144278
52986		0.351186	0.022689	-0.936031	0.895976	-0.298387	0.328925	-0.271836	-0.954175	-0.125118
52987		0.307306	0.019989	-0.951401	0.918223	-0.268734	0.290943	-0.249858	-0.963007	-0.100938
