// Start Time: Unknown
// Update Rate: 100.0Hz
// Filter Profile: human (46.1)
// Option Flags: AHS Disabled ICC Disabled 
// Firmware Version: 4.0.2
PacketCounter	SampleTimeFine	Mat[1][1]	Mat[2][1]	Mat[3][1]	Mat[1][2]	Mat[2][2]	Mat[3][2]	Mat[1][3]	Mat[2][3]	Mat[3][3]
16630		-0.064462	0.063645	-0.995889	0.965534	-0.248201	-0.078359	-0.252167	-0.966616	-0.045452
16631		-0.064116	0.063159	-0.995942	0.965892	-0.246969	-0.077843	-0.250883	-0.966963	-0.045170
16632		-0.063783	0.062726	-0.995991	0.966220	-0.245834	-0.077359	-0.249701	-0.967280	-0.044927
16633		-0.063517	0.062415	-0.996027	0.966506	-0.244830	-0.076977	-0.248661	-0.967555	-0.044773
16634		-0.063347	0.062076	-0.996059	0.966851	-0.243561	-0.076669	-0.247360	-0.967897	-0.044589
16635		-0.063172	0.061719	-0.996092	0.967075	-0.242760	-0.076374	-0.246525	-0.968121	-0.044352
16636		-0.062964	0.061480	-0.996120	0.967405	-0.241542	-0.076057	-0.245281	-0.968441	-0.044267
16637		-0.062728	0.061282	-0.996147	0.967646	-0.240677	-0.075740	-0.244391	-0.968669	-0.044202
16638		-0.062487	0.061079	-0.996175	0.967965	-0.239496	-0.075402	-0.243185	-0.968974	-0.044157
16639		-0.062234	0.060916	-0.996201	0.968176	-0.238743	-0.075082	-0.242410	-0.969170	-0.044119
16640		-0.061956	0.060857	-0.996222	0.968317	-0.238266	-0.074776	-0.241916	-0.969291	-0.044167
16641		-0.061729	0.060761	-0.996242	0.968395	-0.238029	-0.074521	-0.241663	-0.969356	-0.044148
16642		-0.061444	0.060623	-0.996268	0.968498	-0.237712	-0.074197	-0.241322	-0.969442	-0.044108
16643		-0.060975	0.060527	-0.996302	0.968501	-0.237848	-0.073723	-0.241431	-0.969415	-0.044118
16645		-0.060059	0.060311	-0.996371	0.968521	-0.238051	-0.072790	-0.241577	-0.969378	-0.044115
16646		-0.059547	0.060043	-0.996418	0.968567	-0.238035	-0.072226	-0.241519	-0.969399	-0.043982
16647		-0.058958	0.059806	-0.996467	0.968860	-0.237047	-0.071551	-0.240489	-0.969656	-0.043968
16648		-0.058317	0.059606	-0.996517	0.969069	-0.236402	-0.070851	-0.239802	-0.969825	-0.043976
16649		-0.057672	0.059408	-0.996566	0.969298	-0.235672	-0.070143	-0.239030	-0.970015	-0.043992
16650		-0.057107	0.059339	-0.996603	0.969485	-0.235078	-0.069550	-0.238406	-0.970164	-0.044103
16651		-0.056527	0.059179	-0.996646	0.969725	-0.234276	-0.068911	-0.237569	-0.970367	-0.044145
16652		-0.056033	0.059033	-0.996682	0.969853	-0.233899	-0.068379	-0.237159	-0.970467	-0.044147
16653		-0.055458	0.058896	-0.996722	0.970013	-0.233415	-0.067764	-0.236641	-0.970592	-0.044186
16654		-0.054827	0.058758	-0.996765	0.970044	-0.233474	-0.067120	-0.236663	-0.970586	-0.044197
16655		-0.054188	0.058422	-0.996820	0.970281	-0.232697	-0.066383	-0.235836	-0.970793	-0.044077
16656		-0.053412	0.058038	-0.996885	0.970545	-0.231847	-0.065499	-0.234926	-0.971019	-0.043945
16657		-0.052636	0.057786	-0.996940	0.970840	-0.230850	-0.064639	-0.233879	-0.971272	-0.043950
16658		-0.052010	0.057521	-0.996989	0.971130	-0.229829	-0.063921	-0.232813	-0.971530	-0.043907
16659		-0.051574	0.057304	-0.997024	0.971481	-0.228488	-0.063385	-0.231440	-0.971859	-0.043886
16660		-0.051165	0.057143	-0.997054	0.971701	-0.227681	-0.062913	-0.230606	-0.972058	-0.043876
16661		-0.050832	0.057003	-0.997079	0.971905	-0.226917	-0.062521	-0.229819	-0.972244	-0.043867
16662		-0.050550	0.056855	-0.997102	0.972006	-0.226576	-0.062197	-0.229455	-0.972333	-0.043810
16663		-0.050307	0.056672	-0.997125	0.972125	-0.226143	-0.061898	-0.229001	-0.972444	-0.043716
16664		-0.050144	0.056495	-0.997143	0.972151	-0.226088	-0.061697	-0.228927	-0.972467	-0.043584
16665		-0.050015	0.056353	-0.997157	0.972215	-0.225861	-0.061528	-0.228686	-0.972528	-0.043491
16666		-0.049992	0.056231	-0.997165	0.972270	-0.225637	-0.061468	-0.228454	-0.972587	-0.043392
16667		-0.050021	0.056063	-0.997173	0.972358	-0.225268	-0.061441	-0.228075	-0.972683	-0.043245
16668		-0.049974	0.055906	-0.997185	0.972460	-0.224855	-0.061341	-0.227651	-0.972787	-0.043130
16669		-0.049937	0.055717	-0.997197	0.972655	-0.224040	-0.061226	-0.226823	-0.972986	-0.043005
16670		-0.049846	0.055513	-0.997213	0.972729	-0.223759	-0.061078	-0.226526	-0.973062	-0.042846
16671		-0.049783	0.055379	-0.997224	0.972760	-0.223650	-0.060982	-0.226407	-0.973095	-0.042737
16672		-0.049729	0.055223	-0.997235	0.972798	-0.223509	-0.060888	-0.226253	-0.973136	-0.042606
16673		-0.049624	0.055031	-0.997251	0.972925	-0.223003	-0.060720	-0.225731	-0.973263	-0.042475
16674		-0.049422	0.054812	-0.997273	0.972989	-0.222793	-0.060464	-0.225499	-0.973324	-0.042321
16675		-0.049175	0.054641	-0.997294	0.973108	-0.222355	-0.060165	-0.225041	-0.973433	-0.042237
16676		-0.048972	0.054497	-0.997312	0.973166	-0.222164	-0.059926	-0.224833	-0.973485	-0.042154
16677		-0.048777	0.054433	-0.997325	0.973225	-0.221965	-0.059713	-0.224621	-0.973534	-0.042149
16678		-0.048626	0.054450	-0.997332	0.973223	-0.222008	-0.059571	-0.224659	-0.973523	-0.042196
16679		-0.048519	0.054418	-0.997339	0.973318	-0.221628	-0.059443	-0.224273	-0.973612	-0.042213
16680		-0.048285	0.054370	-0.997353	0.973260	-0.221943	-0.059218	-0.224575	-0.973543	-0.042200
16681		-0.048012	0.054327	-0.997368	0.973251	-0.222052	-0.058947	-0.224670	-0.973520	-0.042213
16682		-0.047733	0.054273	-0.997385	0.973147	-0.222578	-0.058684	-0.225181	-0.973403	-0.042191
16683		-0.047475	0.054271	-0.997397	0.973140	-0.222673	-0.058436	-0.225265	-0.973381	-0.042242
16684		-0.047274	0.054305	-0.997405	0.973036	-0.223171	-0.058270	-0.225756	-0.973265	-0.042291
16685		-0.047085	0.054310	-0.997413	0.973138	-0.222780	-0.058069	-0.225358	-0.973355	-0.042361
16686		-0.046902	0.054294	-0.997423	0.973084	-0.223059	-0.057900	-0.225627	-0.973292	-0.042371
16687		-0.046652	0.054314	-0.997433	0.973067	-0.223195	-0.057666	-0.225754	-0.973260	-0.042439
16688		-0.046373	0.054269	-0.997449	0.973043	-0.223368	-0.057391	-0.225912	-0.973222	-0.042448
16689		-0.046076	0.054228	-0.997465	0.973131	-0.223063	-0.057079	-0.225593	-0.973294	-0.042493
16690		-0.045821	0.054193	-0.997479	0.973130	-0.223132	-0.056825	-0.225649	-0.973281	-0.042513
16691		-0.045517	0.054186	-0.997493	0.973183	-0.222980	-0.056520	-0.225484	-0.973316	-0.042584
16693		-0.045061	0.054232	-0.997511	0.973161	-0.223182	-0.056095	-0.225669	-0.973267	-0.042720
16694		-0.044824	0.054297	-0.997518	0.973281	-0.222720	-0.055858	-0.225200	-0.973369	-0.042863
16695		-0.044572	0.054342	-0.997527	0.973266	-0.222843	-0.055628	-0.225315	-0.973338	-0.042957
16696		-0.044362	0.054393	-0.997534	0.973357	-0.222497	-0.055419	-0.224963	-0.973415	-0.043073
16697		-0.044145	0.054444	-0.997541	0.973337	-0.222631	-0.055224	-0.225090	-0.973381	-0.043164
16698		-0.043974	0.054530	-0.997543	0.973301	-0.222823	-0.055086	-0.225279	-0.973333	-0.043276
16699		-0.043778	0.054574	-0.997550	0.973266	-0.223018	-0.054913	-0.225469	-0.973285	-0.043352
16700		-0.043623	0.054585	-0.997556	0.973418	-0.222398	-0.054737	-0.224842	-0.973427	-0.043433
16701		-0.043362	0.054685	-0.997562	0.973332	-0.222825	-0.054524	-0.225264	-0.973323	-0.043565
16702		-0.043162	0.054933	-0.997557	0.973289	-0.223045	-0.054394	-0.225488	-0.973259	-0.043839
16703		-0.042986	0.055338	-0.997542	0.973046	-0.224110	-0.054363	-0.226568	-0.972991	-0.044213
16704		-0.042906	0.055526	-0.997535	0.973061	-0.224055	-0.054325	-0.226520	-0.972993	-0.044416
16705		-0.042691	0.055534	-0.997544	0.973096	-0.223957	-0.054113	-0.226412	-0.973016	-0.044479
16706		-0.042345	0.055680	-0.997550	0.973020	-0.224355	-0.053826	-0.226802	-0.972916	-0.044678
16707		-0.042024	0.055809	-0.997557	0.972974	-0.224617	-0.053555	-0.227057	-0.972848	-0.044862
16708		-0.041718	0.055796	-0.997570	0.973226	-0.223605	-0.053207	-0.226031	-0.973081	-0.044974
16709		-0.041351	0.055810	-0.997585	0.973323	-0.223271	-0.052836	-0.225681	-0.973157	-0.045089
16710		-0.041048	0.055804	-0.997598	0.973476	-0.222679	-0.052512	-0.225075	-0.973293	-0.045184
16711		-0.040762	0.055777	-0.997611	0.973513	-0.222587	-0.052222	-0.224968	-0.973316	-0.045226
16712		-0.040445	0.055796	-0.997623	0.973498	-0.222724	-0.051924	-0.225092	-0.973283	-0.045310
16713		-0.040116	0.055849	-0.997633	0.973517	-0.222714	-0.051615	-0.225069	-0.973283	-0.045436
16714		-0.039828	0.055886	-0.997642	0.973676	-0.222084	-0.051312	-0.224428	-0.973425	-0.045569
16715		-0.039553	0.055856	-0.997655	0.973724	-0.221938	-0.051030	-0.224268	-0.973460	-0.045610
16716		-0.039345	0.055888	-0.997662	0.973933	-0.221075	-0.050793	-0.223397	-0.973654	-0.045733
16717		-0.039106	0.055858	-0.997673	0.974008	-0.220802	-0.050540	-0.223111	-0.973718	-0.045772
16718		-0.038863	0.055887	-0.997680	0.974201	-0.220011	-0.050273	-0.222311	-0.973895	-0.045895
16719		-0.038622	0.055974	-0.997685	0.974217	-0.219991	-0.050056	-0.222283	-0.973895	-0.046035
16720		-0.038353	0.056114	-0.997687	0.974235	-0.219963	-0.049823	-0.222250	-0.973893	-0.046232
16721		-0.038134	0.056286	-0.997686	0.974194	-0.220181	-0.049658	-0.222466	-0.973834	-0.046437
16722		-0.037984	0.056398	-0.997686	0.974344	-0.219550	-0.049506	-0.221834	-0.973970	-0.046611
16723		-0.037815	0.056467	-0.997688	0.974331	-0.219644	-0.049361	-0.221923	-0.973945	-0.046712
16724		-0.037631	0.056589	-0.997688	0.974327	-0.219694	-0.049211	-0.221971	-0.973926	-0.046869
16725		-0.037325	0.056801	-0.997688	0.974283	-0.219942	-0.048971	-0.222215	-0.973858	-0.047131
16726		-0.037036	0.057030	-0.997685	0.974393	-0.219512	-0.048719	-0.221782	-0.973942	-0.047440
16727		-0.036688	0.057217	-0.997687	0.974362	-0.219711	-0.048430	-0.221974	-0.973886	-0.047690
16728		-0.036257	0.057269	-0.997700	0.974423	-0.219533	-0.048012	-0.221778	-0.973923	-0.047845
16729		-0.035702	0.057220	-0.997723	0.974401	-0.219748	-0.047470	-0.221964	-0.973877	-0.047910
16730		-0.034943	0.057204	-0.997751	0.974466	-0.219623	-0.046719	-0.221801	-0.973906	-0.048069
16731		-0.034024	0.057222	-0.997782	0.974382	-0.220174	-0.045853	-0.222309	-0.973781	-0.048265
16732		-0.032906	0.057042	-0.997829	0.974530	-0.219758	-0.044700	-0.221831	-0.973885	-0.048358
16733		-0.031598	0.056772	-0.997887	0.974598	-0.219722	-0.043361	-0.221720	-0.973909	-0.048387
16734		-0.030077	0.056484	-0.997950	0.974803	-0.219120	-0.041782	-0.221031	-0.974062	-0.048470
16735		-0.028300	0.056124	-0.998023	0.974869	-0.219163	-0.039968	-0.220973	-0.974073	-0.048511
16736		-0.026308	0.055854	-0.998092	0.975013	-0.218881	-0.037949	-0.220583	-0.974152	-0.048700
16737		-0.024020	0.055667	-0.998160	0.975022	-0.219223	-0.035689	-0.220806	-0.974086	-0.049011
16738		-0.021300	0.055261	-0.998245	0.975155	-0.219062	-0.032934	-0.220497	-0.974145	-0.049222
16739		-0.017910	0.054529	-0.998352	0.975252	-0.219123	-0.029464	-0.220368	-0.974172	-0.049255
16741		-0.009300	0.052451	-0.998580	0.975688	-0.218199	-0.020548	-0.218966	-0.974494	-0.049146
16742		-0.004074	0.051281	-0.998676	0.975670	-0.218714	-0.015210	-0.219204	-0.974441	-0.049142
16743		0.001727	0.050075	-0.998744	0.975813	-0.218410	-0.009263	-0.218599	-0.974572	-0.049241
16744		0.008424	0.048738	-0.998776	0.975801	-0.218645	-0.002439	-0.218496	-0.974587	-0.049400
16745		0.016145	0.047447	-0.998743	0.976044	-0.217504	0.005445	-0.216973	-0.974905	-0.049822
16746		0.025285	0.045728	-0.998634	0.976109	-0.216777	0.014788	-0.215804	-0.975150	-0.050117
16747		0.035698	0.043990	-0.998394	0.976434	-0.214309	0.025471	-0.212844	-0.975775	-0.050603
16748		0.047552	0.042197	-0.997977	0.976262	-0.213324	0.037498	-0.211310	-0.976070	-0.051339
16749		0.060411	0.040799	-0.997339	0.976241	-0.210719	0.050513	-0.208098	-0.976695	-0.052559
16750		0.074480	0.039448	-0.996442	0.975958	-0.208134	0.064709	-0.204840	-0.977305	-0.054001
16751		0.089716	0.039397	-0.995188	0.975819	-0.203447	0.079916	-0.199320	-0.978293	-0.056697
16752		0.106208	0.039910	-0.993543	0.975017	-0.200228	0.096185	-0.195096	-0.978936	-0.060179
16753		0.123321	0.041604	-0.991494	0.974664	-0.192952	0.113132	-0.186604	-0.980326	-0.064345
16755		0.159801	0.044451	-0.986148	0.970667	-0.188865	0.148779	-0.179636	-0.980996	-0.073328
16756		0.178905	0.047020	-0.982742	0.968345	-0.185141	0.167426	-0.174074	-0.981586	-0.078654
16757		0.198189	0.048688	-0.978954	0.964722	-0.186278	0.186043	-0.173299	-0.981290	-0.083888
16758		0.216309	0.050239	-0.975031	0.960762	-0.188557	0.203428	-0.173629	-0.980776	-0.089054
16759		0.232486	0.051643	-0.971228	0.956097	-0.195306	0.218479	-0.178404	-0.979382	-0.094782
16761		0.256799	0.056242	-0.964827	0.947327	-0.212331	0.239764	-0.191378	-0.975578	-0.107806
16763		0.272832	0.061389	-0.960101	0.943579	-0.211749	0.254598	-0.187671	-0.975394	-0.115697
16764		0.277519	0.064323	-0.958564	0.943912	-0.204077	0.259583	-0.178924	-0.976839	-0.117350
16765		0.280935	0.068794	-0.957258	0.944927	-0.194317	0.263351	-0.167895	-0.978524	-0.119595
16766		0.282880	0.071159	-0.956512	0.945611	-0.187688	0.265694	-0.160619	-0.979648	-0.120382
16767		0.283009	0.072788	-0.956351	0.947049	-0.178891	0.266640	-0.151674	-0.981173	-0.119562
16768		0.280826	0.074440	-0.956867	0.948400	-0.174458	0.264769	-0.147224	-0.981847	-0.119591
16769		0.275250	0.075820	-0.958378	0.950463	-0.171220	0.259431	-0.144423	-0.982311	-0.119192
16770		0.266079	0.076998	-0.960871	0.953506	-0.167368	0.250628	-0.141521	-0.982883	-0.117951
16771		0.253138	0.077858	-0.964292	0.957664	-0.161441	0.238363	-0.137118	-0.983806	-0.115428
16772		0.237778	0.077559	-0.968218	0.962287	-0.154431	0.223950	-0.132154	-0.984955	-0.111354
16773		0.221277	0.075118	-0.972314	0.967236	-0.144156	0.208984	-0.124466	-0.986700	-0.104555
16775		0.188287	0.063456	-0.980062	0.976869	-0.115098	0.180221	-0.101367	-0.991325	-0.083660
16776		0.172555	0.056324	-0.983388	0.981080	-0.098806	0.166490	-0.087787	-0.993511	-0.072308
16777		0.156849	0.051040	-0.986303	0.984641	-0.085623	0.152154	-0.076684	-0.995019	-0.063686
16778		0.140736	0.047467	-0.988909	0.987436	-0.079220	0.136724	-0.071851	-0.995726	-0.058020
16779		0.125092	0.040071	-0.991336	0.989883	-0.072477	0.121979	-0.066961	-0.996565	-0.048731
16780		0.114040	0.026703	-0.993117	0.992055	-0.056515	0.112398	-0.053125	-0.998045	-0.032936
16781		0.110360	0.010863	-0.993832	0.992736	-0.049415	0.109698	-0.047919	-0.998719	-0.016238
16782		0.111744	-0.002958	-0.993733	0.991767	-0.062599	0.111709	-0.062537	-0.998034	-0.004061
16783		0.115138	-0.015483	-0.993229	0.989289	-0.088527	0.116061	-0.089725	-0.995953	0.005124
16784		0.119260	-0.026316	-0.992514	0.986427	-0.110501	0.121459	-0.112870	-0.993528	0.012780
16785		0.123295	-0.039072	-0.991601	0.982633	-0.134827	0.127492	-0.138675	-0.990099	0.021770
16786		0.126658	-0.052583	-0.990552	0.978605	-0.156606	0.133444	-0.162143	-0.986260	0.031623
16787		0.129237	-0.068199	-0.989266	0.975740	-0.169046	0.139124	-0.176720	-0.983246	0.044698
16788		0.132402	-0.084535	-0.987585	0.974684	-0.170006	0.145224	-0.180172	-0.981811	0.059885
16789		0.136025	-0.100792	-0.985565	0.975092	-0.162298	0.151177	-0.175193	-0.981580	0.076205
16790		0.139377	-0.116173	-0.983401	0.976602	-0.148125	0.155912	-0.163779	-0.982122	0.092810
16791		0.143707	-0.128376	-0.981258	0.977513	-0.136212	0.160978	-0.154325	-0.982327	0.105915
16792		0.147590	-0.145307	-0.978316	0.978175	-0.124823	0.166108	-0.146253	-0.981481	0.123713
16793		0.152568	-0.162585	-0.974828	0.977493	-0.120595	0.173099	-0.145703	-0.979297	0.140527
16794		0.160262	-0.180127	-0.970500	0.975341	-0.122249	0.183751	-0.151741	-0.976017	0.156094
16795		0.172015	-0.198996	-0.964786	0.971304	-0.129041	0.199793	-0.164255	-0.971467	0.171089
16796		0.187647	-0.219348	-0.957431	0.965446	-0.138273	0.220896	-0.180840	-0.965799	0.185822
16797		0.205296	-0.241467	-0.948445	0.957681	-0.150199	0.245535	-0.201744	-0.958715	0.200413
16798		0.224614	-0.264436	-0.937882	0.947329	-0.166228	0.273745	-0.228290	-0.949969	0.213171
16799		0.244856	-0.287416	-0.925979	0.933997	-0.186369	0.304823	-0.260184	-0.939499	0.222812
16800		0.265465	-0.309065	-0.913240	0.916156	-0.214184	0.338798	-0.300312	-0.926609	0.226294
16801		0.285021	-0.332013	-0.899183	0.904321	-0.217836	0.367083	-0.317751	-0.917777	0.238159
16802		0.306343	-0.338468	-0.889715	0.884477	-0.244339	0.397491	-0.351930	-0.908701	0.224516
16803		0.327149	-0.333769	-0.884066	0.852773	-0.298788	0.428373	-0.407126	-0.894049	0.186881
16804		0.349426	-0.318719	-0.881090	0.838510	-0.313239	0.445849	-0.418093	-0.894594	0.157795
16806		0.376812	-0.283864	-0.881722	0.839110	-0.298543	0.454715	-0.392309	-0.911204	0.125699
16807		0.382244	-0.278706	-0.881029	0.851135	-0.265051	0.453120	-0.359805	-0.923077	0.135903
16808		0.388306	-0.269440	-0.881261	0.861661	-0.232910	0.450880	-0.326739	-0.934428	0.141726
16809		0.392190	-0.266162	-0.880537	0.873422	-0.192625	0.447246	-0.288653	-0.944486	0.156926
16810		0.391066	-0.266597	-0.880905	0.884076	-0.157294	0.440078	-0.255885	-0.950886	0.174179
16811		0.379996	-0.287033	-0.879326	0.889964	-0.145662	0.432141	-0.252124	-0.946781	0.200098
16812		0.376192	-0.300852	-0.876338	0.874497	-0.197241	0.443115	-0.306162	-0.933051	0.188894
16813		0.376310	-0.293686	-0.878714	0.866124	-0.225245	0.446200	-0.328969	-0.928985	0.169606
16814		0.366136	-0.281466	-0.886973	0.862696	-0.254657	0.436927	-0.348854	-0.925163	0.149581
16815		0.346760	-0.265322	-0.899645	0.873722	-0.257467	0.412700	-0.341127	-0.929147	0.142538
16816		0.320491	-0.250101	-0.913639	0.889482	-0.252221	0.381060	-0.325742	-0.934791	0.141625
16817		0.293860	-0.238677	-0.925570	0.906990	-0.235997	0.348818	-0.301687	-0.941987	0.147127
16818		0.271361	-0.238459	-0.932470	0.923915	-0.206952	0.321795	-0.269712	-0.948846	0.164157
16819		0.248505	-0.250876	-0.935578	0.934783	-0.190987	0.299508	-0.253823	-0.948992	0.187053
16820		0.229677	-0.251263	-0.940274	0.944266	-0.176556	0.277832	-0.235820	-0.951680	0.196708
16821		0.209646	-0.250474	-0.945152	0.950431	-0.174808	0.257143	-0.229628	-0.952211	0.201410
16822		0.189328	-0.248131	-0.950045	0.954992	-0.178479	0.236928	-0.228352	-0.952143	0.203172
16823		0.173571	-0.245179	-0.953814	0.955199	-0.193842	0.223651	-0.239723	-0.949901	0.200549
16824		0.167088	-0.238033	-0.956777	0.950207	-0.220019	0.220679	-0.263037	-0.946009	0.189418
16825		0.171252	-0.217316	-0.960961	0.946523	-0.234409	0.221689	-0.273434	-0.947537	0.165552
16826		0.177574	-0.193789	-0.964838	0.947160	-0.232469	0.221012	-0.267125	-0.953102	0.142269
16827		0.185217	-0.171435	-0.967628	0.950785	-0.217636	0.220551	-0.248401	-0.960856	0.122688
16828		0.193558	-0.152439	-0.969174	0.953432	-0.203676	0.222450	-0.231308	-0.967098	0.105917
16829		0.200177	-0.138159	-0.969970	0.954011	-0.197990	0.225085	-0.223142	-0.970418	0.092172
16830		0.203523	-0.125209	-0.971031	0.953188	-0.201196	0.225727	-0.223631	-0.971516	0.078400
16831		0.204214	-0.110024	-0.972724	0.950873	-0.213880	0.223819	-0.232672	-0.970644	0.060942
16832		0.203580	-0.089561	-0.974953	0.947813	-0.231537	0.219182	-0.245368	-0.968695	0.037751
16833		0.200995	-0.066282	-0.977347	0.946796	-0.242856	0.211182	-0.251353	-0.967795	0.013943
16834		0.193473	-0.047257	-0.979967	0.949817	-0.241216	0.199153	-0.245795	-0.969320	-0.001784
16835		0.183138	-0.028556	-0.982672	0.954210	-0.235330	0.184672	-0.236525	-0.971496	-0.015850
16836		0.172841	-0.007891	-0.984918	0.957968	-0.231105	0.169963	-0.228961	-0.972897	-0.032385
16837		0.164480	0.012373	-0.986303	0.961526	-0.225062	0.157525	-0.220030	-0.974266	-0.048915
16838		0.158845	0.028954	-0.986879	0.964489	-0.218192	0.148839	-0.211019	-0.975476	-0.062585
16839		0.156429	0.042807	-0.986761	0.966480	-0.212563	0.143993	-0.203585	-0.976209	-0.074623
16840		0.156271	0.054210	-0.986225	0.967903	-0.207385	0.141969	-0.196832	-0.976756	-0.084879
16841		0.157821	0.063639	-0.985415	0.969363	-0.200200	0.142321	-0.188223	-0.977686	-0.093285
16842		0.163150	0.070982	-0.984045	0.970052	-0.193458	0.146875	-0.179946	-0.978537	-0.100419
16843		0.179541	0.072604	-0.981068	0.966256	-0.200256	0.162010	-0.184702	-0.977050	-0.106108
16844		0.207535	0.065744	-0.976016	0.956463	-0.222934	0.188361	-0.205204	-0.972614	-0.109148
16845		0.241238	0.068481	-0.968047	0.947240	-0.233544	0.219531	-0.211048	-0.969932	-0.121208
16846		0.265066	0.052105	-0.962822	0.936396	-0.252101	0.244148	-0.230007	-0.966297	-0.115614
16847		0.274547	0.036691	-0.960873	0.924694	-0.284168	0.253358	-0.263754	-0.958072	-0.111946
16848		0.287369	0.055250	-0.956225	0.931007	-0.250677	0.265306	-0.225045	-0.966493	-0.123475
16849		0.288211	0.073927	-0.954709	0.917635	-0.306237	0.253306	-0.273641	-0.949080	-0.156099
16850		0.285357	0.098995	-0.953295	0.904582	-0.356498	0.233754	-0.316708	-0.929037	-0.191278
16851		0.280171	0.091526	-0.955577	0.904064	-0.359849	0.230601	-0.322758	-0.928510	-0.183565
16852		0.284199	0.085594	-0.954937	0.898215	-0.372118	0.233964	-0.335323	-0.924230	-0.182637
16853		0.291342	0.073317	-0.953805	0.910569	-0.326880	0.253009	-0.293230	-0.942218	-0.161994
16854		0.291289	0.060392	-0.954727	0.919877	-0.291677	0.262205	-0.262637	-0.954609	-0.140515
16855		0.280565	0.051698	-0.958442	0.928211	-0.268821	0.257216	-0.244352	-0.961802	-0.123408
16856		0.264261	0.051254	-0.963088	0.939164	-0.240843	0.244880	-0.219402	-0.969210	-0.111781
16857		0.243704	0.053801	-0.968356	0.947580	-0.225946	0.225922	-0.206642	-0.972653	-0.106045
16858		0.223480	0.055032	-0.973154	0.953870	-0.217691	0.206741	-0.200469	-0.974465	-0.101143
16859		0.204908	0.051760	-0.977412	0.956848	-0.220808	0.188904	-0.206043	-0.973943	-0.094772
16860		0.186141	0.047289	-0.981384	0.957648	-0.232067	0.170457	-0.219686	-0.971550	-0.088483
16861		0.167267	0.037988	-0.985179	0.960132	-0.233293	0.154019	-0.223984	-0.971664	-0.075496
16863		0.143520	0.011543	-0.989580	0.967215	-0.213331	0.137787	-0.209517	-0.976912	-0.041782
16864		0.141921	0.000767	-0.989878	0.964481	-0.225174	0.138105	-0.222789	-0.974318	-0.032697
16865		0.146067	-0.010551	-0.989218	0.958730	-0.245047	0.144179	-0.243927	-0.969454	-0.025678
16866		0.154256	-0.023764	-0.987745	0.952251	-0.263021	0.155040	-0.263482	-0.964497	-0.017943
16867		0.163968	-0.041239	-0.985603	0.943803	-0.284094	0.168901	-0.286969	-0.957909	-0.007661
16868		0.175584	-0.056115	-0.982864	0.935423	-0.301672	0.184332	-0.306846	-0.951759	-0.000477
16869		0.187484	-0.070020	-0.979769	0.930100	-0.308084	0.199997	-0.315855	-0.948779	0.007365
16870		0.198524	-0.087980	-0.976139	0.929396	-0.299282	0.215992	-0.311144	-0.950100	0.022354
16871		0.210599	-0.106064	-0.971802	0.933529	-0.273209	0.232123	-0.290125	-0.956089	0.041476
16872		0.222508	-0.123798	-0.967039	0.940037	-0.235755	0.246476	-0.258498	-0.963895	0.063918
16873		0.233363	-0.143140	-0.961796	0.946709	-0.192371	0.258332	-0.222000	-0.970827	0.090620
16874		0.242455	-0.163361	-0.956310	0.951697	-0.151358	0.267141	-0.188385	-0.974887	0.118773
16875		0.248961	-0.186691	-0.950350	0.956059	-0.109485	0.271964	-0.154822	-0.976299	0.151230
16876		0.252883	-0.213778	-0.943583	0.959265	-0.071554	0.273297	-0.125942	-0.974258	0.186975
16877		0.254875	-0.241349	-0.936370	0.960852	-0.045579	0.273287	-0.108636	-0.969367	0.220284
16878		0.256211	-0.268105	-0.928696	0.960600	-0.036452	0.275535	-0.107725	-0.962700	0.248203
16879		0.258302	-0.292887	-0.920596	0.958704	-0.039689	0.281621	-0.119021	-0.955323	0.270541
16880		0.261052	-0.318473	-0.911278	0.955627	-0.048218	0.290608	-0.136490	-0.946705	0.291754
16881		0.264294	-0.346145	-0.900185	0.950721	-0.063379	0.303502	-0.162109	-0.936038	0.312337
16882		0.267583	-0.374270	-0.887875	0.941991	-0.092152	0.322738	-0.202611	-0.922730	0.327900
16883		0.271091	-0.399964	-0.875522	0.926092	-0.139597	0.350522	-0.262417	-0.905837	0.332560
16884		0.277507	-0.415376	-0.866287	0.899766	-0.203707	0.385907	-0.336765	-0.886547	0.317211
16885		0.292938	-0.419032	-0.859418	0.850756	-0.295974	0.434296	-0.436350	-0.858377	0.269792
16886		0.322717	-0.420748	-0.847835	0.796168	-0.363723	0.483552	-0.511831	-0.831070	0.217606
16887		0.359237	-0.413515	-0.836632	0.765903	-0.381593	0.517474	-0.533236	-0.826675	0.179630
16888		0.392738	-0.393822	-0.831060	0.741573	-0.398832	0.539447	-0.543899	-0.828153	0.135411
16889		0.393807	-0.401458	-0.826890	0.740980	-0.393681	0.544026	-0.543935	-0.826950	0.142438
16890		0.398006	-0.397313	-0.826882	0.763829	-0.355689	0.538564	-0.508091	-0.845948	0.161913
16891		0.408276	-0.380682	-0.829694	0.779680	-0.327292	0.533834	-0.474773	-0.864847	0.163185
16892		0.410117	-0.376926	-0.830500	0.804974	-0.278475	0.523898	-0.428744	-0.883390	0.189208
16893		0.413113	-0.367210	-0.833363	0.822478	-0.242437	0.514543	-0.390984	-0.897987	0.201868
16894		0.411118	-0.366352	-0.834727	0.841112	-0.200577	0.502294	-0.351443	-0.908601	0.225683
16895		0.402097	-0.371016	-0.837057	0.853003	-0.180426	0.489728	-0.332724	-0.910930	0.243929
16896		0.393295	-0.372961	-0.840368	0.851702	-0.196478	0.485798	-0.346297	-0.906806	0.240378
16897		0.387995	-0.362875	-0.847220	0.843852	-0.229799	0.484878	-0.370641	-0.903058	0.217052
16898		0.379396	-0.346200	-0.858024	0.843494	-0.251685	0.474523	-0.380231	-0.903770	0.196529
16899		0.363873	-0.327989	-0.871791	0.850347	-0.265006	0.454624	-0.380141	-0.906750	0.182476
16900		0.341178	-0.316886	-0.884975	0.861192	-0.271971	0.429395	-0.376757	-0.908634	0.180109
16901		0.316018	-0.313341	-0.895517	0.873642	-0.271972	0.403461	-0.369976	-0.909862	0.187800
16902		0.290641	-0.315267	-0.903402	0.884655	-0.271204	0.379254	-0.364572	-0.909426	0.200080
16903		0.267219	-0.318353	-0.909530	0.896524	-0.263939	0.355782	-0.353325	-0.910488	0.214882
16904		0.246693	-0.316011	-0.916122	0.906026	-0.260250	0.333746	-0.343888	-0.912364	0.222112
16905		0.227322	-0.307830	-0.923886	0.913214	-0.262079	0.312018	-0.338180	-0.914634	0.221539
16906		0.206711	-0.296465	-0.932405	0.920688	-0.263525	0.287903	-0.331065	-0.917967	0.218478
16907		0.184951	-0.289215	-0.939227	0.927240	-0.265293	0.264282	-0.325604	-0.919769	0.219106
16908		0.168450	-0.282156	-0.944464	0.931826	-0.266875	0.245924	-0.321443	-0.921502	0.217965
16909		0.161217	-0.273772	-0.948187	0.935493	-0.263697	0.235196	-0.314424	-0.924939	0.213600
16910		0.162754	-0.258916	-0.952089	0.939610	-0.253773	0.229634	-0.301070	-0.931967	0.201978
16911		0.168794	-0.237739	-0.956550	0.948033	-0.226396	0.223559	-0.269707	-0.944577	0.187170
16912		0.174785	-0.215416	-0.960753	0.958954	-0.184043	0.215723	-0.223290	-0.959023	0.174406
16913		0.181100	-0.195066	-0.963925	0.967610	-0.139939	0.210112	-0.175877	-0.970756	0.163405
16914		0.188479	-0.177174	-0.965963	0.972404	-0.104040	0.208818	-0.137496	-0.978665	0.152675
16915		0.195972	-0.162931	-0.966979	0.974490	-0.077634	0.210575	-0.109379	-0.983578	0.143561
16916		0.204391	-0.146811	-0.967818	0.974656	-0.061325	0.215138	-0.090936	-0.987262	0.130556
16917		0.211826	-0.128327	-0.968846	0.973657	-0.057896	0.220546	-0.084394	-0.990041	0.112683
16918		0.217582	-0.109222	-0.969912	0.972477	-0.060601	0.224981	-0.083351	-0.992168	0.093030
16919		0.221015	-0.087815	-0.971309	0.971359	-0.069288	0.227290	-0.087259	-0.993724	0.069987
16920		0.222002	-0.069427	-0.972571	0.969813	-0.087479	0.227617	-0.100882	-0.993744	0.047910
16921		0.221548	-0.054010	-0.973652	0.967010	-0.116567	0.226503	-0.125730	-0.991713	0.026403
16922		0.219600	-0.037380	-0.974874	0.963850	-0.146241	0.222724	-0.150892	-0.988543	0.003914
16923		0.214560	-0.022132	-0.976460	0.960359	-0.177392	0.215043	-0.177975	-0.983891	-0.016807
16924		0.206626	-0.009623	-0.978373	0.956573	-0.208143	0.204070	-0.205605	-0.978051	-0.033802
16925		0.196095	-0.001263	-0.980584	0.953368	-0.233722	0.190954	-0.229426	-0.972303	-0.044627
16926		0.182731	0.006691	-0.983140	0.950888	-0.255319	0.174998	-0.249844	-0.966834	-0.053017
16927		0.166560	0.011124	-0.985969	0.951825	-0.262908	0.157826	-0.257463	-0.964757	-0.054378
16928		0.154013	0.015500	-0.987947	0.954543	-0.260587	0.144717	-0.255203	-0.965326	-0.054930
16929		0.156145	0.031156	-0.987243	0.955560	-0.257794	0.142998	-0.250050	-0.965698	-0.070025
16930		0.184966	0.070731	-0.980196	0.960027	-0.226223	0.164835	-0.210085	-0.971504	-0.109747
16931		0.199330	0.066059	-0.977703	0.962171	-0.202293	0.182496	-0.185727	-0.977095	-0.103883
16932		0.205198	0.071120	-0.976133	0.970414	-0.144450	0.193472	-0.127243	-0.986953	-0.098657
16933		0.204557	0.066085	-0.976621	0.969091	-0.154239	0.192543	-0.137909	-0.985821	-0.095593
16934		0.201501	0.053427	-0.978030	0.964241	-0.186319	0.188482	-0.172156	-0.981036	-0.089060
16935		0.203447	0.057778	-0.977380	0.960695	-0.204357	0.187893	-0.188878	-0.977190	-0.097082
16936		0.206536	0.058229	-0.976705	0.952865	-0.238704	0.187264	-0.222239	-0.969345	-0.104785
16937		0.209153	0.058955	-0.976104	0.947674	-0.258409	0.187454	-0.241183	-0.964235	-0.109917
16938		0.211471	0.057219	-0.975708	0.944827	-0.267481	0.189091	-0.250163	-0.961863	-0.110627
16939		0.214527	0.052617	-0.975300	0.942763	-0.272158	0.192687	-0.255297	-0.960813	-0.107991
16940		0.218446	0.047269	-0.974704	0.941223	-0.273917	0.197658	-0.257644	-0.960591	-0.104327
16941		0.222480	0.042341	-0.974017	0.940449	-0.272695	0.202959	-0.257016	-0.961168	-0.100489
16942		0.226108	0.037955	-0.973363	0.940563	-0.268457	0.208020	-0.253410	-0.962544	-0.096399
16943		0.229839	0.036519	-0.972543	0.940765	-0.264285	0.212404	-0.249272	-0.963753	-0.095099
16944		0.234578	0.036728	-0.971403	0.940420	-0.261594	0.217205	-0.246136	-0.964479	-0.095904
16945		0.241194	0.037765	-0.969742	0.939038	-0.261359	0.223380	-0.245015	-0.964502	-0.098501
16946		0.249278	0.037653	-0.967700	0.936941	-0.262124	0.231156	-0.244953	-0.964299	-0.100621
16947		0.257992	0.035132	-0.965508	0.933983	-0.264778	0.239934	-0.247216	-0.963669	-0.101123
16948		0.266185	0.031265	-0.963415	0.929974	-0.271243	0.248143	-0.253561	-0.962003	-0.101276
16949		0.273752	0.026667	-0.961430	0.924456	-0.283139	0.255371	-0.265408	-0.958708	-0.102162
16950		0.282354	0.024748	-0.958991	0.917046	-0.300417	0.262252	-0.281607	-0.953487	-0.107519
16951		0.292196	0.024810	-0.956036	0.908770	-0.318615	0.269482	-0.297922	-0.947559	-0.115645
16952		0.303563	0.026885	-0.952432	0.900413	-0.335015	0.277527	-0.311617	-0.941829	-0.125906
16953		0.316427	0.029444	-0.948160	0.891835	-0.349852	0.286765	-0.323272	-0.936342	-0.136962
16954		0.330487	0.030700	-0.943311	0.884304	-0.359349	0.298119	-0.329826	-0.932698	-0.145908
16955		0.344273	0.028684	-0.938431	0.877553	-0.365126	0.310779	-0.333731	-0.930516	-0.150875
16956		0.357206	0.024169	-0.933713	0.871821	-0.367341	0.324020	-0.335160	-0.929772	-0.152287
16957		0.368628	0.019106	-0.929381	0.866972	-0.367766	0.336314	-0.335369	-0.929722	-0.152133
16958		0.379059	0.018037	-0.925197	0.863366	-0.366719	0.346578	-0.333036	-0.930157	-0.154580
16959		0.387641	0.020015	-0.921593	0.862285	-0.361313	0.354848	-0.325882	-0.932230	-0.157318
16960		0.393686	0.024285	-0.918924	0.864281	-0.350263	0.361019	-0.313097	-0.936337	-0.158883
16961		0.397259	0.031917	-0.917151	0.869045	-0.334198	0.364792	-0.294867	-0.941962	-0.160501
16962		0.396719	0.040168	-0.917061	0.876163	-0.314534	0.365249	-0.273776	-0.948396	-0.159976
16963		0.392052	0.048858	-0.918644	0.882908	-0.300469	0.360821	-0.258395	-0.952539	-0.160937
16964		0.382788	0.056183	-0.922126	0.889798	-0.290867	0.351647	-0.248459	-0.955113	-0.161332
16965		0.369229	0.062028	-0.927266	0.897739	-0.281779	0.338622	-0.240280	-0.957472	-0.159726
16966		0.351518	0.065250	-0.933904	0.906502	-0.272916	0.322136	-0.233858	-0.959823	-0.155084
16967		0.329477	0.066344	-0.941830	0.915820	-0.265038	0.301708	-0.229604	-0.961953	-0.148083
16968		0.303049	0.064796	-0.950769	0.925378	-0.258369	0.277348	-0.227678	-0.963871	-0.138260
16969		0.272512	0.061985	-0.960154	0.935295	-0.251204	0.249240	-0.225746	-0.965947	-0.126430
16970		0.238384	0.058101	-0.969432	0.945229	-0.243056	0.217865	-0.222968	-0.968271	-0.112859
16971		0.202229	0.053364	-0.977883	0.954923	-0.232314	0.184804	-0.217314	-0.971176	-0.097939
16972		0.164106	0.048571	-0.985246	0.963626	-0.221468	0.149587	-0.210935	-0.973957	-0.083148
16973		0.126552	0.046083	-0.990889	0.967793	-0.224889	0.113144	-0.217626	-0.973294	-0.073059
16974		0.091355	0.045417	-0.994782	0.972735	-0.217913	0.079381	-0.213171	-0.974911	-0.064086
16975		0.060950	0.037143	-0.997450	0.979837	-0.192723	0.052697	-0.190274	-0.980550	-0.048140
16976		0.044484	0.024951	-0.998698	0.985000	-0.167928	0.039678	-0.166719	-0.985483	-0.032047
16977		0.047256	0.017960	-0.998721	0.987150	-0.153632	0.043946	-0.152646	-0.987965	-0.024989
16978		0.065651	0.013757	-0.997748	0.988470	-0.137622	0.063143	-0.136444	-0.990389	-0.022633
16979		0.095458	0.010557	-0.995378	0.986865	-0.131920	0.093242	-0.130326	-0.991204	-0.023011
16980		0.132299	0.008458	-0.991174	0.984016	-0.121378	0.130308	-0.119205	-0.992570	-0.024381
16981		0.172803	0.006487	-0.984935	0.979346	-0.107711	0.171113	-0.104978	-0.994161	-0.024966
16982		0.214711	0.003270	-0.976672	0.972288	-0.095424	0.213428	-0.092500	-0.995431	-0.023668
16983		0.256632	-0.000849	-0.966509	0.963000	-0.084907	0.255775	-0.082280	-0.996389	-0.020972
16984		0.297139	-0.006062	-0.954815	0.952178	-0.072652	0.296779	-0.071169	-0.997339	-0.015815
16985		0.335039	-0.011659	-0.942132	0.940030	-0.063759	0.335081	-0.063976	-0.997897	-0.010402
16986		0.368909	-0.016202	-0.929324	0.927234	-0.062832	0.369175	-0.064373	-0.997893	-0.008156
16987		0.397365	-0.020702	-0.917427	0.914996	-0.067191	0.397828	-0.069879	-0.997525	-0.007757
16988		0.418015	-0.029026	-0.907976	0.904631	-0.078134	0.418972	-0.083105	-0.996520	-0.006403
16989		0.430878	-0.038717	-0.901579	0.896243	-0.098246	0.432547	-0.105323	-0.994409	-0.007632
16990		0.437645	-0.047219	-0.897907	0.889796	-0.120911	0.440050	-0.129345	-0.991540	-0.010901
16991		0.440867	-0.053659	-0.895967	0.883840	-0.147989	0.443763	-0.156405	-0.987532	-0.017818
16992		0.441906	-0.058236	-0.895169	0.877424	-0.179596	0.444829	-0.186674	-0.982015	-0.028267
16993		0.442601	-0.060744	-0.894659	0.870926	-0.208451	0.445013	-0.213524	-0.976145	-0.039357
16994		0.443075	-0.062495	-0.894304	0.865207	-0.231395	0.444830	-0.234736	-0.970851	-0.048454
16995		0.443875	-0.063207	-0.893857	0.859103	-0.253610	0.444550	-0.254790	-0.965239	-0.058270
16996		0.446181	-0.067128	-0.892422	0.851826	-0.273933	0.446490	-0.274436	-0.959403	-0.065043
16997		0.455416	-0.057639	-0.888411	0.836608	-0.313535	0.449203	-0.304440	-0.947826	-0.094568
16998		0.475193	-0.046744	-0.878639	0.821676	-0.333589	0.462133	-0.314706	-0.941559	-0.120110
16999		0.497698	-0.043213	-0.866273	0.815160	-0.317919	0.484191	-0.296328	-0.947132	-0.123002
17000		0.514322	-0.041996	-0.856568	0.808154	-0.310500	0.500476	-0.286982	-0.949645	-0.125758
17001		0.531826	-0.041019	-0.845860	0.794522	-0.321509	0.515138	-0.293082	-0.946018	-0.138396
17002		0.545353	-0.049776	-0.836727	0.778707	-0.339300	0.527722	-0.310170	-0.939360	-0.146277
17003		0.562105	-0.052633	-0.825390	0.763459	-0.350778	0.542297	-0.318071	-0.934978	-0.156991
17004		0.577704	-0.059447	-0.814079	0.743920	-0.372104	0.555088	-0.335920	-0.926286	-0.170742
17006		0.607902	-0.063304	-0.791484	0.712754	-0.395778	0.579087	-0.349911	-0.916162	-0.195474
17007		0.620016	-0.061119	-0.782205	0.704292	-0.396001	0.589200	-0.345765	-0.916214	-0.202481
17009		0.634734	-0.058379	-0.770523	0.695083	-0.392506	0.602327	-0.337598	-0.917895	-0.208558
17010		0.639236	-0.059365	-0.766716	0.693185	-0.387217	0.607912	-0.332974	-0.920075	-0.206373
17012		0.646023	-0.061708	-0.760820	0.690781	-0.376817	0.617115	-0.324771	-0.924230	-0.200806
17013		0.649055	-0.061151	-0.758280	0.689041	-0.375187	0.620046	-0.322413	-0.924930	-0.201382
17014		0.651932	-0.060222	-0.755882	0.685341	-0.379780	0.621349	-0.324488	-0.923115	-0.206318
17015		0.655332	-0.058917	-0.753040	0.679884	-0.388342	0.622052	-0.329087	-0.919630	-0.214436
17016		0.659296	-0.057114	-0.749712	0.672923	-0.399992	0.622239	-0.335417	-0.914737	-0.225280
17017		0.663359	-0.055623	-0.746231	0.665986	-0.410821	0.622647	-0.341201	-0.910018	-0.235478
17018		0.666733	-0.054343	-0.743313	0.659794	-0.420789	0.622582	-0.346611	-0.905530	-0.244698
17019		0.668401	-0.053370	-0.741884	0.655997	-0.427824	0.621799	-0.350581	-0.902285	-0.250948
17020		0.667888	-0.052940	-0.742376	0.656736	-0.427389	0.621319	-0.350176	-0.902516	-0.250681
17021		0.665632	-0.051267	-0.744517	0.661112	-0.422316	0.620145	-0.346215	-0.904998	-0.247214
17022		0.661337	-0.048390	-0.748526	0.668908	-0.413497	0.617724	-0.339405	-0.909219	-0.241092
17023		0.655398	-0.043861	-0.754009	0.679898	-0.400505	0.614276	-0.328927	-0.915244	-0.232669
17024		0.647994	-0.039083	-0.760642	0.692579	-0.385315	0.609808	-0.316920	-0.921957	-0.222614
17025		0.640024	-0.033683	-0.767616	0.705940	-0.368639	0.604775	-0.303344	-0.928962	-0.212160
17026		0.632345	-0.026294	-0.774240	0.719399	-0.350856	0.599470	-0.287410	-0.936060	-0.202946
17027		0.624883	-0.017448	-0.780524	0.732654	-0.332263	0.593986	-0.269703	-0.943025	-0.194842
17028		0.617182	-0.007603	-0.786784	0.746298	-0.311110	0.588429	-0.249250	-0.950343	-0.186338
17029		0.608727	0.001568	-0.793378	0.760944	-0.284162	0.583280	-0.224533	-0.958775	-0.174170
17030		0.598978	0.009649	-0.800707	0.777211	-0.247744	0.578417	-0.192789	-0.968778	-0.155892
17031		0.587098	0.016368	-0.809351	0.794680	-0.202188	0.572367	-0.154272	-0.979210	-0.131712
17032		0.572475	0.026417	-0.819497	0.810988	-0.165389	0.561200	-0.120711	-0.985875	-0.116105
17033		0.559391	0.028443	-0.828416	0.821171	-0.155210	0.549170	-0.112959	-0.987472	-0.110179
17034		0.551599	0.029745	-0.833579	0.828036	-0.139905	0.542939	-0.100472	-0.989718	-0.101801
17035		0.545077	0.034821	-0.837662	0.832140	-0.144200	0.535489	-0.102145	-0.988936	-0.107576
17036		0.533591	0.041304	-0.844733	0.841168	-0.129657	0.525000	-0.087841	-0.990698	-0.103928
17037		0.510759	0.025197	-0.859355	0.855412	-0.114884	0.505047	-0.086001	-0.993059	-0.080232
17038		0.476581	0.020639	-0.878888	0.874869	-0.109446	0.471832	-0.086453	-0.993778	-0.070217
17039		0.435978	0.022472	-0.899677	0.891457	-0.147859	0.428301	-0.123401	-0.988753	-0.084496
17040		0.387376	0.015162	-0.921797	0.907502	-0.182421	0.378368	-0.162419	-0.983104	-0.084425
17041		0.332029	0.007808	-0.943237	0.923163	-0.208051	0.323241	-0.193717	-0.978087	-0.076287
17042		0.272124	0.004392	-0.962252	0.938410	-0.222478	0.264366	-0.212919	-0.974928	-0.064663
17043		0.209703	0.005043	-0.977752	0.952708	-0.225988	0.203166	-0.219936	-0.974117	-0.052195
17044		0.145406	0.007824	-0.989341	0.965513	-0.219404	0.140169	-0.215968	-0.975603	-0.039457
17045		0.080910	0.010382	-0.996667	0.973719	-0.214409	0.076813	-0.212897	-0.976689	-0.027457
17046		0.018272	0.013456	-0.999742	0.976475	-0.215112	0.014952	-0.214856	-0.976497	-0.017070
17047		-0.041142	0.015775	-0.999029	0.976426	-0.211412	-0.043550	-0.211894	-0.977270	-0.006705
17048		-0.097626	0.015512	-0.995102	0.976105	-0.193550	-0.098780	-0.194134	-0.980968	0.003755
17049		-0.150142	0.013416	-0.988573	0.973006	-0.175248	-0.150156	-0.175260	-0.984433	0.013258
17050		-0.197089	0.011182	-0.980322	0.968118	-0.155473	-0.196409	-0.154610	-0.987777	0.019816
17051		-0.236389	0.009731	-0.971610	0.962260	-0.136397	-0.235480	-0.134816	-0.990606	0.022879
17052		-0.266898	0.009663	-0.963676	0.955789	-0.125407	-0.265971	-0.123422	-0.992058	0.024235
17053		-0.287655	0.010827	-0.957673	0.950331	-0.120861	-0.286817	-0.118851	-0.992610	0.024477
17054		-0.298963	0.009824	-0.954214	0.945345	-0.133352	-0.297557	-0.130170	-0.991020	0.030580
17055		-0.301761	0.006697	-0.953360	0.940520	-0.161623	-0.298832	-0.156086	-0.986830	0.042473
17056		-0.298046	0.002008	-0.954550	0.934488	-0.203336	-0.292209	-0.194681	-0.979107	0.058727
17057		-0.287738	-0.002048	-0.957707	0.925506	-0.257732	-0.277512	-0.246264	-0.966214	0.076054
17058		-0.271526	-0.002904	-0.962427	0.913891	-0.314347	-0.256884	-0.301790	-0.949304	0.088007
17059		-0.250045	-0.000591	-0.968234	0.900991	-0.366306	-0.232456	-0.354533	-0.930494	0.092125
17060		-0.220705	0.004794	-0.975329	0.892082	-0.403281	-0.203849	-0.394309	-0.915064	0.084729
17061		-0.179205	0.010587	-0.983755	0.906865	-0.385896	-0.169352	-0.381420	-0.922482	0.059553
17062		-0.131494	0.017206	-0.991168	0.915182	-0.382159	-0.128047	-0.380987	-0.923936	0.034505
17063		-0.096899	0.023810	-0.995009	0.925510	-0.365588	-0.098879	-0.366118	-0.930472	0.013389
17064		-0.079631	0.013084	-0.996739	0.932109	-0.353433	-0.079107	-0.353316	-0.935368	0.015949
