// Start Time: Unknown
// Update Rate: 100.0Hz
// Filter Profile: human (46.1)
// Option Flags: AHS Disabled ICC Disabled 
// Firmware Version: 4.0.2
PacketCounter	SampleTimeFine	Mat[1][1]	Mat[2][1]	Mat[3][1]	Mat[1][2]	Mat[2][2]	Mat[3][2]	Mat[1][3]	Mat[2][3]	Mat[3][3]
12704		0.070332	0.008229	-0.997490	0.997101	0.028527	0.070540	0.029035	-0.999559	-0.006199
12705		0.069705	0.008083	-0.997535	0.997263	0.024142	0.069882	0.024647	-0.999676	-0.006378
12706		0.069303	0.008193	-0.997562	0.997376	0.020435	0.069458	0.020954	-0.999758	-0.006755
12707		0.068941	0.008464	-0.997585	0.997452	0.017796	0.069083	0.018338	-0.999806	-0.007216
12708		0.068657	0.008784	-0.997602	0.997495	0.016455	0.068795	0.017020	-0.999826	-0.007633
12709		0.068478	0.008910	-0.997613	0.997511	0.016225	0.068616	0.016798	-0.999829	-0.007777
12710		0.068351	0.008924	-0.997621	0.997508	0.016896	0.068495	0.017467	-0.999817	-0.007747
12711		0.068301	0.008897	-0.997625	0.997493	0.017928	0.068452	0.018494	-0.999800	-0.007650
12712		0.068263	0.008932	-0.997627	0.997480	0.018763	0.068421	0.019329	-0.999784	-0.007628
12713		0.068145	0.009048	-0.997634	0.997483	0.019003	0.068307	0.019576	-0.999778	-0.007730
12714		0.067955	0.009223	-0.997646	0.997505	0.018517	0.068117	0.019102	-0.999786	-0.007942
12715		0.067795	0.009454	-0.997654	0.997538	0.017326	0.067952	0.017928	-0.999805	-0.008256
12716		0.067611	0.009623	-0.997665	0.997579	0.015686	0.067757	0.016302	-0.999831	-0.008540
12717		0.067258	0.009792	-0.997688	0.997631	0.013802	0.067390	0.014430	-0.999857	-0.008840
12718		0.066876	0.010029	-0.997711	0.997681	0.011998	0.066995	0.012642	-0.999878	-0.009203
12719		0.066420	0.010210	-0.997740	0.997732	0.010228	0.066524	0.010884	-0.999896	-0.009507
12720		0.065878	0.010347	-0.997774	0.997783	0.008828	0.065970	0.009491	-0.999907	-0.009743
12721		0.065307	0.010445	-0.997811	0.997829	0.007788	0.065390	0.008454	-0.999915	-0.009914
12722		0.064676	0.010513	-0.997851	0.997879	0.006770	0.064749	0.007436	-0.999922	-0.010053
12723		0.064073	0.010622	-0.997889	0.997925	0.005647	0.064136	0.006316	-0.999928	-0.010238
12724		0.063370	0.010762	-0.997932	0.997977	0.004511	0.063421	0.005185	-0.999932	-0.010455
12725		0.062567	0.011011	-0.997980	0.998033	0.003233	0.062606	0.003916	-0.999934	-0.010787
12726		0.061716	0.011288	-0.998030	0.998090	0.001935	0.061742	0.002628	-0.999934	-0.011147
12727		0.060777	0.011533	-0.998085	0.998150	0.000750	0.060790	0.001449	-0.999933	-0.011466
12728		0.059854	0.011740	-0.998138	0.998207	-0.000272	0.059855	0.000432	-0.999931	-0.011735
12729		0.058982	0.011938	-0.998188	0.998259	-0.001229	0.058972	-0.000522	-0.999928	-0.011989
12730		0.058234	0.011953	-0.998231	0.998302	-0.002037	0.058213	-0.001337	-0.999926	-0.012051
12731		0.057426	0.011922	-0.998279	0.998348	-0.002562	0.057399	-0.001873	-0.999926	-0.012049
12732		0.056546	0.012099	-0.998327	0.998397	-0.003153	0.056512	-0.002464	-0.999922	-0.012258
12733		0.055610	0.012289	-0.998377	0.998447	-0.003994	0.055565	-0.003305	-0.999917	-0.012492
12734		0.054656	0.012429	-0.998428	0.998497	-0.004814	0.054600	-0.004127	-0.999911	-0.012673
12735		0.053734	0.012544	-0.998476	0.998543	-0.005595	0.053668	-0.004913	-0.999906	-0.012827
12736		0.052919	0.012570	-0.998520	0.998584	-0.006055	0.052846	-0.005382	-0.999903	-0.012872
12737		0.052187	0.012556	-0.998558	0.998622	-0.006276	0.052112	-0.005613	-0.999901	-0.012866
12738		0.051532	0.012553	-0.998592	0.998655	-0.006294	0.051456	-0.005639	-0.999901	-0.012860
12739		0.050932	0.012589	-0.998623	0.998687	-0.006113	0.050858	-0.005465	-0.999902	-0.012884
12740		0.050431	0.012650	-0.998647	0.998714	-0.005891	0.050359	-0.005246	-0.999903	-0.012931
12741		0.050037	0.012766	-0.998666	0.998735	-0.005655	0.049968	-0.005009	-0.999903	-0.013033
12742		0.049734	0.012796	-0.998681	0.998752	-0.005301	0.049669	-0.004658	-0.999904	-0.013044
12743		0.049591	0.012792	-0.998688	0.998760	-0.005081	0.049530	-0.004440	-0.999905	-0.013028
12744		0.049626	0.012885	-0.998685	0.998759	-0.004959	0.049566	-0.004314	-0.999905	-0.013115
12745		0.049867	0.012981	-0.998671	0.998746	-0.005043	0.049805	-0.004390	-0.999903	-0.013216
12746		0.050330	0.013094	-0.998647	0.998722	-0.005204	0.050265	-0.004538	-0.999901	-0.013339
12747		0.051001	0.013181	-0.998612	0.998688	-0.005374	0.050934	-0.004695	-0.999899	-0.013437
12748		0.051818	0.013333	-0.998568	0.998645	-0.005472	0.051749	-0.004774	-0.999896	-0.013599
12749		0.052825	0.013490	-0.998513	0.998591	-0.005759	0.052751	-0.005039	-0.999892	-0.013775
12750		0.054020	0.013739	-0.998445	0.998525	-0.006212	0.053939	-0.005462	-0.999886	-0.014055
12751		0.055404	0.014040	-0.998365	0.998446	-0.006770	0.055313	-0.005983	-0.999879	-0.014393
12752		0.056878	0.014387	-0.998277	0.998359	-0.007445	0.056776	-0.006615	-0.999869	-0.014787
12753		0.058388	0.014662	-0.998186	0.998268	-0.008119	0.058274	-0.007249	-0.999860	-0.015111
12754		0.059952	0.014857	-0.998091	0.998171	-0.008720	0.059827	-0.007814	-0.999852	-0.015352
12755		0.061573	0.015031	-0.997989	0.998066	-0.009514	0.061435	-0.008571	-0.999842	-0.015588
12756		0.063135	0.015228	-0.997889	0.997962	-0.010237	0.062984	-0.009256	-0.999832	-0.015843
12757		0.064648	0.015456	-0.997788	0.997856	-0.011206	0.064479	-0.010185	-0.999818	-0.016147
12758		0.066021	0.015791	-0.997693	0.997754	-0.012361	0.065830	-0.011292	-0.999799	-0.016572
12759		0.067186	0.016169	-0.997609	0.997660	-0.013789	0.066966	-0.012673	-0.999774	-0.017057
12760		0.068094	0.016529	-0.997542	0.997579	-0.015284	0.067843	-0.014125	-0.999747	-0.017530
12761		0.068820	0.016868	-0.997486	0.997509	-0.016658	0.068540	-0.015460	-0.999719	-0.017972
12762		0.069455	0.017175	-0.997437	0.997447	-0.017815	0.069149	-0.016582	-0.999694	-0.018368
12763		0.069877	0.017460	-0.997403	0.997405	-0.018604	0.069551	-0.017342	-0.999674	-0.018715
12764		0.070158	0.017726	-0.997378	0.997378	-0.019019	0.069820	-0.017731	-0.999662	-0.019014
12765		0.070357	0.017954	-0.997360	0.997360	-0.019252	0.070010	-0.017944	-0.999653	-0.019262
12766		0.070396	0.018243	-0.997352	0.997355	-0.019427	0.070041	-0.018098	-0.999645	-0.019563
12767		0.070358	0.018486	-0.997350	0.997354	-0.019625	0.069995	-0.018279	-0.999637	-0.019818
12768		0.070259	0.018706	-0.997353	0.997358	-0.019835	0.069887	-0.018475	-0.999628	-0.020050
12769		0.070162	0.018912	-0.997356	0.997357	-0.020263	0.069778	-0.018890	-0.999616	-0.020284
12770		0.070041	0.019170	-0.997360	0.997353	-0.020894	0.069639	-0.019504	-0.999598	-0.020583
12771		0.069919	0.019517	-0.997362	0.997346	-0.021697	0.069494	-0.020283	-0.999574	-0.020982
12772		0.069836	0.019883	-0.997360	0.997335	-0.022563	0.069385	-0.021124	-0.999548	-0.021406
12773		0.069730	0.020282	-0.997360	0.997322	-0.023507	0.069250	-0.022041	-0.999518	-0.021867
12774		0.069626	0.020615	-0.997360	0.997311	-0.024357	0.069119	-0.022868	-0.999491	-0.022255
12775		0.069559	0.020957	-0.997358	0.997301	-0.025031	0.069029	-0.023518	-0.999467	-0.022641
12776		0.069522	0.021297	-0.997353	0.997289	-0.025639	0.068970	-0.024103	-0.999444	-0.023022
12777		0.069511	0.021647	-0.997346	0.997278	-0.026155	0.068939	-0.024594	-0.999423	-0.023406
12778		0.069520	0.021935	-0.997339	0.997265	-0.026667	0.068929	-0.025084	-0.999404	-0.023729
12779		0.069404	0.022245	-0.997341	0.997261	-0.027165	0.068793	-0.025562	-0.999383	-0.024069
12780		0.069265	0.022519	-0.997344	0.997261	-0.027559	0.068637	-0.025940	-0.999367	-0.024366
12781		0.069099	0.022884	-0.997347	0.997266	-0.027830	0.068455	-0.026190	-0.999351	-0.024745
12782		0.068885	0.023239	-0.997354	0.997277	-0.028002	0.068228	-0.026342	-0.999338	-0.025105
12783		0.068671	0.023556	-0.997361	0.997286	-0.028230	0.067999	-0.026554	-0.999324	-0.025431
12784		0.068383	0.023899	-0.997373	0.997300	-0.028470	0.067696	-0.026777	-0.999309	-0.025781
12785		0.068059	0.024196	-0.997388	0.997317	-0.028669	0.067359	-0.026964	-0.999296	-0.026082
12786		0.067802	0.024561	-0.997396	0.997326	-0.029007	0.067083	-0.027284	-0.999277	-0.026462
12787		0.067587	0.024904	-0.997403	0.997329	-0.029432	0.066847	-0.027691	-0.999256	-0.026827
12788		0.067420	0.025240	-0.997405	0.997327	-0.029912	0.066657	-0.028152	-0.999234	-0.027189
12789		0.067246	0.025568	-0.997409	0.997322	-0.030545	0.066458	-0.028766	-0.999206	-0.027554
12790		0.067058	0.025882	-0.997413	0.997312	-0.031337	0.066238	-0.029542	-0.999174	-0.027914
12791		0.066637	0.026121	-0.997435	0.997321	-0.031975	0.065792	-0.030174	-0.999147	-0.028182
12792		0.066048	0.026343	-0.997469	0.997343	-0.032540	0.065180	-0.030740	-0.999123	-0.028422
12793		0.065512	0.026588	-0.997498	0.997367	-0.032902	0.064626	-0.031101	-0.999105	-0.028673
12794		0.065038	0.026821	-0.997522	0.997391	-0.033116	0.064139	-0.031314	-0.999092	-0.028905
12795		0.064751	0.027094	-0.997534	0.997407	-0.033229	0.063840	-0.031417	-0.999080	-0.029176
12796		0.064448	0.027309	-0.997547	0.997423	-0.033348	0.063527	-0.031531	-0.999071	-0.029388
12797		0.064146	0.027585	-0.997559	0.997440	-0.033440	0.063214	-0.031615	-0.999060	-0.029659
12798		0.063757	0.027874	-0.997576	0.997465	-0.033434	0.062816	-0.031602	-0.999052	-0.029935
12799		0.063325	0.028277	-0.997592	0.997495	-0.033362	0.062373	-0.031518	-0.999043	-0.030319
12800		0.062943	0.028678	-0.997605	0.997521	-0.033331	0.061979	-0.031473	-0.999033	-0.030705
12801		0.062606	0.029089	-0.997614	0.997536	-0.033535	0.061623	-0.031663	-0.999014	-0.031116
12802		0.062279	0.029498	-0.997623	0.997540	-0.034064	0.061267	-0.032175	-0.998984	-0.031547
12803		0.061979	0.029846	-0.997631	0.997537	-0.034728	0.060935	-0.032827	-0.998951	-0.031925
12804		0.061692	0.030233	-0.997637	0.997534	-0.035391	0.060613	-0.033475	-0.998916	-0.032342
12805		0.061346	0.030714	-0.997644	0.997539	-0.035892	0.060234	-0.033957	-0.998884	-0.032840
12806		0.060845	0.031260	-0.997658	0.997559	-0.036199	0.059705	-0.034248	-0.998856	-0.033387
12807		0.060276	0.031765	-0.997676	0.997582	-0.036564	0.059106	-0.034601	-0.998826	-0.033892
12808		0.059642	0.032181	-0.997701	0.997605	-0.036985	0.058444	-0.035019	-0.998798	-0.034310
12809		0.059013	0.032573	-0.997726	0.997624	-0.037516	0.057782	-0.035549	-0.998765	-0.034709
12810		0.058332	0.033013	-0.997751	0.997638	-0.038245	0.057060	-0.036275	-0.998723	-0.035166
12811		0.057522	0.033475	-0.997783	0.997649	-0.039227	0.056198	-0.037259	-0.998669	-0.035652
12812		0.056568	0.033892	-0.997823	0.997682	-0.039776	0.055209	-0.037818	-0.998634	-0.036063
12813		0.055634	0.034330	-0.997861	0.997722	-0.040099	0.054247	-0.038151	-0.998606	-0.036483
12814		0.054701	0.034785	-0.997897	0.997761	-0.040426	0.053284	-0.038487	-0.998577	-0.036918
12815		0.053783	0.035263	-0.997930	0.997805	-0.040557	0.052343	-0.038627	-0.998555	-0.037367
12816		0.052918	0.035654	-0.997962	0.997858	-0.040378	0.051470	-0.038461	-0.998548	-0.037714
12817		0.052141	0.036036	-0.997989	0.997902	-0.040281	0.050682	-0.038373	-0.998538	-0.038061
12818		0.051464	0.036494	-0.998008	0.997935	-0.040332	0.049986	-0.038427	-0.998520	-0.038495
12819		0.050786	0.036958	-0.998025	0.997960	-0.040593	0.049280	-0.038692	-0.998492	-0.038944
12820		0.050161	0.037444	-0.998039	0.997977	-0.040970	0.048621	-0.039069	-0.998459	-0.039424
12821		0.049614	0.037956	-0.998047	0.997981	-0.041555	0.048031	-0.039651	-0.998415	-0.039941
12822		0.049187	0.038552	-0.998045	0.997979	-0.042144	0.047555	-0.040229	-0.998367	-0.040547
12823		0.048799	0.039076	-0.998044	0.997993	-0.042271	0.047141	-0.040346	-0.998342	-0.041060
12824		0.048560	0.039551	-0.998037	0.998009	-0.042187	0.046887	-0.040250	-0.998327	-0.041521
12825		0.048408	0.040116	-0.998022	0.998015	-0.042238	0.046709	-0.040280	-0.998302	-0.042081
12826		0.048366	0.040718	-0.997999	0.998009	-0.042458	0.046634	-0.040475	-0.998268	-0.042690
12827		0.048355	0.041401	-0.997972	0.997994	-0.042878	0.046577	-0.040863	-0.998222	-0.043391
12828		0.048463	0.042039	-0.997940	0.997956	-0.043702	0.046623	-0.041652	-0.998160	-0.044071
12829		0.048711	0.042696	-0.997900	0.997906	-0.044656	0.046800	-0.042564	-0.998090	-0.044782
12830		0.049094	0.043359	-0.997853	0.997840	-0.045797	0.047104	-0.043656	-0.998009	-0.045514
12831		0.049543	0.044109	-0.997797	0.997756	-0.047237	0.047453	-0.045040	-0.997909	-0.046351
12832		0.050004	0.044891	-0.997740	0.997660	-0.048879	0.047801	-0.046623	-0.997795	-0.047230
12833		0.050390	0.045695	-0.997684	0.997562	-0.050596	0.048066	-0.048283	-0.997673	-0.048133
12834		0.050880	0.046612	-0.997616	0.997457	-0.052296	0.048428	-0.049914	-0.997543	-0.049154
12835		0.051447	0.047552	-0.997543	0.997348	-0.053932	0.048866	-0.051475	-0.997412	-0.050201
12836		0.052117	0.048530	-0.997461	0.997238	-0.055452	0.049407	-0.052913	-0.997281	-0.051286
12837		0.052779	0.049527	-0.997377	0.997144	-0.056645	0.049954	-0.054023	-0.997165	-0.052375
12838		0.053533	0.050486	-0.997289	0.997052	-0.057683	0.050600	-0.054972	-0.997058	-0.053425
12839		0.054399	0.051476	-0.997192	0.996942	-0.058906	0.051344	-0.056098	-0.996935	-0.054523
12840		0.055284	0.052617	-0.997083	0.996835	-0.060039	0.052102	-0.057123	-0.996808	-0.055770
12841		0.056178	0.053649	-0.996978	0.996730	-0.061102	0.052876	-0.058081	-0.996689	-0.056907
12842		0.057120	0.054734	-0.996866	0.996611	-0.062331	0.053683	-0.059197	-0.996554	-0.058109
12843		0.058049	0.055885	-0.996748	0.996480	-0.063725	0.054461	-0.060474	-0.996402	-0.059388
12844		0.059003	0.056978	-0.996630	0.996336	-0.065286	0.055253	-0.061918	-0.996239	-0.060621
12845		0.059985	0.058034	-0.996511	0.996176	-0.067016	0.056062	-0.063529	-0.996063	-0.061832
12846		0.061095	0.059294	-0.996369	0.996001	-0.068811	0.056977	-0.065183	-0.995866	-0.063260
12847		0.062308	0.060663	-0.996212	0.995812	-0.070684	0.057979	-0.066899	-0.995652	-0.064814
12848		0.063611	0.062220	-0.996033	0.995614	-0.072566	0.059051	-0.068604	-0.995421	-0.066563
12849		0.064861	0.063802	-0.995853	0.995403	-0.074615	0.060051	-0.070474	-0.995169	-0.068349
12850		0.066091	0.065139	-0.995685	0.995168	-0.076918	0.061025	-0.072611	-0.994907	-0.069908
12851		0.067305	0.066324	-0.995526	0.994969	-0.078678	0.062025	-0.074212	-0.994691	-0.071286
12852		0.068648	0.067632	-0.995346	0.994806	-0.079803	0.063188	-0.075159	-0.994514	-0.072759
12853		0.070214	0.069036	-0.995140	0.994676	-0.080281	0.064612	-0.075430	-0.994379	-0.074305
12854		0.071844	0.070330	-0.994933	0.994542	-0.080716	0.066110	-0.075657	-0.994253	-0.075745
12855		0.073399	0.071726	-0.994720	0.994423	-0.081008	0.067536	-0.075736	-0.994129	-0.077272
12856		0.074931	0.073281	-0.994492	0.994336	-0.080877	0.068959	-0.075378	-0.994027	-0.078926
12857		0.076462	0.074701	-0.994270	0.994235	-0.080889	0.070382	-0.075168	-0.993920	-0.080456
12858		0.077920	0.075940	-0.994063	0.994161	-0.080577	0.071772	-0.074648	-0.993851	-0.081775
12859		0.079256	0.077038	-0.993873	0.994056	-0.080760	0.073010	-0.074641	-0.993752	-0.082981
12860		0.080595	0.078428	-0.993657	0.993848	-0.082296	0.074115	-0.075961	-0.993517	-0.084579
12861		0.082063	0.080305	-0.993387	0.993511	-0.085354	0.075173	-0.078753	-0.993109	-0.086789
12862		0.083566	0.081908	-0.993130	0.993209	-0.087801	0.076331	-0.080946	-0.992765	-0.088689
12863		0.084900	0.083528	-0.992882	0.992927	-0.090099	0.077325	-0.082998	-0.992424	-0.090587
12864		0.086217	0.085336	-0.992615	0.992645	-0.092350	0.078280	-0.084988	-0.992063	-0.092670
12865		0.087439	0.087270	-0.992340	0.992408	-0.094121	0.079168	-0.086491	-0.991728	-0.094837
12866		0.088710	0.089184	-0.992057	0.992168	-0.095845	0.080104	-0.087940	-0.991393	-0.096988
12867		0.090017	0.091210	-0.991755	0.991806	-0.098849	0.080931	-0.090653	-0.990913	-0.099361
12868		0.091246	0.093158	-0.991461	0.991440	-0.101866	0.081673	-0.093388	-0.990427	-0.101655
12869		0.092348	0.095102	-0.991175	0.991059	-0.105047	0.082258	-0.096297	-0.989909	-0.103952
12870		0.093494	0.097164	-0.990867	0.990678	-0.108113	0.082874	-0.099073	-0.989379	-0.106366
12871		0.094650	0.099273	-0.990548	0.990356	-0.110517	0.083555	-0.101178	-0.988904	-0.108776
12872		0.095739	0.101169	-0.990252	0.990068	-0.112568	0.084221	-0.102951	-0.988480	-0.110942
12873		0.096676	0.102683	-0.990005	0.989858	-0.113939	0.084844	-0.104088	-0.988167	-0.112656
12874		0.097634	0.104206	-0.989752	0.989651	-0.115253	0.085489	-0.105164	-0.987855	-0.114380
12875		0.098558	0.105500	-0.989523	0.989477	-0.116237	0.086160	-0.105929	-0.987603	-0.115845
12876		0.099547	0.106582	-0.989308	0.989380	-0.116432	0.087011	-0.105913	-0.987463	-0.117041
12877		0.100453	0.107437	-0.989124	0.989326	-0.116264	0.087845	-0.105562	-0.987390	-0.117969
12878		0.101256	0.107852	-0.988997	0.989345	-0.115451	0.088702	-0.104615	-0.987441	-0.118393
12879		0.101899	0.108169	-0.988896	0.989396	-0.114448	0.089431	-0.103504	-0.987523	-0.118684
12880		0.102290	0.108539	-0.988815	0.989526	-0.112885	0.089973	-0.101856	-0.987662	-0.118950
12881		0.102405	0.108864	-0.988768	0.989655	-0.111549	0.090216	-0.100475	-0.987778	-0.119161
12882		0.102223	0.109160	-0.988754	0.989684	-0.111458	0.090014	-0.100379	-0.987756	-0.119427
12883		0.101814	0.109464	-0.988763	0.989646	-0.112222	0.089481	-0.101166	-0.987636	-0.119756
12884		0.101383	0.109400	-0.988814	0.989648	-0.112577	0.089013	-0.101580	-0.987602	-0.119681
12885		0.101011	0.109406	-0.988851	0.989626	-0.113115	0.088575	-0.102163	-0.987540	-0.119697
12886		0.101160	0.110623	-0.988701	0.989265	-0.116528	0.088179	-0.105456	-0.987008	-0.121223
12887		0.101515	0.112969	-0.988399	0.988623	-0.122305	0.087559	-0.110995	-0.986042	-0.124099
12888		0.101821	0.116267	-0.987985	0.987576	-0.131307	0.086327	-0.119692	-0.984500	-0.128193
12889		0.102090	0.119741	-0.987542	0.986340	-0.141188	0.084846	-0.129269	-0.982715	-0.132519
12890		0.102503	0.123395	-0.987050	0.984927	-0.151573	0.083334	-0.139327	-0.980714	-0.137071
12891		0.102988	0.126031	-0.986666	0.983807	-0.159192	0.082355	-0.146690	-0.979170	-0.140385
12892		0.103726	0.128552	-0.986263	0.982763	-0.165817	0.081745	-0.153031	-0.977742	-0.143536
12893		0.104830	0.131407	-0.985770	0.981690	-0.172200	0.081441	-0.159048	-0.976258	-0.147052
12894		0.105939	0.133773	-0.985333	0.980768	-0.177412	0.081362	-0.163926	-0.975002	-0.149995
12895		0.107230	0.135627	-0.984940	0.979770	-0.182783	0.081497	-0.168977	-0.973753	-0.152483
12896		0.108805	0.137360	-0.984527	0.978463	-0.189571	0.081686	-0.175417	-0.972211	-0.155028
12897		0.110612	0.138866	-0.984114	0.977219	-0.195657	0.082229	-0.181130	-0.970791	-0.157345
12898		0.112604	0.140374	-0.983674	0.975924	-0.201730	0.082930	-0.186795	-0.969330	-0.159710
12899		0.114694	0.142243	-0.983164	0.974639	-0.207554	0.083671	-0.192158	-0.967827	-0.162440
12900		0.116775	0.144232	-0.982630	0.973536	-0.212327	0.084529	-0.196447	-0.966496	-0.165209
12901		0.118873	0.146374	-0.982061	0.972545	-0.216455	0.085459	-0.200063	-0.965257	-0.168086
12902		0.120962	0.148430	-0.981497	0.971866	-0.219014	0.086654	-0.202100	-0.964366	-0.170747
12903		0.123049	0.150236	-0.980963	0.971336	-0.220815	0.088024	-0.203387	-0.963675	-0.173100
12904		0.125310	0.152147	-0.980382	0.970866	-0.222238	0.089604	-0.204245	-0.963048	-0.175563
12905		0.127461	0.153656	-0.979869	0.970369	-0.223785	0.091133	-0.205276	-0.962450	-0.177627
12906		0.129518	0.155193	-0.979357	0.969511	-0.227024	0.092241	-0.208022	-0.961444	-0.179865
12907		0.131370	0.156895	-0.978839	0.968418	-0.231387	0.092883	-0.211917	-0.960127	-0.182337
12908		0.133055	0.158479	-0.978356	0.967330	-0.235698	0.093376	-0.215798	-0.958818	-0.184662
12909		0.134468	0.159979	-0.977919	0.966299	-0.239784	0.093643	-0.219508	-0.957554	-0.186831
12910		0.135551	0.161134	-0.977580	0.965613	-0.242422	0.093933	-0.221851	-0.956696	-0.188453
12911		0.136336	0.162194	-0.977295	0.965157	-0.244160	0.094121	-0.223350	-0.956075	-0.189831
12912		0.136760	0.163049	-0.977093	0.964966	-0.244883	0.094199	-0.223915	-0.955744	-0.190827
12913		0.136811	0.163830	-0.976956	0.964897	-0.245232	0.093998	-0.224181	-0.955521	-0.191629
12914		0.136680	0.164622	-0.976841	0.964867	-0.245489	0.093633	-0.224389	-0.955319	-0.192392
12915		0.136385	0.165334	-0.976762	0.964889	-0.245584	0.093158	-0.224475	-0.955172	-0.193023
12916		0.136105	0.166150	-0.976662	0.965006	-0.245277	0.092754	-0.224142	-0.955109	-0.193719
12917		0.135876	0.166905	-0.976566	0.965161	-0.244779	0.092454	-0.223612	-0.955105	-0.194350
12918		0.135714	0.167742	-0.976445	0.965188	-0.244806	0.092095	-0.223591	-0.954952	-0.195127
12919		0.135525	0.168548	-0.976332	0.965006	-0.245733	0.091531	-0.224490	-0.954571	-0.195953
12920		0.135434	0.169550	-0.976171	0.964762	-0.246897	0.090968	-0.225590	-0.954094	-0.197014
12921		0.135366	0.170180	-0.976071	0.964756	-0.247011	0.090730	-0.225660	-0.953952	-0.197619
12922		0.135421	0.170436	-0.976019	0.964975	-0.246082	0.090917	-0.224685	-0.954146	-0.197791
12923		0.135507	0.170337	-0.976024	0.965394	-0.244253	0.091404	-0.222827	-0.954634	-0.197540
12924		0.135518	0.169689	-0.976136	0.966083	-0.241213	0.092191	-0.219813	-0.955522	-0.196622
12925		0.135635	0.168899	-0.976256	0.967343	-0.235536	0.093647	-0.214126	-0.957077	-0.195330
12926		0.136173	0.169681	-0.976046	0.967777	-0.233430	0.094439	-0.211814	-0.957454	-0.196000
12927		0.136459	0.169624	-0.976016	0.968528	-0.229870	0.095463	-0.208164	-0.958325	-0.195653
12928		0.137006	0.170148	-0.975848	0.968764	-0.228585	0.096155	-0.206703	-0.958540	-0.196150
12929		0.137589	0.170954	-0.975625	0.968994	-0.227323	0.096821	-0.205230	-0.958696	-0.196931
12930		0.138229	0.171617	-0.975418	0.969031	-0.226921	0.097399	-0.204627	-0.958673	-0.197669
12931		0.139001	0.172190	-0.975207	0.969164	-0.225988	0.098237	-0.203469	-0.958791	-0.198293
12932		0.139838	0.172209	-0.975084	0.969517	-0.223915	0.099494	-0.201202	-0.959274	-0.198271
12933		0.140632	0.171365	-0.975119	0.970318	-0.219571	0.101353	-0.196740	-0.960428	-0.197157
12934		0.141238	0.168606	-0.975512	0.972028	-0.210399	0.104368	-0.187650	-0.962966	-0.193606
12935		0.141831	0.164790	-0.976078	0.974262	-0.197766	0.108178	-0.175208	-0.966298	-0.188598
12936		0.142768	0.161830	-0.976436	0.976356	-0.184813	0.112126	-0.162313	-0.969358	-0.184390
12937		0.144058	0.162126	-0.976198	0.977014	-0.179944	0.114293	-0.157131	-0.970224	-0.184322
12938		0.145010	0.162113	-0.976059	0.977295	-0.177496	0.115713	-0.154488	-0.970677	-0.184171
12939		0.146013	0.163144	-0.975738	0.977175	-0.177624	0.116529	-0.154304	-0.970481	-0.185356
12940		0.146978	0.163832	-0.975478	0.977235	-0.176594	0.117583	-0.153000	-0.970553	-0.186058
12941		0.147916	0.164498	-0.975224	0.977322	-0.175400	0.118648	-0.151537	-0.970657	-0.186712
12942		0.148909	0.165247	-0.974946	0.977485	-0.173654	0.119863	-0.149496	-0.970844	-0.187385
12943		0.149705	0.165556	-0.974772	0.977785	-0.171079	0.121111	-0.146712	-0.971248	-0.187490
12944		0.150300	0.165126	-0.974753	0.978372	-0.166575	0.122640	-0.142119	-0.972104	-0.186591
12945		0.150701	0.163794	-0.974916	0.979508	-0.158030	0.124861	-0.133615	-0.973755	-0.184253
12946		0.151271	0.162220	-0.975091	0.980784	-0.147580	0.127602	-0.123204	-0.975656	-0.181427
12947		0.152016	0.161101	-0.975160	0.981744	-0.138731	0.130123	-0.114322	-0.977139	-0.179249
12948		0.153190	0.160596	-0.975060	0.982100	-0.134178	0.132196	-0.109602	-0.977857	-0.178276
12949		0.154811	0.161646	-0.974630	0.981362	-0.138848	0.132852	-0.113851	-0.977032	-0.180129
12950		0.156188	0.162247	-0.974311	0.981042	-0.140059	0.133944	-0.114729	-0.976760	-0.181047
12951		0.157540	0.162921	-0.973981	0.980591	-0.142385	0.134791	-0.116720	-0.976311	-0.182190
12952		0.158875	0.163799	-0.973616	0.980105	-0.144989	0.135542	-0.118962	-0.975781	-0.183575
12953		0.160083	0.164633	-0.973278	0.979930	-0.145155	0.136624	-0.118784	-0.975616	-0.184566
12954		0.161296	0.165381	-0.972950	0.979876	-0.144298	0.137917	-0.117586	-0.975616	-0.185328
12955		0.162406	0.166004	-0.972660	0.979885	-0.142988	0.139208	-0.115970	-0.975703	-0.185887
12956		0.163558	0.166380	-0.972402	0.979733	-0.142933	0.140334	-0.115639	-0.975647	-0.186386
12957		0.164790	0.167209	-0.972052	0.979271	-0.145420	0.140999	-0.117780	-0.975138	-0.187706
12958		0.166203	0.167887	-0.971695	0.978722	-0.148332	0.141776	-0.120331	-0.974583	-0.188968
12959		0.167788	0.168682	-0.971284	0.977926	-0.152937	0.142375	-0.124529	-0.973733	-0.190620
12960		0.169429	0.169175	-0.970914	0.977132	-0.157266	0.143112	-0.128481	-0.972958	-0.191951
12961		0.170858	0.169463	-0.970613	0.976316	-0.161812	0.143611	-0.132720	-0.972162	-0.193096
12962		0.172073	0.169732	-0.970352	0.975606	-0.165682	0.144024	-0.136324	-0.971463	-0.194100
12963		0.173034	0.169895	-0.970152	0.975002	-0.168951	0.144312	-0.139390	-0.970871	-0.194883
12964		0.173866	0.170570	-0.969885	0.974258	-0.173309	0.144170	-0.143499	-0.969984	-0.196312
12965		0.174519	0.171427	-0.969616	0.973772	-0.176046	0.144142	-0.145987	-0.969340	-0.197654
12966		0.174960	0.172544	-0.969339	0.973398	-0.178244	0.143965	-0.147938	-0.968740	-0.199140
12967		0.175210	0.174058	-0.969023	0.972702	-0.182720	0.143055	-0.152160	-0.967635	-0.201321
12968		0.175490	0.175595	-0.968695	0.971990	-0.187151	0.142162	-0.156330	-0.966510	-0.203520
12969		0.175811	0.176729	-0.968430	0.971348	-0.190954	0.141493	-0.159919	-0.965559	-0.205237
12970		0.176335	0.177917	-0.968118	0.970417	-0.196200	0.140697	-0.164913	-0.964288	-0.207250
12971		0.176824	0.178629	-0.967897	0.969497	-0.201196	0.139985	-0.169732	-0.963126	-0.208756
12972		0.177299	0.178845	-0.967770	0.968634	-0.205673	0.139449	-0.174104	-0.962140	-0.209701
12973		0.177682	0.178974	-0.967676	0.967449	-0.211825	0.138463	-0.180196	-0.960780	-0.210785
12974		0.178076	0.179429	-0.967520	0.966144	-0.218426	0.137315	-0.186694	-0.959216	-0.212251
12975		0.178275	0.179772	-0.967419	0.964809	-0.225069	0.135970	-0.193293	-0.957615	-0.213570
12976		0.178488	0.180487	-0.967247	0.963259	-0.232552	0.134359	-0.200685	-0.955690	-0.215363
12977		0.178602	0.180829	-0.967162	0.962156	-0.237709	0.133233	-0.205811	-0.954356	-0.216441
12978		0.178722	0.181535	-0.967008	0.961008	-0.242981	0.131998	-0.211002	-0.952893	-0.217882
12979		0.178833	0.181963	-0.966906	0.960143	-0.246841	0.131129	-0.214811	-0.951819	-0.218854
12980		0.179147	0.182396	-0.966767	0.959295	-0.250439	0.130513	-0.218311	-0.950796	-0.219837
12981		0.179686	0.182719	-0.966606	0.958496	-0.253623	0.130235	-0.221357	-0.949889	-0.220708
12982		0.180516	0.182812	-0.966434	0.957498	-0.257405	0.130155	-0.224971	-0.948853	-0.221508
12983		0.181761	0.182592	-0.966242	0.956379	-0.261351	0.130518	-0.228697	-0.947816	-0.222130
12984		0.183439	0.182250	-0.965989	0.954943	-0.266262	0.131107	-0.233312	-0.946514	-0.222881
12985		0.185318	0.181762	-0.965722	0.953354	-0.271543	0.131836	-0.238273	-0.945107	-0.223606
12986		0.187284	0.181126	-0.965463	0.951601	-0.277271	0.132577	-0.243681	-0.943565	-0.224288
12987		0.189099	0.180224	-0.965278	0.950239	-0.281416	0.133610	-0.247565	-0.942509	-0.224472
12988		0.190716	0.179499	-0.965094	0.949016	-0.285085	0.134516	-0.250989	-0.941545	-0.224718
12989		0.191901	0.178885	-0.964974	0.948090	-0.287837	0.135184	-0.253573	-0.940824	-0.224835
12990		0.192794	0.178619	-0.964845	0.947290	-0.290291	0.135546	-0.255875	-0.940120	-0.225170
12991		0.193292	0.178240	-0.964815	0.946688	-0.292185	0.135682	-0.257721	-0.939605	-0.225215
12992		0.193620	0.178042	-0.964786	0.946225	-0.293674	0.135700	-0.259172	-0.939179	-0.225329
12993		0.193725	0.177795	-0.964811	0.945906	-0.294738	0.135615	-0.260255	-0.938892	-0.225276
12994		0.193700	0.177480	-0.964874	0.945649	-0.295633	0.135462	-0.261207	-0.938670	-0.225098
12995		0.193621	0.176980	-0.964981	0.945547	-0.295968	0.135441	-0.261633	-0.938659	-0.224648
12996		0.193585	0.176677	-0.965044	0.945547	-0.295943	0.135493	-0.261660	-0.938724	-0.224347
12997		0.193417	0.176831	-0.965050	0.945731	-0.295387	0.135420	-0.261117	-0.938870	-0.224367
12998		0.193178	0.177331	-0.965006	0.946447	-0.292992	0.135622	-0.258689	-0.939526	-0.224434
12999		0.192857	0.178180	-0.964914	0.947348	-0.289984	0.135798	-0.255613	-0.940298	-0.224724
13000		0.192461	0.179118	-0.964819	0.948406	-0.286401	0.136017	-0.251962	-0.941218	-0.224998
13001		0.192044	0.180193	-0.964702	0.949308	-0.283382	0.136047	-0.248864	-0.941926	-0.225480
13002		0.191593	0.181079	-0.964626	0.950243	-0.280186	0.136140	-0.245623	-0.942712	-0.225750
13003		0.191243	0.181835	-0.964553	0.951224	-0.276688	0.136440	-0.242071	-0.943599	-0.225881
13004		0.190987	0.182480	-0.964482	0.952075	-0.273581	0.136769	-0.238906	-0.944380	-0.225985
13005		0.190621	0.183275	-0.964403	0.952928	-0.270507	0.136946	-0.235779	-0.945112	-0.226212
13006		0.190156	0.184313	-0.964297	0.953891	-0.267031	0.137064	-0.232235	-0.945898	-0.226592
13007		0.189517	0.185838	-0.964131	0.954887	-0.263529	0.136905	-0.228634	-0.946582	-0.227397
13008		0.188677	0.187608	-0.963952	0.956011	-0.259583	0.136601	-0.224598	-0.947322	-0.228333
13009		0.187596	0.189375	-0.963818	0.957155	-0.255613	0.136075	-0.220595	-0.948050	-0.229214
13010		0.186358	0.191156	-0.963706	0.958383	-0.251288	0.135484	-0.216269	-0.948849	-0.230031
13011		0.185065	0.192974	-0.963593	0.959819	-0.245967	0.135082	-0.210945	-0.949874	-0.230740
13012		0.183793	0.194757	-0.963478	0.961317	-0.240191	0.134828	-0.205160	-0.950988	-0.231369
13013		0.182514	0.196356	-0.963397	0.962827	-0.234147	0.134683	-0.199131	-0.952166	-0.231792
13014		0.181317	0.198129	-0.963260	0.964219	-0.228451	0.134508	-0.193408	-0.953181	-0.232462
13015		0.180122	0.199678	-0.963164	0.965415	-0.223523	0.134203	-0.188492	-0.954026	-0.233034
13016		0.179019	0.201229	-0.963047	0.966497	-0.218982	0.133904	-0.183944	-0.954753	-0.233689
13017		0.178017	0.202660	-0.962932	0.967393	-0.215210	0.133548	-0.180168	-0.955308	-0.234363
13018		0.177011	0.204003	-0.962834	0.968117	-0.212268	0.133007	-0.177245	-0.955680	-0.235073
13019		0.175811	0.205216	-0.962796	0.968738	-0.209964	0.132143	-0.175034	-0.955930	-0.235714
13020		0.174479	0.206274	-0.962813	0.969374	-0.207612	0.131189	-0.172831	-0.956215	-0.236181
13021		0.173208	0.207110	-0.962863	0.970002	-0.205189	0.130357	-0.170570	-0.956558	-0.236437
13022		0.172093	0.207674	-0.962941	0.970603	-0.202722	0.129742	-0.168266	-0.956961	-0.236456
13023		0.171029	0.208353	-0.962984	0.971100	-0.200788	0.129028	-0.166472	-0.957222	-0.236672
13024		0.170093	0.208939	-0.963023	0.971569	-0.198883	0.128452	-0.164690	-0.957492	-0.236827
13025		0.169283	0.209529	-0.963037	0.972044	-0.196810	0.128046	-0.162706	-0.957791	-0.236988
13026		0.168598	0.209854	-0.963087	0.972505	-0.194660	0.127831	-0.160649	-0.958159	-0.236904
13027		0.167929	0.210055	-0.963160	0.973009	-0.192192	0.127731	-0.158282	-0.958613	-0.236660
13028		0.167248	0.210181	-0.963251	0.973646	-0.188861	0.127844	-0.155050	-0.959247	-0.236228
13029		0.166624	0.210464	-0.963297	0.974399	-0.184698	0.128191	-0.150939	-0.959996	-0.235851
13030		0.165944	0.210565	-0.963392	0.975131	-0.180578	0.128498	-0.146911	-0.960757	-0.235294
13031		0.165279	0.211091	-0.963392	0.975790	-0.176868	0.128653	-0.143235	-0.961332	-0.235213
13032		0.164892	0.211909	-0.963278	0.976463	-0.172743	0.129148	-0.139032	-0.961901	-0.235405
13033		0.164579	0.212772	-0.963142	0.977037	-0.169134	0.129589	-0.135327	-0.962352	-0.235722
13034		0.164523	0.213483	-0.962994	0.977534	-0.165701	0.130273	-0.131758	-0.962792	-0.235948
13035		0.164480	0.213505	-0.962996	0.978160	-0.161084	0.131356	-0.127078	-0.963570	-0.235337
13036		0.164704	0.212939	-0.963083	0.979082	-0.153559	0.133488	-0.119465	-0.964923	-0.233777
13037		0.164882	0.209310	-0.963848	0.980773	-0.138231	0.137759	-0.104400	-0.968030	-0.228077
13038		0.165313	0.203873	-0.964939	0.982874	-0.114836	0.144122	-0.081427	-0.972239	-0.219366
13039		0.165742	0.200212	-0.965632	0.984365	-0.092784	0.149720	-0.059619	-0.975349	-0.212460
13040		0.166030	0.196984	-0.966246	0.985406	-0.070444	0.154961	-0.037542	-0.977873	-0.205805
13041		0.166495	0.194835	-0.966602	0.985912	-0.048820	0.159981	-0.016020	-0.979620	-0.200218
13042		0.167370	0.193722	-0.966674	0.985889	-0.029666	0.164752	0.003239	-0.980608	-0.195953
13043		0.168649	0.193901	-0.966416	0.985539	-0.016791	0.168617	0.016468	-0.980877	-0.193928
13044		0.170622	0.194701	-0.965909	0.985130	-0.013621	0.171272	0.020190	-0.980768	-0.194130
13045		0.172549	0.194570	-0.965593	0.984704	-0.010025	0.173945	0.024165	-0.980837	-0.193323
13046		0.174380	0.195204	-0.965136	0.984304	-0.007517	0.176323	0.027164	-0.980734	-0.193451
13047		0.176204	0.195135	-0.964818	0.983995	-0.008479	0.177992	0.026552	-0.980740	-0.193506
13048		0.178138	0.196517	-0.964182	0.983774	-0.014299	0.178843	0.021359	-0.980396	-0.195876
13049		0.180100	0.197577	-0.963601	0.983554	-0.022618	0.179192	0.013610	-0.980026	-0.198401
13050		0.182339	0.199173	-0.962851	0.983226	-0.032561	0.179462	0.004392	-0.979423	-0.201769
13051		0.184813	0.200381	-0.962129	0.982761	-0.042718	0.179880	-0.005056	-0.978786	-0.204822
13052		0.187659	0.201624	-0.961318	0.982116	-0.053700	0.180456	-0.015238	-0.977990	-0.208095
13053		0.190721	0.202358	-0.960561	0.981341	-0.063639	0.181440	-0.024414	-0.977242	-0.210719
13054		0.193869	0.203016	-0.959791	0.980426	-0.074332	0.182315	-0.034330	-0.976350	-0.213453
13055		0.197068	0.203050	-0.959132	0.979488	-0.082731	0.183736	-0.042042	-0.975667	-0.215189
13056		0.200286	0.202501	-0.958582	0.978508	-0.090347	0.185364	-0.049068	-0.975106	-0.216244
13057		0.203349	0.201596	-0.958127	0.977499	-0.097843	0.186873	-0.056073	-0.974570	-0.216956
13058		0.206236	0.201007	-0.957634	0.976400	-0.106392	0.187946	-0.064106	-0.973795	-0.218205
13059		0.208923	0.200882	-0.957078	0.975194	-0.115982	0.188534	-0.073131	-0.972725	-0.220130
13060		0.211656	0.200796	-0.956495	0.973885	-0.125606	0.189135	-0.082163	-0.971547	-0.222137
13061		0.214635	0.200950	-0.955799	0.972409	-0.135535	0.189870	-0.091390	-0.970180	-0.224496
13062		0.218052	0.201384	-0.954934	0.970818	-0.144849	0.191132	-0.099831	-0.968743	-0.227091
13063		0.221534	0.201998	-0.954002	0.969083	-0.154590	0.192304	-0.108634	-0.967108	-0.230000
13064		0.224751	0.203286	-0.952975	0.967157	-0.165693	0.192751	-0.118717	-0.964998	-0.233849
13065		0.227501	0.205404	-0.951868	0.965288	-0.176370	0.192649	-0.128310	-0.962654	-0.238398
13066		0.230041	0.207819	-0.950733	0.963793	-0.184021	0.192976	-0.134851	-0.960702	-0.242627
13067		0.232493	0.210136	-0.949626	0.962486	-0.190140	0.193566	-0.139887	-0.959004	-0.246459
13068		0.235101	0.212459	-0.948466	0.961370	-0.194559	0.194718	-0.143163	-0.957605	-0.249993
13069		0.237730	0.214652	-0.947317	0.960347	-0.198199	0.196090	-0.145666	-0.956369	-0.253258
13070		0.240306	0.217050	-0.946120	0.959483	-0.200839	0.197625	-0.147123	-0.955276	-0.256519
13071		0.242636	0.219472	-0.944965	0.958713	-0.203166	0.198980	-0.148314	-0.954230	-0.259706
13072		0.244789	0.222285	-0.943752	0.958224	-0.203978	0.200499	-0.147937	-0.953406	-0.262931
13073		0.246819	0.225000	-0.942579	0.957916	-0.203747	0.202199	-0.146553	-0.952818	-0.265820
13074		0.248928	0.227740	-0.941366	0.957756	-0.202404	0.204296	-0.144009	-0.952453	-0.268504
13075		0.250992	0.230556	-0.940131	0.957711	-0.200303	0.206563	-0.140687	-0.952220	-0.271080
13076		0.252888	0.233268	-0.938953	0.957706	-0.198068	0.208732	-0.137286	-0.952027	-0.273491
13077		0.254627	0.235947	-0.937813	0.957615	-0.196583	0.210544	-0.134681	-0.951674	-0.276002
13078		0.256485	0.238768	-0.936592	0.957370	-0.195980	0.212213	-0.132884	-0.951095	-0.278855
13079		0.258284	0.241516	-0.935393	0.956954	-0.196654	0.213462	-0.132394	-0.950262	-0.281912
13080		0.260035	0.244203	-0.934209	0.956461	-0.197930	0.214490	-0.132529	-0.949310	-0.285039
13081		0.261495	0.246492	-0.933200	0.955992	-0.199411	0.215210	-0.133043	-0.948408	-0.287789
13082		0.262711	0.248518	-0.932320	0.955674	-0.200143	0.215942	-0.132932	-0.947724	-0.290082
13083		0.263535	0.250452	-0.931570	0.955523	-0.200302	0.216460	-0.132383	-0.947182	-0.292099
13084		0.264037	0.252135	-0.930974	0.955538	-0.199746	0.216907	-0.131269	-0.946852	-0.293665
13085		0.264147	0.253568	-0.930554	0.955624	-0.199270	0.216964	-0.130416	-0.946570	-0.294952
13086		0.263978	0.254698	-0.930293	0.955773	-0.198737	0.216798	-0.129666	-0.946379	-0.295896
13087		0.263479	0.255379	-0.930248	0.955895	-0.198855	0.216152	-0.129784	-0.946170	-0.296509
13088		0.262936	0.256165	-0.930185	0.955965	-0.199443	0.215299	-0.130367	-0.945834	-0.297326
13089		0.262231	0.256557	-0.930276	0.956060	-0.200021	0.214336	-0.131086	-0.945606	-0.297736
13090		0.261373	0.257067	-0.930377	0.956341	-0.199535	0.213535	-0.130750	-0.945570	-0.297997
13091		0.260245	0.257417	-0.930596	0.956836	-0.197900	0.212841	-0.129376	-0.945818	-0.297808
13092		0.258799	0.258016	-0.930833	0.957497	-0.195598	0.211995	-0.127371	-0.946134	-0.297670
13093		0.257232	0.258429	-0.931153	0.958403	-0.191545	0.211599	-0.123675	-0.946850	-0.296951
13094		0.255875	0.258727	-0.931444	0.958902	-0.190139	0.210603	-0.122615	-0.947052	-0.296746
13095		0.254757	0.258605	-0.931784	0.959300	-0.188986	0.209829	-0.121832	-0.947316	-0.296225
13096		0.253834	0.257927	-0.932224	0.959706	-0.187277	0.209502	-0.120548	-0.947840	-0.295071
13097		0.252895	0.256480	-0.932879	0.960364	-0.183390	0.209926	-0.117239	-0.948992	-0.292692
13098		0.251941	0.254265	-0.933742	0.961351	-0.176469	0.211337	-0.111041	-0.950899	-0.288898
13099		0.250943	0.251985	-0.934629	0.962661	-0.166246	0.213648	-0.101542	-0.953345	-0.284295
13100		0.250257	0.250497	-0.935213	0.963246	-0.161814	0.214416	-0.097619	-0.954499	-0.281785
13101		0.249556	0.250176	-0.935486	0.963018	-0.165450	0.212654	-0.101575	-0.953959	-0.282213
13102		0.249006	0.248759	-0.936010	0.963250	-0.164122	0.212634	-0.100725	-0.954559	-0.280485
13103		0.248289	0.247116	-0.936636	0.963154	-0.166170	0.211477	-0.103381	-0.954631	-0.279269
13104		0.247529	0.244913	-0.937415	0.963184	-0.166963	0.210712	-0.104908	-0.955061	-0.277225
13105		0.246557	0.242535	-0.938289	0.963085	-0.169275	0.209318	-0.108062	-0.955261	-0.275317
13106		0.245287	0.239467	-0.939409	0.963072	-0.171168	0.207833	-0.111027	-0.955697	-0.272609
13107		0.243690	0.236213	-0.940648	0.963215	-0.172231	0.206286	-0.113282	-0.956316	-0.269495
13108		0.241770	0.232603	-0.942042	0.963536	-0.172266	0.204751	-0.114656	-0.957194	-0.265770
13109		0.239644	0.228949	-0.943479	0.964141	-0.170266	0.203575	-0.114034	-0.958432	-0.261542
13110		0.237352	0.225174	-0.944966	0.965106	-0.165424	0.202992	-0.110611	-0.960173	-0.256580
13111		0.235111	0.221622	-0.946365	0.966021	-0.160829	0.202330	-0.107362	-0.961778	-0.251904
13112		0.233307	0.220293	-0.947121	0.965650	-0.167081	0.199009	-0.114406	-0.961018	-0.251707
13113		0.231246	0.217723	-0.948221	0.965929	-0.167810	0.197033	-0.116222	-0.961476	-0.249110
13114		0.229226	0.216175	-0.949065	0.965678	-0.172867	0.193863	-0.122154	-0.960929	-0.248381
13115		0.227035	0.215021	-0.949853	0.965355	-0.178507	0.190331	-0.128630	-0.960157	-0.248099
13116		0.224741	0.213471	-0.950748	0.964981	-0.184230	0.186740	-0.135293	-0.959421	-0.247399
13117		0.222537	0.211877	-0.951623	0.964292	-0.191597	0.182841	-0.143589	-0.958331	-0.246949
13118		0.220585	0.210559	-0.952369	0.962883	-0.202739	0.178197	-0.155562	-0.956327	-0.247465
13119		0.218651	0.208848	-0.953192	0.961338	-0.213673	0.173704	-0.167394	-0.954320	-0.247493
13120		0.217115	0.207558	-0.953824	0.959424	-0.225465	0.169327	-0.179909	-0.951885	-0.248088
13121		0.215961	0.206938	-0.954221	0.956827	-0.239560	0.164599	-0.194531	-0.948571	-0.249740
13122		0.215027	0.205835	-0.954670	0.954674	-0.250317	0.161057	-0.205819	-0.946030	-0.250330
13123		0.213966	0.204787	-0.955134	0.952657	-0.259970	0.157671	-0.216017	-0.943651	-0.250717
13124		0.212907	0.203741	-0.955594	0.951014	-0.267577	0.154837	-0.224149	-0.941749	-0.250730
13125		0.211798	0.202981	-0.956002	0.949387	-0.274903	0.151965	-0.231962	-0.939802	-0.250931
13126		0.210806	0.202134	-0.956401	0.947958	-0.281096	0.149535	-0.238614	-0.938151	-0.250871
13127		0.209840	0.201242	-0.956801	0.946429	-0.287460	0.147104	-0.245439	-0.936412	-0.250782
13128		0.208956	0.200294	-0.957194	0.944926	-0.293476	0.144868	-0.251897	-0.934748	-0.250587
13129		0.208108	0.199093	-0.957629	0.943319	-0.299643	0.142702	-0.258535	-0.933047	-0.250167
13130		0.207481	0.198240	-0.957942	0.941584	-0.306022	0.140609	-0.265277	-0.931156	-0.250153
