// Start Time: Unknown
// Update Rate: 100.0Hz
// Filter Profile: human (46.1)
// Option Flags: AHS Disabled ICC Disabled 
// Firmware Version: 4.0.2
PacketCounter	SampleTimeFine	Mat[1][1]	Mat[2][1]	Mat[3][1]	Mat[1][2]	Mat[2][2]	Mat[3][2]	Mat[1][3]	Mat[2][3]	Mat[3][3]
52533		-0.192644	0.055863	-0.979677	-0.549787	-0.833103	0.060605	-0.812787	0.550289	0.191205
52534		-0.192926	0.056032	-0.979612	-0.550056	-0.832920	0.060687	-0.812538	0.550550	0.191512
52535		-0.193200	0.056204	-0.979548	-0.550369	-0.832707	0.060773	-0.812261	0.550855	0.191811
52536		-0.193403	0.056277	-0.979504	-0.550600	-0.832546	0.060882	-0.812056	0.551090	0.192003
52537		-0.193739	0.056378	-0.979432	-0.550842	-0.832374	0.061048	-0.811812	0.551339	0.192319
52538		-0.194091	0.056531	-0.979353	-0.551202	-0.832124	0.061207	-0.811483	0.551701	0.192668
52539		-0.194465	0.056569	-0.979277	-0.551430	-0.831955	0.061444	-0.811239	0.551952	0.192980
52540		-0.194773	0.056626	-0.979212	-0.551805	-0.831690	0.061663	-0.810910	0.552345	0.193238
52541		-0.195076	0.056638	-0.979151	-0.552195	-0.831412	0.061921	-0.810572	0.552762	0.193463
52542		-0.195363	0.056656	-0.979093	-0.552625	-0.831108	0.062175	-0.810209	0.553218	0.193677
52543		-0.195581	0.056645	-0.979050	-0.552921	-0.830895	0.062382	-0.809954	0.553539	0.193827
52544		-0.195835	0.056695	-0.978997	-0.553396	-0.830563	0.062600	-0.809569	0.554032	0.194028
52545		-0.196002	0.056753	-0.978960	-0.554047	-0.830113	0.062804	-0.809083	0.554699	0.194148
52546		-0.196187	0.056804	-0.978920	-0.554664	-0.829685	0.063017	-0.808615	0.555335	0.194280
52548		-0.196592	0.057090	-0.978822	-0.556974	-0.828094	0.063567	-0.806927	0.557675	0.194594
52549		-0.196664	0.057126	-0.978805	-0.557956	-0.827413	0.063816	-0.806231	0.558681	0.194596
52550		-0.196855	0.057130	-0.978767	-0.558750	-0.826854	0.064116	-0.805634	0.559508	0.194692
52551		-0.197030	0.057232	-0.978726	-0.559574	-0.826280	0.064331	-0.805019	0.560345	0.194827
52552		-0.197176	0.057351	-0.978689	-0.560241	-0.825817	0.064479	-0.804520	0.561015	0.194962
52553		-0.197656	0.057680	-0.978573	-0.560924	-0.825339	0.064650	-0.803926	0.561683	0.195488
52554		-0.198258	0.058079	-0.978428	-0.561681	-0.824808	0.064853	-0.803248	0.562422	0.196146
52555		-0.198918	0.058540	-0.978266	-0.562162	-0.824471	0.064971	-0.802749	0.562868	0.196911
52556		-0.199626	0.059129	-0.978086	-0.562501	-0.824239	0.064977	-0.802335	0.563146	0.197800
52557		-0.200491	0.059857	-0.977865	-0.562577	-0.824194	0.064894	-0.802066	0.563135	0.198917
52558		-0.201375	0.060565	-0.977640	-0.562173	-0.824484	0.064720	-0.802129	0.562635	0.200078
52559		-0.201988	0.061191	-0.977474	-0.561373	-0.825057	0.064354	-0.802534	0.561727	0.201003
52560		-0.202410	0.061911	-0.977342	-0.560622	-0.825610	0.063806	-0.802953	0.560834	0.201820
52561		-0.202927	0.062563	-0.977193	-0.559817	-0.826191	0.063357	-0.803384	0.559906	0.202680
52562		-0.203387	0.063266	-0.977052	-0.559054	-0.826746	0.062841	-0.803799	0.559006	0.203519
52563		-0.204155	0.064441	-0.976815	-0.558550	-0.827138	0.062170	-0.803955	0.558292	0.204858
52564		-0.205202	0.066078	-0.976486	-0.558720	-0.827077	0.061444	-0.803570	0.558191	0.206637
52565		-0.206354	0.067985	-0.976113	-0.559106	-0.826878	0.060606	-0.803006	0.558257	0.208640
52566		-0.206876	0.069654	-0.975885	-0.559494	-0.826689	0.059601	-0.802601	0.558332	0.209992
52567		-0.207431	0.071545	-0.975630	-0.560503	-0.826077	0.058592	-0.801754	0.558997	0.211455
52568		-0.208046	0.073615	-0.975345	-0.562774	-0.824587	0.057806	-0.800002	0.560925	0.212981
52569		-0.208163	0.075579	-0.975170	-0.564871	-0.823224	0.056777	-0.798492	0.562664	0.214057
52570		-0.208973	0.078297	-0.974782	-0.567423	-0.821543	0.055655	-0.796468	0.564744	0.216108
52571		-0.209280	0.080431	-0.974542	-0.570750	-0.819283	0.054950	-0.794007	0.567720	0.217366
52572		-0.209302	0.082097	-0.974399	-0.573860	-0.817143	0.054418	-0.791756	0.570559	0.218142
52573		-0.209658	0.083330	-0.974217	-0.577220	-0.814766	0.054530	-0.789215	0.573771	0.218922
52574		-0.210350	0.084239	-0.973990	-0.580843	-0.812141	0.055203	-0.786367	0.577347	0.219764
52575		-0.210781	0.084452	-0.973879	-0.583753	-0.809991	0.056104	-0.784094	0.580330	0.220030
52576		-0.211516	0.084390	-0.973724	-0.586752	-0.807726	0.057453	-0.781654	0.583487	0.220363
52577		-0.212895	0.084456	-0.973418	-0.589789	-0.805391	0.059115	-0.778989	0.586697	0.221275
52578		-0.213699	0.083916	-0.973289	-0.591998	-0.803651	0.060692	-0.777091	0.589155	0.221417
52579		-0.214339	0.083058	-0.973221	-0.593593	-0.802354	0.062256	-0.775697	0.591041	0.221279
52580		-0.214931	0.082135	-0.973169	-0.595218	-0.801023	0.063852	-0.774287	0.592972	0.221053
52581		-0.215451	0.081055	-0.973145	-0.595965	-0.800352	0.065282	-0.773567	0.594025	0.220743
52582		-0.215866	0.079742	-0.973161	-0.595972	-0.800236	0.066625	-0.773446	0.594359	0.220268
52583		-0.216654	0.078662	-0.973074	-0.595706	-0.800324	0.067936	-0.773431	0.594385	0.220253
52584		-0.217111	0.077328	-0.973079	-0.594629	-0.801033	0.069016	-0.774131	0.593605	0.219895
52585		-0.217631	0.075921	-0.973074	-0.593164	-0.802025	0.070087	-0.775109	0.592445	0.219579
52586		-0.218359	0.074742	-0.973002	-0.591682	-0.803031	0.071098	-0.776036	0.591232	0.219572
52587		-0.219087	0.073457	-0.972936	-0.589797	-0.804328	0.072084	-0.777264	0.589628	0.219542
52588		-0.219586	0.071925	-0.972938	-0.587227	-0.806129	0.072940	-0.779067	0.587352	0.219251
52589		-0.220322	0.070284	-0.972892	-0.584702	-0.807861	0.074050	-0.780757	0.585167	0.219085
52590		-0.220602	0.068348	-0.972966	-0.581885	-0.809801	0.075045	-0.782780	0.582709	0.218414
52591		-0.220522	0.066144	-0.973137	-0.579059	-0.811731	0.076047	-0.784896	0.580274	0.217305
52593		-0.219203	0.061466	-0.973741	-0.574237	-0.814982	0.077824	-0.788798	0.576218	0.213942
52594		-0.218172	0.059088	-0.974120	-0.571991	-0.816487	0.078581	-0.790713	0.574332	0.211932
52595		-0.216565	0.056489	-0.974632	-0.569567	-0.818126	0.079141	-0.792901	0.572258	0.209352
52596		-0.214726	0.053781	-0.975193	-0.567661	-0.819386	0.079804	-0.794767	0.570714	0.206473
52597		-0.212856	0.051400	-0.975731	-0.566588	-0.820070	0.080401	-0.796034	0.569951	0.203680
52598		-0.210533	0.048850	-0.976365	-0.565837	-0.820533	0.080958	-0.797185	0.569508	0.200390
52599		-0.207707	0.046048	-0.977107	-0.565085	-0.821004	0.081431	-0.798459	0.569062	0.196549
52600		-0.204577	0.043083	-0.977902	-0.565069	-0.820954	0.082044	-0.799278	0.569366	0.192293
52601		-0.201655	0.040393	-0.978623	-0.565280	-0.820753	0.082605	-0.799871	0.569854	0.188342
52602		-0.198622	0.038036	-0.979338	-0.565184	-0.820804	0.082748	-0.800697	0.569942	0.184527
52603		-0.195464	0.035817	-0.980057	-0.564539	-0.821266	0.082578	-0.801929	0.569421	0.180748
52604		-0.192269	0.033794	-0.980760	-0.564165	-0.821551	0.082291	-0.802964	0.569133	0.177024
52605		-0.189325	0.032195	-0.981386	-0.563581	-0.822005	0.081758	-0.804072	0.568569	0.173771
52606		-0.186183	0.031195	-0.982020	-0.562271	-0.823030	0.080458	-0.805722	0.567141	0.170774
52607		-0.182935	0.030694	-0.982646	-0.561127	-0.823978	0.078725	-0.807262	0.565790	0.167957
52608		-0.180127	0.031013	-0.983154	-0.560520	-0.824583	0.076684	-0.808314	0.564890	0.165913
52609		-0.178045	0.031832	-0.983507	-0.558301	-0.826302	0.074326	-0.810309	0.562326	0.164890
52610		-0.176662	0.033137	-0.983714	-0.556148	-0.827960	0.071986	-0.812090	0.559807	0.164698
52611		-0.176187	0.034706	-0.983745	-0.553301	-0.830051	0.069811	-0.814135	0.556607	0.165447
52612		-0.175871	0.036607	-0.983732	-0.549955	-0.832475	0.067343	-0.816467	0.552852	0.166540
52613		-0.176228	0.038655	-0.983590	-0.546999	-0.834590	0.065205	-0.818374	0.549513	0.168222
52614		-0.176230	0.041033	-0.983493	-0.543933	-0.836794	0.062554	-0.820414	0.545979	0.169788
52615		-0.176877	0.044319	-0.983235	-0.539760	-0.839732	0.059248	-0.823027	0.541190	0.172451
52616		-0.177652	0.048583	-0.982893	-0.535743	-0.842576	0.055186	-0.825481	0.536382	0.175713
52617		-0.177401	0.051946	-0.982767	-0.529205	-0.846974	0.050759	-0.829741	0.529090	0.177744
52618		-0.177184	0.055375	-0.982619	-0.522080	-0.851647	0.046146	-0.834289	0.521182	0.179808
52619		-0.177883	0.058674	-0.982301	-0.514174	-0.856660	0.041941	-0.839037	0.512534	0.182554
52620		-0.177395	0.061100	-0.982241	-0.504365	-0.862679	0.037426	-0.845072	0.502047	0.183852
52621		-0.177157	0.063163	-0.982154	-0.492227	-0.869847	0.032845	-0.852249	0.489261	0.185191
52622		-0.176727	0.065228	-0.982096	-0.481015	-0.876254	0.028360	-0.858716	0.477415	0.186233
52623		-0.176016	0.066595	-0.982132	-0.468685	-0.883036	0.024121	-0.865652	0.464556	0.186640
52624		-0.174551	0.067502	-0.982332	-0.457065	-0.889206	0.020114	-0.872137	0.452500	0.186065
52625		-0.174044	0.068267	-0.982369	-0.446143	-0.894803	0.016860	-0.877875	0.441212	0.186192
52626		-0.172887	0.068819	-0.982534	-0.436486	-0.899605	0.013794	-0.882944	0.431247	0.185569
52627		-0.171482	0.068859	-0.982778	-0.426086	-0.904616	0.010964	-0.888282	0.420628	0.184465
52628		-0.169527	0.068879	-0.983116	-0.417775	-0.908512	0.008388	-0.892595	0.412143	0.182793
52629		-0.168065	0.068831	-0.983370	-0.409284	-0.912387	0.006087	-0.896795	0.403501	0.181511
52630		-0.166094	0.068835	-0.983704	-0.402384	-0.915463	0.003880	-0.900278	0.396471	0.179751
52631		-0.164739	0.068984	-0.983922	-0.395777	-0.918345	0.001879	-0.903450	0.389723	0.178590
52632		-0.163670	0.069636	-0.984054	-0.390470	-0.920615	-0.000203	-0.905950	0.384211	0.177868
52633		-0.162639	0.070324	-0.984176	-0.384533	-0.923108	-0.002415	-0.908671	0.378055	0.177176
52634		-0.161221	0.071353	-0.984336	-0.379433	-0.925206	-0.004921	-0.911065	0.372696	0.176236
52635		-0.159938	0.072359	-0.984471	-0.373597	-0.927561	-0.007481	-0.913699	0.366599	0.175385
52636		-0.158674	0.073585	-0.984585	-0.368848	-0.929436	-0.010020	-0.915846	0.361572	0.174619
52637		-0.157723	0.074749	-0.984650	-0.364062	-0.931292	-0.012382	-0.917923	0.356521	0.174099
52638		-0.156587	0.075859	-0.984747	-0.359950	-0.932857	-0.014625	-0.919737	0.352170	0.173379
52639		-0.155325	0.076734	-0.984879	-0.355124	-0.934668	-0.016816	-0.921825	0.347142	0.172427
52640		-0.154319	0.077837	-0.984950	-0.350724	-0.936285	-0.019041	-0.923676	0.342508	0.171786
52641		-0.153173	0.078870	-0.985047	-0.345968	-0.938004	-0.021306	-0.925659	0.337531	0.170964
52642		-0.151623	0.079956	-0.985199	-0.340121	-0.940077	-0.023949	-0.928078	0.331456	0.169732
52643		-0.150081	0.081197	-0.985334	-0.333410	-0.942399	-0.026876	-0.930760	0.324486	0.168508
52644		-0.148627	0.082656	-0.985433	-0.326001	-0.944891	-0.030086	-0.933613	0.316780	0.167382
52645		-0.147393	0.084271	-0.985482	-0.317134	-0.947785	-0.033615	-0.936857	0.307576	0.166422
52646		-0.146386	0.086074	-0.985476	-0.307673	-0.950759	-0.037339	-0.940164	0.297739	0.165660
52647		-0.145713	0.087862	-0.985418	-0.297925	-0.953709	-0.040981	-0.943403	0.287609	0.165144
52648		-0.145635	0.089632	-0.985270	-0.287849	-0.956642	-0.044480	-0.946538	0.277131	0.165121
52651		-0.147702	0.094876	-0.984471	-0.255570	-0.965243	-0.054679	-0.955441	0.243525	0.166815
52652		-0.149384	0.096447	-0.984064	-0.244502	-0.967928	-0.057749	-0.958073	0.231979	0.168174
52653		-0.151140	0.097696	-0.983673	-0.233660	-0.970436	-0.060479	-0.960500	0.220704	0.169499
52654		-0.153004	0.098647	-0.983290	-0.222992	-0.972789	-0.062896	-0.962738	0.209642	0.170838
52655		-0.155129	0.099406	-0.982880	-0.212523	-0.974987	-0.065065	-0.964764	0.198791	0.172374
52656		-0.157709	0.100006	-0.982409	-0.203063	-0.976881	-0.066845	-0.966381	0.188949	0.174371
52659		-0.163886	0.100165	-0.981381	-0.176947	-0.981682	-0.070646	-0.970480	0.162074	0.178608
52660		-0.166007	0.099793	-0.981062	-0.169269	-0.982984	-0.071346	-0.971488	0.154219	0.180074
52661		-0.167684	0.099145	-0.980843	-0.162224	-0.984142	-0.071745	-0.972402	0.147085	0.181108
52662		-0.168760	0.098270	-0.980746	-0.155357	-0.985232	-0.071986	-0.973337	0.140218	0.181534
52663		-0.169989	0.097329	-0.980628	-0.149246	-0.986175	-0.072008	-0.974079	0.134114	0.182164
52664		-0.171642	0.096238	-0.980448	-0.144096	-0.986966	-0.071651	-0.974564	0.128980	0.183272
52665		-0.173399	0.094857	-0.980273	-0.139404	-0.987693	-0.070916	-0.974936	0.124357	0.184488
52666		-0.175134	0.093217	-0.980122	-0.134680	-0.988418	-0.069940	-0.975289	0.119754	0.185660
52667		-0.177107	0.091356	-0.979942	-0.129347	-0.989207	-0.068842	-0.975655	0.114561	0.187012
52668		-0.179393	0.089302	-0.979716	-0.123420	-0.990046	-0.067645	-0.976005	0.108782	0.188629
52669		-0.181774	0.087111	-0.979474	-0.116449	-0.990966	-0.066522	-0.976421	0.101967	0.190276
52670		-0.184165	0.084695	-0.979239	-0.108748	-0.991920	-0.065340	-0.976861	0.094457	0.191888
52671		-0.187329	0.082159	-0.978855	-0.100308	-0.992887	-0.064140	-0.977162	0.086171	0.194238
52672		-0.190633	0.079498	-0.978437	-0.091177	-0.993841	-0.062985	-0.977418	0.077204	0.196708
52673		-0.194203	0.076818	-0.977949	-0.081903	-0.994718	-0.061871	-0.977536	0.068081	0.199469
52674		-0.198317	0.074189	-0.977326	-0.074155	-0.995409	-0.060514	-0.977329	0.060473	0.202908
52675		-0.202635	0.071522	-0.976639	-0.068035	-0.995947	-0.058820	-0.976888	0.054527	0.206679
52676		-0.207060	0.068807	-0.975906	-0.063703	-0.996355	-0.056733	-0.976252	0.050421	0.210688
52677		-0.211243	0.065700	-0.975223	-0.061307	-0.996664	-0.053865	-0.975509	0.048410	0.214566
52678		-0.215721	0.062296	-0.974466	-0.059317	-0.996956	-0.050603	-0.974652	0.046887	0.218760
52679		-0.219742	0.058203	-0.973820	-0.057360	-0.997263	-0.046661	-0.973870	0.045605	0.222479
52680		-0.223287	0.053674	-0.973274	-0.054602	-0.997604	-0.042489	-0.973222	0.043655	0.225682
52681		-0.226153	0.048616	-0.972878	-0.050756	-0.997985	-0.038072	-0.972769	0.040770	0.228164
52682		-0.228691	0.042982	-0.972550	-0.045936	-0.998388	-0.033322	-0.972415	0.037054	0.230297
52683		-0.231022	0.036786	-0.972253	-0.040171	-0.998794	-0.028245	-0.972119	0.032531	0.232221
52684		-0.233019	0.030366	-0.971998	-0.032652	-0.999193	-0.023388	-0.971924	0.026288	0.233822
52685		-0.234419	0.023598	-0.971849	-0.023771	-0.999546	-0.018536	-0.971845	0.018756	0.234873
52686		-0.235829	0.016650	-0.971652	-0.013202	-0.999816	-0.013928	-0.971705	0.009543	0.236005
52687		-0.237362	0.009330	-0.971376	-0.001272	-0.999956	-0.009293	-0.971420	-0.000970	0.237364
52688		-0.239669	0.001755	-0.970853	0.010982	-0.999929	-0.004519	-0.970792	-0.011745	0.239633
52689		-0.242115	-0.006270	-0.970227	0.023832	-0.999716	0.000513	-0.969955	-0.022999	0.242196
52690		-0.244342	-0.014499	-0.969581	0.037669	-0.999275	0.005451	-0.968957	-0.035191	0.244711
52691		-0.246036	-0.022951	-0.968989	0.052615	-0.998562	0.010292	-0.967832	-0.048451	0.246890
52692		-0.247276	-0.031312	-0.968439	0.068435	-0.997546	0.014779	-0.966525	-0.062621	0.248812
52693		-0.247977	-0.039799	-0.967948	0.084829	-0.996210	0.019229	-0.965045	-0.077342	0.250413
52694		-0.248321	-0.048196	-0.967478	0.101730	-0.994536	0.023433	-0.963321	-0.092603	0.251867
52695		-0.248665	-0.056474	-0.966942	0.118735	-0.992547	0.027435	-0.961284	-0.107988	0.253517
52696		-0.248457	-0.064450	-0.966496	0.136261	-0.990188	0.031001	-0.959011	-0.123993	0.254801
52697		-0.247631	-0.072105	-0.966168	0.154692	-0.987376	0.034040	-0.956425	-0.141029	0.255659
52698		-0.246495	-0.079405	-0.965886	0.173848	-0.984094	0.036536	-0.953424	-0.158912	0.256379
52699		-0.245006	-0.086752	-0.965633	0.193645	-0.980299	0.038937	-0.949986	-0.177450	0.256978
52700		-0.243462	-0.093923	-0.965352	0.214632	-0.975842	0.040813	-0.945864	-0.197259	0.257739
52701		-0.241601	-0.101022	-0.965103	0.236901	-0.970613	0.042294	-0.941014	-0.218416	0.258433
52702		-0.239272	-0.107907	-0.964938	0.259809	-0.964682	0.043455	-0.935547	-0.240302	0.258856
52703		-0.236564	-0.114789	-0.964811	0.283209	-0.958023	0.044541	-0.929425	-0.262706	0.259143
52704		-0.233497	-0.121394	-0.964750	0.306445	-0.950802	0.045470	-0.922806	-0.285026	0.259210
52705		-0.230127	-0.128047	-0.964700	0.329284	-0.943079	0.046627	-0.915759	-0.306930	0.259191
52706		-0.226409	-0.134481	-0.964704	0.351876	-0.934829	0.047734	-0.908252	-0.328649	0.258974
52707		-0.222442	-0.141130	-0.964677	0.374073	-0.926092	0.049229	-0.900327	-0.349909	0.258795
52708		-0.218184	-0.147664	-0.964672	0.395915	-0.916881	0.050803	-0.891991	-0.370844	0.258511
52709		-0.213587	-0.154233	-0.964672	0.417296	-0.907244	0.052658	-0.883315	-0.391307	0.258137
52710		-0.208524	-0.160559	-0.964748	0.437668	-0.897467	0.054763	-0.874622	-0.410820	0.257415
52711		-0.202944	-0.166705	-0.964896	0.457801	-0.887226	0.056998	-0.865582	-0.430163	0.256374
52712		-0.197026	-0.172562	-0.965092	0.477993	-0.876372	0.059116	-0.855981	-0.449660	0.255152
52713		-0.190595	-0.178250	-0.965350	0.497979	-0.865012	0.061403	-0.845985	-0.469021	0.253632
52714		-0.183783	-0.183591	-0.965670	0.517852	-0.853100	0.063633	-0.835495	-0.488380	0.251858
52715		-0.176490	-0.188607	-0.966064	0.537635	-0.840599	0.065892	-0.824500	-0.507761	0.249759
52716		-0.168544	-0.193205	-0.966574	0.557407	-0.827434	0.068196	-0.812952	-0.527280	0.247153
52717		-0.160337	-0.197669	-0.967067	0.577115	-0.813604	0.070618	-0.800769	-0.546786	0.244528
52718		-0.151637	-0.201752	-0.967627	0.597402	-0.798622	0.072895	-0.787475	-0.567009	0.241627
52719		-0.141893	-0.205345	-0.968349	0.618450	-0.782213	0.075252	-0.772908	-0.588198	0.237986
52720		-0.131258	-0.208219	-0.969235	0.640200	-0.764290	0.077493	-0.756912	-0.610333	0.233621
52721		-0.120399	-0.210873	-0.970071	0.662932	-0.744441	0.079547	-0.738935	-0.633514	0.229424
52722		-0.110193	-0.213802	-0.970642	0.686225	-0.722831	0.081313	-0.718995	-0.657119	0.226367
52723		-0.100586	-0.216745	-0.971032	0.710829	-0.698534	0.082288	-0.696135	-0.681961	0.224332
52724		-0.090171	-0.218691	-0.971619	0.735913	-0.671976	0.082951	-0.671045	-0.707547	0.221531
52726		-0.067768	-0.221434	-0.972818	0.786536	-0.611743	0.084454	-0.613815	-0.759433	0.215622
52727		-0.056318	-0.222391	-0.973330	0.811141	-0.578601	0.085268	-0.582132	-0.784706	0.212976
52728		-0.044469	-0.222354	-0.973951	0.835347	-0.542982	0.085822	-0.547921	-0.809771	0.209889
52729		-0.032245	-0.221448	-0.974639	0.858706	-0.505139	0.086364	-0.511453	-0.834144	0.206447
52730		-0.019673	-0.219795	-0.975348	0.881371	-0.464369	0.086868	-0.472014	-0.857935	0.202856
52732		0.004842	-0.216105	-0.976358	0.921930	-0.377212	0.088064	-0.387325	-0.900561	0.197407
52733		0.017027	-0.213733	-0.976744	0.940409	-0.328395	0.088254	-0.339620	-0.920041	0.195405
52734		0.029294	-0.211140	-0.977017	0.956377	-0.278306	0.088819	-0.290663	-0.936998	0.193777
52735		0.041763	-0.208216	-0.977191	0.969811	-0.226736	0.089760	-0.240254	-0.951439	0.192461
52736		0.054552	-0.204369	-0.977373	0.980788	-0.172635	0.090841	-0.187294	-0.963551	0.191025
52737		0.067527	-0.200058	-0.977454	0.988899	-0.116548	0.092172	-0.132360	-0.972827	0.189967
52738		0.080241	-0.194629	-0.977589	0.993748	-0.060759	0.093664	-0.077627	-0.978993	0.188537
52739		0.092519	-0.188367	-0.977731	0.995521	-0.001668	0.094523	-0.019436	-0.982097	0.187369
52740		0.104231	-0.181410	-0.977868	0.993770	0.058020	0.095162	0.039472	-0.981695	0.186327
52741		0.114276	-0.173902	-0.978110	0.988442	0.118629	0.094391	0.099617	-0.977592	0.185449
52742		0.123942	-0.166057	-0.978296	0.979412	0.178791	0.093735	0.159346	-0.969773	0.184798
52743		0.133245	-0.158062	-0.978398	0.966899	0.237483	0.093313	0.217604	-0.958446	0.184474
52744		0.142032	-0.149589	-0.978494	0.950488	0.296639	0.092618	0.276405	-0.943201	0.184315
52745		0.150473	-0.140495	-0.978580	0.930443	0.354660	0.092153	0.334116	-0.924380	0.184090
52747		0.166482	-0.123014	-0.978341	0.880003	0.466143	0.091137	0.444836	-0.876115	0.185857
52748		0.174001	-0.114274	-0.978093	0.849881	0.519139	0.090539	0.497420	-0.847016	0.187450
52749		0.181026	-0.105784	-0.977773	0.816925	0.569740	0.089607	0.547597	-0.814988	0.189555
52750		0.188525	-0.098217	-0.977145	0.781640	0.617383	0.088750	0.594556	-0.780507	0.193163
52751		0.195374	-0.089959	-0.976594	0.743723	0.662704	0.087741	0.639300	-0.743458	0.196380
52752		0.201617	-0.080980	-0.976111	0.701729	0.707201	0.086272	0.683321	-0.702359	0.199410
52753		0.207020	-0.070775	-0.975773	0.655750	0.750211	0.084709	0.726040	-0.657400	0.201719
52754		0.210898	-0.059126	-0.975718	0.605436	0.791565	0.082897	0.767443	-0.608218	0.202737
52755		0.212751	-0.046376	-0.976005	0.549858	0.831384	0.080355	0.807708	-0.553760	0.202378
52756		0.213594	-0.033538	-0.976347	0.490819	0.867802	0.077567	0.844674	-0.495777	0.201818
52757		0.214127	-0.021366	-0.976572	0.429147	0.900165	0.074402	0.877486	-0.435025	0.201919
52758		0.214330	-0.009683	-0.976713	0.364344	0.928573	0.070745	0.906265	-0.371022	0.202549
52759		0.214975	0.001082	-0.976619	0.296037	0.952878	0.066220	0.930671	-0.303351	0.204525
52761		0.217764	0.021647	-0.975761	0.153064	0.986626	0.056048	0.963924	-0.161559	0.211538
52762		0.219490	0.031841	-0.975095	0.079768	0.995535	0.050464	0.972348	-0.088858	0.215970
52763		0.219568	0.042801	-0.974658	0.006374	0.998953	0.045304	0.975576	-0.016160	0.219066
52764		0.217039	0.054018	-0.974667	-0.067633	0.996900	0.040190	0.973817	0.057197	0.220020
52765		0.213395	0.065280	-0.974783	-0.140601	0.989430	0.035482	0.966796	0.129483	0.220318
52766		0.210425	0.076588	-0.974605	-0.211833	0.976813	0.031025	0.954384	0.199925	0.221770
52767		0.207575	0.088150	-0.974239	-0.280218	0.959553	0.027117	0.937225	0.267370	0.223880
52768		0.203305	0.099300	-0.974067	-0.346142	0.937891	0.023366	0.915889	0.332415	0.225050
52769		0.197702	0.110131	-0.974056	-0.410287	0.911741	0.019811	0.890269	0.395726	0.225438
52770		0.192641	0.121118	-0.973766	-0.472332	0.881273	0.016172	0.860112	0.456825	0.226977
52771		0.187777	0.132203	-0.973274	-0.530265	0.847735	0.012845	0.826776	0.513681	0.229288
52772		0.182883	0.142770	-0.972713	-0.585873	0.810355	0.008789	0.789498	0.568279	0.231845
52773		0.176879	0.152574	-0.972335	-0.638377	0.769710	0.004651	0.749125	0.619893	0.233545
52774		0.170178	0.161504	-0.972089	-0.686611	0.727025	0.000588	0.706827	0.667347	0.234614
52775		0.163455	0.170585	-0.971691	-0.730903	0.682474	-0.003139	0.662618	0.710725	0.236235
52776		0.156596	0.179915	-0.971138	-0.771017	0.636783	-0.006355	0.617261	0.749758	0.238436
52777		0.148312	0.187960	-0.970914	-0.807215	0.590187	-0.009051	0.571320	0.785079	0.239256
52778		0.138811	0.194548	-0.971021	-0.840579	0.541563	-0.011660	0.523601	0.817839	0.238708
52779		0.128896	0.200615	-0.971154	-0.871145	0.490820	-0.014232	0.473807	0.847850	0.238030
52781		0.108898	0.212412	-0.971093	-0.924430	0.380807	-0.020369	0.365473	0.899926	0.237829
52782		0.098270	0.216547	-0.971314	-0.946336	0.322300	-0.023889	0.307881	0.921537	0.236599
52783		0.087366	0.218846	-0.971840	-0.965045	0.260574	-0.028077	0.247092	0.940323	0.233962
52784		0.076619	0.220387	-0.972399	-0.979511	0.198812	-0.032120	0.186245	0.954936	0.231104
52785		0.066125	0.221571	-0.972900	-0.989947	0.136745	-0.036141	0.125031	0.965509	0.228386
52787		0.045570	0.224411	-0.973428	-0.998925	0.018470	-0.042505	0.008441	0.974319	0.225012
52788		0.035354	0.226194	-0.973440	-0.998299	-0.037183	-0.044897	-0.046351	0.973372	0.224495
52789		0.025028	0.226826	-0.973614	-0.994948	-0.089062	-0.046325	-0.097220	0.969855	0.223451
52790		0.015059	0.226341	-0.973932	-0.989278	-0.138138	-0.047400	-0.145266	0.964203	0.221834
52791		0.005469	0.224262	-0.974513	-0.981614	-0.184735	-0.048021	-0.190797	0.956859	0.219129
52792		-0.003462	0.220826	-0.975307	-0.972174	-0.229197	-0.048444	-0.234235	0.948000	0.215474
52793		-0.011813	0.216571	-0.976195	-0.961061	-0.272010	-0.048716	-0.276085	0.937607	0.211351
52794		-0.019553	0.212239	-0.977022	-0.948093	-0.314154	-0.049270	-0.317393	0.925344	0.207365
52795		-0.026739	0.207754	-0.977816	-0.933262	-0.355691	-0.050052	-0.358198	0.911220	0.203400
52796		-0.033473	0.203353	-0.978533	-0.917135	-0.395328	-0.050782	-0.397168	0.895747	0.199735
52797		-0.039238	0.197828	-0.979451	-0.900045	-0.432761	-0.051352	-0.434028	0.879535	0.195035
52798		-0.044483	0.192487	-0.980291	-0.881423	-0.469436	-0.052180	-0.470228	0.861730	0.190545
52799		-0.049815	0.187556	-0.980990	-0.861370	-0.505221	-0.052852	-0.505529	0.842363	0.186723
52801		-0.060452	0.178287	-0.982120	-0.819581	-0.570496	-0.053117	-0.569765	0.801716	0.180608
52802		-0.065185	0.172586	-0.982835	-0.798250	-0.600040	-0.052424	-0.598788	0.781131	0.176880
52803		-0.069839	0.166851	-0.983506	-0.775719	-0.628964	-0.051619	-0.627202	0.759319	0.173356
52804		-0.074928	0.162296	-0.983893	-0.752992	-0.656060	-0.050875	-0.653750	0.737052	0.171365
52805		-0.080125	0.158000	-0.984183	-0.730099	-0.681511	-0.049970	-0.678627	0.714548	0.169961
52806		-0.084615	0.153215	-0.984564	-0.707702	-0.704819	-0.048861	-0.701426	0.692643	0.168069
52807		-0.088491	0.148067	-0.985010	-0.685484	-0.726528	-0.047630	-0.722690	0.670994	0.165789
52808		-0.091906	0.142585	-0.985506	-0.663758	-0.746525	-0.046108	-0.742279	0.649900	0.163252
52809		-0.094086	0.136136	-0.986212	-0.643121	-0.764489	-0.044174	-0.759963	0.630098	0.159480
52810		-0.093984	0.128225	-0.987282	-0.623705	-0.780531	-0.042000	-0.775989	0.611825	0.153332
52811		-0.092242	0.120023	-0.988477	-0.604901	-0.795289	-0.040118	-0.790940	0.594230	0.145961
52812		-0.091025	0.112684	-0.989453	-0.585049	-0.810087	-0.038435	-0.805873	0.575380	0.139664
52813		-0.089159	0.105285	-0.990437	-0.566362	-0.823346	-0.036539	-0.819319	0.557689	0.133038
52814		-0.087049	0.098098	-0.991362	-0.549150	-0.835015	-0.034407	-0.831178	0.541411	0.126558
52815		-0.085621	0.091758	-0.992094	-0.533299	-0.845316	-0.032157	-0.841583	0.526329	0.121311
52816		-0.085044	0.086311	-0.992632	-0.520211	-0.853523	-0.029646	-0.849793	0.513856	0.117487
52817		-0.084872	0.080774	-0.993112	-0.510123	-0.859698	-0.026328	-0.855904	0.504375	0.114169
52818		-0.085452	0.074745	-0.993535	-0.503817	-0.863539	-0.021633	-0.859573	0.498711	0.111449
52819		-0.086474	0.067544	-0.993962	-0.498935	-0.866501	-0.015476	-0.862315	0.494584	0.108629
52820		-0.088186	0.059980	-0.994297	-0.491820	-0.870651	-0.008901	-0.866220	0.488230	0.106278
52821		-0.089626	0.052842	-0.994573	-0.486962	-0.873420	-0.002523	-0.868813	0.484093	0.104013
52823		-0.100697	0.045149	-0.993892	-0.492466	-0.870270	0.010362	-0.864487	0.490502	0.109868
52825		-0.135555	0.063101	-0.988758	-0.487282	-0.873175	0.011080	-0.862660	0.483306	0.149111
52826		-0.141334	0.064839	-0.987836	-0.480534	-0.876905	0.011194	-0.865513	0.476271	0.155094
52827		-0.136472	0.061454	-0.988736	-0.462932	-0.886350	0.008806	-0.875825	0.458919	0.149411
52828		-0.127044	0.056871	-0.990265	-0.440450	-0.897764	0.004948	-0.888743	0.436791	0.139104
52829		-0.121388	0.055612	-0.991046	-0.426264	-0.904597	0.001449	-0.896417	0.422624	0.133512
52831		-0.123466	0.062979	-0.990348	-0.403984	-0.914733	-0.007806	-0.906396	0.399121	0.138381
52832		-0.118616	0.064472	-0.990845	-0.391949	-0.919896	-0.012934	-0.912308	0.386826	0.134384
52833		-0.113147	0.065355	-0.991427	-0.382007	-0.923997	-0.017314	-0.917207	0.376773	0.129513
52834		-0.112413	0.067696	-0.991353	-0.373615	-0.927347	-0.020960	-0.920747	0.368029	0.129538
52835		-0.114296	0.070552	-0.990938	-0.366952	-0.929933	-0.023884	-0.923191	0.360897	0.132177
52836		-0.114081	0.072248	-0.990841	-0.359660	-0.932704	-0.026599	-0.926083	0.353331	0.132389
52837		-0.110821	0.072797	-0.991171	-0.351970	-0.935551	-0.029359	-0.929428	0.345609	0.129301
52838		-0.106400	0.073075	-0.991635	-0.345630	-0.937824	-0.032024	-0.932319	0.339331	0.125042
52839		-0.101708	0.073444	-0.992100	-0.341247	-0.939338	-0.034554	-0.934455	0.335036	0.120600
52840		-0.097149	0.074306	-0.992492	-0.337918	-0.940435	-0.037331	-0.936148	0.331755	0.116472
52841		-0.093027	0.075975	-0.992761	-0.334220	-0.941614	-0.040743	-0.937893	0.328010	0.112988
52842		-0.090130	0.078600	-0.992824	-0.331616	-0.942364	-0.044500	-0.939099	0.325225	0.111000
52843		-0.088962	0.082481	-0.992614	-0.330306	-0.942616	-0.048723	-0.939672	0.323531	0.111101
52844		-0.088275	0.087377	-0.992256	-0.328950	-0.942816	-0.053759	-0.940213	0.321657	0.111970
52845		-0.086794	0.092778	-0.991897	-0.328199	-0.942735	-0.059461	-0.940613	0.320379	0.112274
52846		-0.083773	0.098056	-0.991649	-0.329909	-0.941755	-0.065252	-0.940288	0.321688	0.111243
52847		-0.080300	0.103530	-0.991380	-0.333728	-0.939982	-0.071131	-0.939243	0.325139	0.110032
52848		-0.077317	0.109265	-0.991001	-0.338714	-0.937736	-0.076966	-0.937707	0.329715	0.109513
52849		-0.074258	0.114892	-0.990599	-0.345566	-0.934760	-0.082511	-0.935452	0.336190	0.109116
52850		-0.070608	0.120041	-0.990255	-0.354490	-0.930950	-0.087576	-0.932390	0.344852	0.108286
52851		-0.066050	0.124674	-0.989997	-0.364788	-0.926500	-0.092340	-0.928745	0.355040	0.106675
52852		-0.060755	0.128769	-0.989812	-0.376184	-0.921476	-0.096788	-0.924551	0.366471	0.104425
52853		-0.055900	0.132867	-0.989556	-0.389226	-0.915594	-0.100949	-0.919445	0.379518	0.102897
52854		-0.052128	0.137055	-0.989191	-0.403151	-0.909123	-0.104716	-0.913648	0.393334	0.102645
52855		-0.049393	0.141418	-0.988717	-0.416417	-0.902699	-0.108312	-0.907831	0.406369	0.103476
52856		-0.046497	0.145283	-0.988297	-0.429682	-0.896068	-0.111509	-0.901782	0.419469	0.104090
52857		-0.043330	0.148670	-0.987937	-0.442396	-0.889487	-0.114451	-0.895772	0.432100	0.104313
52858		-0.040796	0.151194	-0.987662	-0.453882	-0.883415	-0.116488	-0.890127	0.443530	0.104664
52859		-0.040223	0.153480	-0.987333	-0.464074	-0.877959	-0.117572	-0.884883	0.453467	0.106540
52860		-0.042619	0.156356	-0.986781	-0.473175	-0.873044	-0.117898	-0.879937	0.461895	0.111192
52862		-0.049600	0.160390	-0.985807	-0.487964	-0.865095	-0.116199	-0.871454	0.475274	0.121173
52863		-0.053416	0.160801	-0.985540	-0.491618	-0.863289	-0.114209	-0.869171	0.478409	0.125166
52864		-0.058282	0.160685	-0.985283	-0.494818	-0.861842	-0.111284	-0.867040	0.481050	0.129740
52865		-0.065034	0.160197	-0.984940	-0.496963	-0.861119	-0.107244	-0.865331	0.482504	0.135614
52866		-0.072615	0.158693	-0.984654	-0.499630	-0.860237	-0.101795	-0.863190	0.484571	0.141754
52867		-0.079161	0.155358	-0.984681	-0.502102	-0.859547	-0.095250	-0.861178	0.486870	0.146048
52868		-0.084399	0.150618	-0.984983	-0.501121	-0.860820	-0.088693	-0.861251	0.486110	0.148130
52869		-0.089059	0.145198	-0.985386	-0.498162	-0.863182	-0.082167	-0.862498	0.483564	0.149206
52870		-0.094002	0.139278	-0.985782	-0.494545	-0.865894	-0.075181	-0.864054	0.480446	0.150275
52871		-0.099524	0.133279	-0.986069	-0.489699	-0.869231	-0.068061	-0.866193	0.476104	0.151776
52872		-0.105255	0.126767	-0.986332	-0.483934	-0.873006	-0.060559	-0.868751	0.470946	0.153235
52873		-0.110360	0.119616	-0.986668	-0.475025	-0.878353	-0.053353	-0.873024	0.462804	0.153755
52874		-0.113255	0.110819	-0.987366	-0.462588	-0.885363	-0.046310	-0.879310	0.451499	0.151535
52875		-0.114980	0.101611	-0.988157	-0.448227	-0.893039	-0.039675	-0.886495	0.438357	0.148226
52876		-0.117323	0.092858	-0.988743	-0.431883	-0.901311	-0.033400	-0.894267	0.423103	0.145848
52877		-0.119351	0.084280	-0.989269	-0.413745	-0.909974	-0.027608	-0.902536	0.406010	0.143476
52879		-0.117079	0.064472	-0.991028	-0.368198	-0.929592	-0.016977	-0.922346	0.362907	0.132574
52880		-0.112230	0.053641	-0.992233	-0.340191	-0.940275	-0.012354	-0.933635	0.336162	0.123775
52881		-0.106922	0.043309	-0.993324	-0.308640	-0.951143	-0.008247	-0.945150	0.305697	0.115065
52882		-0.100417	0.033428	-0.994384	-0.273582	-0.961837	-0.004706	-0.956593	0.271573	0.105730
52883		-0.093465	0.024435	-0.995323	-0.234277	-0.972168	-0.001867	-0.967667	0.233007	0.096589
52884		-0.086429	0.017650	-0.996102	-0.191189	-0.981553	-0.000804	-0.977741	0.190374	0.088209
52885		-0.079831	0.012932	-0.996725	-0.144524	-0.989500	-0.001263	-0.986276	0.143950	0.080861
52886		-0.075046	0.010895	-0.997121	-0.093419	-0.995619	-0.003847	-0.992795	0.092862	0.075735
52887		-0.071451	0.009795	-0.997396	-0.038450	-0.999236	-0.007059	-0.996703	0.037845	0.071773
52888		-0.066879	0.009845	-0.997713	0.017893	-0.999779	-0.011065	-0.997601	-0.018592	0.066688
52889		-0.060297	0.010163	-0.998129	0.078079	-0.996836	-0.014867	-0.995122	-0.078829	0.059312
52891		-0.047982	0.012582	-0.998769	0.202172	-0.979102	-0.022047	-0.978174	-0.202981	0.044436
52892		-0.042158	0.013305	-0.999022	0.265113	-0.963918	-0.024025	-0.963295	-0.265867	0.037110
52893		-0.034544	0.014730	-0.999295	0.332525	-0.942753	-0.025391	-0.942462	-0.333167	0.027668
52894		-0.024477	0.017849	-0.999541	0.402422	-0.915080	-0.026195	-0.915127	-0.402878	0.015216
52895		-0.011403	0.025674	-0.999605	0.469668	-0.882398	-0.028021	-0.882769	-0.469802	-0.001996
52898		0.039134	0.061167	-0.997360	0.654920	-0.755417	-0.020631	-0.754684	-0.652384	-0.069622
52899		0.043898	0.068564	-0.996680	0.701162	-0.712771	-0.018151	-0.711649	-0.698038	-0.079364
52900		0.038375	0.064874	-0.997155	0.756027	-0.654401	-0.013480	-0.653414	-0.753359	-0.074159
52901		0.031516	0.057296	-0.997860	0.825830	-0.563884	-0.006295	-0.563038	-0.823864	-0.065088
52902		0.026661	0.047864	-0.998498	0.883607	-0.468228	0.001148	-0.467470	-0.882310	-0.054776
52903		0.020953	0.032926	-0.999238	0.917297	-0.398157	0.006115	-0.397652	-0.916726	-0.038545
52904		0.019868	0.017293	-0.999653	0.940967	-0.338253	0.012850	-0.337914	-0.940896	-0.022993
52905		0.025616	0.008854	-0.999633	0.967516	-0.251800	0.022563	-0.251508	-0.967739	-0.015017
52906		0.036451	0.010126	-0.999284	0.990193	-0.135317	0.034748	-0.134869	-0.990751	-0.014959
52907		0.047280	0.016810	-0.998740	0.998732	-0.018086	0.046975	-0.017273	-0.999695	-0.017644
52908		0.056373	0.019151	-0.998226	0.994941	0.082190	0.057764	0.083150	-0.996433	-0.014421
52909		0.065218	0.013409	-0.997781	0.981145	0.181447	0.066569	0.181937	-0.983309	-0.001323
52910		0.076070	0.007165	-0.997077	0.954059	0.290112	0.074873	0.289800	-0.956966	0.015233
52911		0.085758	0.008070	-0.996283	0.914951	0.395154	0.081957	0.394347	-0.918579	0.026504
52912		0.092753	0.014469	-0.995584	0.868877	0.487138	0.088028	0.486261	-0.873205	0.032611
52913		0.098425	0.020922	-0.994925	0.814550	0.572651	0.092623	0.571683	-0.819532	0.039321
52914		0.105581	0.026075	-0.994069	0.747445	0.657259	0.096627	0.655880	-0.753214	0.049905
52915		0.111023	0.033296	-0.993260	0.669366	0.736240	0.099500	0.734590	-0.675901	0.059452
52917		0.115261	0.053294	-0.991905	0.494220	0.863117	0.103803	0.861662	-0.502184	0.073144
52918		0.114303	0.064673	-0.991339	0.396986	0.911769	0.105255	0.910679	-0.405579	0.078544
52919		0.114741	0.075439	-0.990527	0.299881	0.947964	0.106935	0.947051	-0.309310	0.086147
52920		0.118967	0.083703	-0.989364	0.211445	0.971448	0.107612	0.970123	-0.221998	0.097872
52922		0.124791	0.097777	-0.987354	0.071493	0.991660	0.107239	0.989604	-0.083971	0.116760
52923		0.124021	0.105460	-0.986660	0.006398	0.994231	0.107073	0.992259	-0.019592	0.122631
52924		0.118557	0.113476	-0.986442	-0.061603	0.992375	0.106755	0.991034	0.048111	0.124643
52925		0.104402	0.120573	-0.987199	-0.127474	0.986059	0.106952	0.986332	0.114677	0.118316
52926		0.081696	0.125247	-0.988756	-0.200852	0.973787	0.106756	0.976209	0.189872	0.104711
52927		0.053876	0.125290	-0.990656	-0.286681	0.952272	0.104844	0.956510	0.278353	0.087223
52928		0.023450	0.125748	-0.991785	-0.357213	0.927621	0.109167	0.933728	0.351719	0.066671
52929		-0.013863	0.119054	-0.992791	-0.367308	0.922863	0.115798	0.929996	0.366266	0.030936
52930		0.012540	0.125003	-0.992077	-0.400053	0.909916	0.109594	0.916406	0.395510	0.061418
52931		0.063334	0.151394	-0.986442	-0.453347	0.884924	0.106707	0.889081	0.440442	0.124680
52932		0.096107	0.180430	-0.978881	-0.469916	0.875165	0.115176	0.877463	0.448923	0.168896
52933		0.084132	0.194454	-0.977297	-0.461803	0.876698	0.134682	0.882983	0.439988	0.163557
52934		0.042651	0.190513	-0.980758	-0.472171	0.868950	0.148260	0.880474	0.456762	0.127016
52935		0.001357	0.176225	-0.984349	-0.519202	0.841400	0.149918	0.854651	0.510872	0.092638
52936		-0.018094	0.164847	-0.986153	-0.557122	0.817343	0.146850	0.830234	0.552064	0.077051
52937		-0.014288	0.162747	-0.986564	-0.563408	0.813813	0.142409	0.826055	0.557873	0.080065
52938		0.006436	0.166383	-0.986040	-0.569022	0.811461	0.133211	0.822297	0.560221	0.099898
52939		0.028667	0.166708	-0.985590	-0.583666	0.803243	0.118888	0.811488	0.571847	0.120328
52940		0.039333	0.157610	-0.986718	-0.598408	0.794536	0.103058	0.800225	0.586406	0.125567
52941		0.043898	0.144011	-0.988602	-0.616566	0.782525	0.086613	0.786079	0.605736	0.123144
52942		0.051085	0.134198	-0.989637	-0.635547	0.768750	0.071439	0.770370	0.625311	0.124561
52943		0.059800	0.128550	-0.989898	-0.648555	0.758849	0.059366	0.758815	0.638453	0.128751
52944		0.067327	0.124283	-0.989960	-0.660290	0.749399	0.049176	0.747987	0.650350	0.132517
52945		0.072783	0.118553	-0.990277	-0.675083	0.736732	0.038583	0.734142	0.665711	0.133655
52946		0.077659	0.112430	-0.990620	-0.689334	0.723897	0.028119	0.720269	0.680685	0.133719
52947		0.083272	0.106319	-0.990839	-0.702413	0.711559	0.017319	0.706881	0.694536	0.133933
52948		0.088527	0.099543	-0.991087	-0.716126	0.697944	0.006134	0.692334	0.709200	0.133072
52949		0.093304	0.091273	-0.991445	-0.731963	0.681317	-0.006162	0.674926	0.726276	0.130378
52950		0.097556	0.082115	-0.991837	-0.748811	0.662516	-0.018802	0.655564	0.744533	0.126121
52951		0.101757	0.072123	-0.992191	-0.764754	0.643544	-0.031652	0.636236	0.762003	0.120642
52952		0.105721	0.061554	-0.992489	-0.779019	0.625440	-0.044193	0.618022	0.777840	0.114074
52953		0.109734	0.049830	-0.992711	-0.791511	0.608495	-0.056949	0.601222	0.791991	0.106214
52954		0.112160	0.037404	-0.992986	-0.802754	0.592379	-0.068358	0.585667	0.804791	0.096468
52955		0.112681	0.024093	-0.993339	-0.812112	0.578252	-0.078098	0.572519	0.815502	0.084724
52956		0.113126	0.012664	-0.993500	-0.818259	0.568391	-0.085927	0.563608	0.822661	0.074663
52957		0.114573	0.005326	-0.993401	-0.823648	0.559591	-0.091994	0.555408	0.828752	0.068501
52958		0.116276	0.003347	-0.993211	-0.831863	0.546694	-0.095545	0.542663	0.837325	0.066352
52959		0.118679	0.007300	-0.992906	-0.843606	0.528137	-0.096951	0.523683	0.849128	0.068837
52960		0.119176	0.014845	-0.992762	-0.857033	0.506369	-0.095310	0.501290	0.862189	0.073070
52961		0.116443	0.020494	-0.992986	-0.870479	0.483512	-0.092098	0.478233	0.875098	0.074141
52962		0.110556	0.022969	-0.993604	-0.884904	0.457406	-0.087888	0.452462	0.888961	0.070894
52963		0.105022	0.027384	-0.994093	-0.900978	0.425763	-0.083456	0.420963	0.904420	0.069387
52964		0.101284	0.036959	-0.994171	-0.916276	0.392730	-0.078748	0.387530	0.918911	0.073642
52965		0.098241	0.049651	-0.993923	-0.927513	0.366519	-0.073367	0.360649	0.929085	0.082059
52966		0.092976	0.062508	-0.993704	-0.932651	0.354886	-0.064940	0.348593	0.932817	0.091295
52967		0.086240	0.072255	-0.993651	-0.929160	0.365705	-0.054050	0.359478	0.927922	0.098675
52968		0.076091	0.075962	-0.994203	-0.916564	0.397908	-0.039747	0.392582	0.914275	0.099901
52969		0.064741	0.074585	-0.995111	-0.899490	0.436177	-0.025828	0.432118	0.896765	0.095327
52970		0.053067	0.071039	-0.996061	-0.887137	0.461283	-0.014365	0.458445	0.884405	0.087500
52971		0.043911	0.066853	-0.996796	-0.886183	0.463267	-0.007967	0.461250	0.883694	0.079586
52972		0.034286	0.063217	-0.997411	-0.890306	0.455360	-0.001743	0.454071	0.888060	0.071895
52973		0.023680	0.062895	-0.997739	-0.894992	0.446029	0.006875	0.445453	0.892806	0.066852
52974		0.012129	0.063244	-0.997924	-0.900130	0.435303	0.016647	0.435452	0.898060	0.062207
52975		0.000767	0.062358	-0.998054	-0.903567	0.427655	0.026025	0.428446	0.901789	0.056673
52976		-0.008669	0.062276	-0.998021	-0.907316	0.419069	0.034031	0.420359	0.905816	0.052871
52977		-0.015589	0.060279	-0.998060	-0.911715	0.408974	0.038941	0.410528	0.910553	0.048581
52978		-0.021969	0.055365	-0.998224	-0.917908	0.394554	0.042085	0.396184	0.917203	0.042152
52979		-0.024324	0.049596	-0.998473	-0.928426	0.369251	0.040959	0.370719	0.928005	0.037064
52980		-0.022904	0.047354	-0.998616	-0.941504	0.334913	0.037475	0.336224	0.941058	0.036913
52981		-0.018354	0.047105	-0.998721	-0.955971	0.291784	0.031331	0.292887	0.955323	0.039675
52982		-0.014542	0.043373	-0.998953	-0.971241	0.236845	0.024422	0.237656	0.970579	0.038681
52983		-0.010560	0.034798	-0.999339	-0.984853	0.172613	0.016417	0.173070	0.984375	0.032448
