// Start Time: Unknown
// Update Rate: 100.0Hz
// Filter Profile: human (46.1)
// Option Flags: AHS Disabled ICC Disabled 
// Firmware Version: 4.0.2
PacketCounter	SampleTimeFine	Mat[1][1]	Mat[2][1]	Mat[3][1]	Mat[1][2]	Mat[2][2]	Mat[3][2]	Mat[1][3]	Mat[2][3]	Mat[3][3]
12704		0.210919	-0.100245	-0.972350	-0.725281	-0.682944	-0.086917	-0.655347	0.723560	-0.216752
12705		0.211331	-0.100426	-0.972242	-0.724623	-0.683646	-0.086891	-0.655943	0.722871	-0.217247
12706		0.211617	-0.100324	-0.972190	-0.724375	-0.683882	-0.087102	-0.656124	0.722662	-0.217393
12707		0.211972	-0.100113	-0.972134	-0.724302	-0.683907	-0.087503	-0.656090	0.722667	-0.217481
12708		0.212286	-0.099815	-0.972097	-0.724547	-0.683580	-0.088037	-0.655718	0.723019	-0.217435
12709		0.212486	-0.099250	-0.972111	-0.724943	-0.683072	-0.088720	-0.655216	0.723576	-0.217093
12710		0.212747	-0.098706	-0.972109	-0.725659	-0.682203	-0.089541	-0.654337	0.724470	-0.216764
12711		0.213014	-0.098173	-0.972104	-0.726320	-0.681394	-0.090342	-0.653517	0.725303	-0.216452
12712		0.213336	-0.097718	-0.972080	-0.726931	-0.680639	-0.091114	-0.652732	0.726073	-0.216239
12713		0.213641	-0.097292	-0.972056	-0.727345	-0.680106	-0.091787	-0.652171	0.726629	-0.216063
12714		0.214006	-0.096992	-0.972005	-0.727678	-0.679668	-0.092391	-0.651679	0.727079	-0.216032
12715		0.214193	-0.096742	-0.971989	-0.728103	-0.679149	-0.092853	-0.651143	0.727597	-0.215907
12716		0.214349	-0.096533	-0.971975	-0.728536	-0.678629	-0.093264	-0.650608	0.728110	-0.215791
12717		0.214324	-0.096245	-0.972009	-0.729161	-0.677904	-0.093654	-0.649915	0.728823	-0.215469
12718		0.214080	-0.095845	-0.972103	-0.729750	-0.677230	-0.093936	-0.649334	0.729502	-0.214924
12719		0.213903	-0.095537	-0.972172	-0.730445	-0.676438	-0.094243	-0.648610	0.730277	-0.214477
12720		0.213939	-0.095521	-0.972165	-0.731338	-0.675425	-0.094577	-0.647591	0.731216	-0.214358
12721		0.214053	-0.095500	-0.972142	-0.732121	-0.674526	-0.094940	-0.646668	0.732048	-0.214302
12722		0.214265	-0.095517	-0.972094	-0.733199	-0.673281	-0.095453	-0.645375	0.733191	-0.214294
12723		0.214456	-0.095440	-0.972060	-0.734478	-0.671796	-0.096081	-0.643856	0.734562	-0.214169
12724		0.214558	-0.095264	-0.972054	-0.735856	-0.670192	-0.096743	-0.642247	0.736049	-0.213896
12725		0.214566	-0.095078	-0.972071	-0.737051	-0.668800	-0.097275	-0.640872	0.737338	-0.213579
12726		0.214512	-0.094814	-0.972108	-0.737896	-0.667806	-0.097695	-0.639917	0.738272	-0.213215
12727		0.214406	-0.094654	-0.972147	-0.738388	-0.667234	-0.097885	-0.639385	0.738809	-0.212951
12728		0.214140	-0.094437	-0.972227	-0.738498	-0.667116	-0.097859	-0.639347	0.738943	-0.212598
12729		0.213738	-0.094251	-0.972334	-0.738194	-0.667495	-0.097567	-0.639832	0.738625	-0.212245
12730		0.213281	-0.094194	-0.972439	-0.737819	-0.667975	-0.097120	-0.640417	0.738198	-0.211965
12731		0.212870	-0.094235	-0.972526	-0.737494	-0.668401	-0.096659	-0.640929	0.737807	-0.211780
12732		0.212377	-0.094317	-0.972626	-0.737289	-0.668701	-0.096145	-0.641328	0.737525	-0.211555
12733		0.211856	-0.094380	-0.972733	-0.737418	-0.668618	-0.095732	-0.641351	0.737593	-0.211248
12734		0.211365	-0.094534	-0.972825	-0.737667	-0.668402	-0.095320	-0.641227	0.737768	-0.211012
12735		0.210934	-0.094805	-0.972892	-0.737960	-0.668140	-0.094890	-0.641032	0.737971	-0.210896
12736		0.210463	-0.095059	-0.972969	-0.738130	-0.668022	-0.094399	-0.640991	0.738045	-0.210760
12737		0.209918	-0.095382	-0.973055	-0.738410	-0.667791	-0.093839	-0.640847	0.738212	-0.210612
12738		0.209518	-0.095853	-0.973095	-0.739157	-0.667020	-0.093445	-0.640117	0.738849	-0.210603
12739		0.209265	-0.096526	-0.973083	-0.740114	-0.666006	-0.093099	-0.639093	0.739675	-0.210812
12740		0.208948	-0.097086	-0.973095	-0.740904	-0.665179	-0.092726	-0.638280	0.740345	-0.210920
12741		0.208515	-0.097435	-0.973154	-0.741347	-0.664746	-0.092290	-0.637908	0.740688	-0.210843
12742		0.208121	-0.097665	-0.973215	-0.741646	-0.664464	-0.091919	-0.637689	0.740911	-0.210721
12743		0.207975	-0.097958	-0.973217	-0.742016	-0.664077	-0.091726	-0.637306	0.741219	-0.210797
12744		0.207981	-0.098265	-0.973184	-0.742381	-0.663681	-0.091642	-0.636878	0.741534	-0.210983
12745		0.207998	-0.098415	-0.973166	-0.742486	-0.663570	-0.091588	-0.636750	0.741612	-0.211093
12746		0.207909	-0.098230	-0.973203	-0.742188	-0.663910	-0.091545	-0.637127	0.741333	-0.210938
12747		0.207978	-0.097920	-0.973220	-0.741676	-0.664468	-0.091642	-0.637700	0.740874	-0.210820
12748		0.208202	-0.097616	-0.973203	-0.741405	-0.664730	-0.091938	-0.637942	0.740679	-0.210771
12749		0.208399	-0.097241	-0.973198	-0.741111	-0.665014	-0.092253	-0.638219	0.740473	-0.210655
12750		0.208563	-0.096756	-0.973211	-0.740748	-0.665372	-0.092595	-0.638588	0.740215	-0.210444
12751		0.208586	-0.096141	-0.973267	-0.740231	-0.665908	-0.092863	-0.639179	0.739813	-0.210065
12752		0.208526	-0.095411	-0.973352	-0.739852	-0.666284	-0.093191	-0.639637	0.739569	-0.209527
12753		0.208503	-0.094644	-0.973432	-0.739526	-0.666590	-0.093591	-0.640021	0.739392	-0.208978
12754		0.208582	-0.093929	-0.973484	-0.739453	-0.666597	-0.094119	-0.640081	0.739477	-0.208496
12755		0.208769	-0.093301	-0.973504	-0.739450	-0.666518	-0.094696	-0.640023	0.739628	-0.208139
12756		0.209078	-0.092697	-0.973496	-0.739715	-0.666117	-0.095440	-0.639615	0.740064	-0.207840
12757		0.209350	-0.092168	-0.973487	-0.740241	-0.665425	-0.096189	-0.638917	0.740753	-0.207533
12758		0.209591	-0.091665	-0.973483	-0.740636	-0.664889	-0.096852	-0.638380	0.741296	-0.207245
12759		0.209696	-0.091131	-0.973510	-0.740668	-0.664787	-0.097310	-0.638309	0.741454	-0.206901
12760		0.209791	-0.090650	-0.973535	-0.740421	-0.665014	-0.097634	-0.638564	0.741309	-0.206633
12761		0.209884	-0.090228	-0.973554	-0.739931	-0.665530	-0.097837	-0.639102	0.740897	-0.206447
12762		0.209975	-0.089930	-0.973562	-0.739160	-0.666382	-0.097864	-0.639963	0.740167	-0.206396
12763		0.210027	-0.089642	-0.973577	-0.738399	-0.667226	-0.097858	-0.640824	0.739442	-0.206327
12764		0.210121	-0.089315	-0.973587	-0.737855	-0.667810	-0.097982	-0.641420	0.738954	-0.206222
12765		0.210152	-0.089043	-0.973605	-0.737536	-0.668146	-0.098090	-0.641777	0.738683	-0.206084
12766		0.210078	-0.088674	-0.973655	-0.737307	-0.668380	-0.098211	-0.642063	0.738515	-0.205792
12767		0.210016	-0.088360	-0.973697	-0.737150	-0.668537	-0.098327	-0.642264	0.738411	-0.205538
12768		0.210006	-0.088137	-0.973719	-0.736755	-0.668969	-0.098347	-0.642720	0.738046	-0.205423
12769		0.210013	-0.087876	-0.973741	-0.736099	-0.669695	-0.098322	-0.643469	0.737419	-0.205331
12770		0.210043	-0.087654	-0.973755	-0.735535	-0.670315	-0.098319	-0.644104	0.736882	-0.205267
12771		0.210046	-0.087386	-0.973778	-0.735018	-0.670878	-0.098341	-0.644693	0.736401	-0.205146
12772		0.210040	-0.087149	-0.973801	-0.734646	-0.671280	-0.098381	-0.645119	0.736063	-0.205019
12773		0.209997	-0.086753	-0.973846	-0.734412	-0.671511	-0.098546	-0.645399	0.735899	-0.204728
12774		0.209919	-0.086372	-0.973896	-0.734363	-0.671538	-0.098732	-0.645481	0.735919	-0.204397
12775		0.209751	-0.085900	-0.973974	-0.734275	-0.671609	-0.098898	-0.645635	0.735909	-0.203945
12776		0.209527	-0.085322	-0.974073	-0.733788	-0.672132	-0.098966	-0.646262	0.735499	-0.203438
12777		0.209364	-0.084760	-0.974157	-0.733253	-0.672701	-0.099059	-0.646920	0.735043	-0.202990
12778		0.209285	-0.084251	-0.974219	-0.732893	-0.673068	-0.099235	-0.647355	0.734766	-0.202609
12779		0.209287	-0.083716	-0.974264	-0.732658	-0.673280	-0.099533	-0.647620	0.734633	-0.202244
12780		0.209405	-0.083337	-0.974271	-0.732728	-0.673148	-0.099909	-0.647502	0.734797	-0.202024
12781		0.209546	-0.083000	-0.974270	-0.732923	-0.672876	-0.100313	-0.647236	0.735085	-0.201831
12782		0.209653	-0.082644	-0.974277	-0.733217	-0.672492	-0.100735	-0.646868	0.735476	-0.201586
12783		0.209785	-0.082365	-0.974272	-0.733515	-0.672108	-0.101124	-0.646487	0.735858	-0.201414
12784		0.209811	-0.082062	-0.974292	-0.733796	-0.671753	-0.101441	-0.646160	0.736216	-0.201158
12785		0.209685	-0.081699	-0.974350	-0.733988	-0.671512	-0.101651	-0.645983	0.736476	-0.200772
12786		0.209503	-0.081425	-0.974412	-0.733919	-0.671584	-0.101677	-0.646120	0.736441	-0.200458
12787		0.209264	-0.081197	-0.974482	-0.733709	-0.671828	-0.101580	-0.646436	0.736243	-0.200164
12788		0.208928	-0.080889	-0.974580	-0.733645	-0.671908	-0.101510	-0.646617	0.736204	-0.199724
12789		0.208542	-0.080621	-0.974685	-0.733726	-0.671834	-0.101416	-0.646650	0.736302	-0.199259
12790		0.208285	-0.080464	-0.974753	-0.734041	-0.671489	-0.101419	-0.646375	0.736633	-0.198925
12791		0.208050	-0.080381	-0.974810	-0.734458	-0.671033	-0.101421	-0.645977	0.737058	-0.198645
12792		0.207764	-0.080288	-0.974878	-0.735027	-0.670408	-0.101434	-0.645422	0.737636	-0.198300
12793		0.207520	-0.080249	-0.974934	-0.735496	-0.669896	-0.101413	-0.644966	0.738105	-0.198040
12794		0.207277	-0.080293	-0.974982	-0.735945	-0.669415	-0.101331	-0.644531	0.738537	-0.197846
12795		0.207104	-0.080326	-0.975016	-0.736286	-0.669049	-0.101276	-0.644198	0.738865	-0.197706
12796		0.206846	-0.080319	-0.975071	-0.736661	-0.668648	-0.101193	-0.643852	0.739229	-0.197475
12797		0.206567	-0.080193	-0.975141	-0.737072	-0.668196	-0.101186	-0.643471	0.739650	-0.197135
12798		0.206303	-0.080022	-0.975210	-0.737738	-0.667444	-0.101298	-0.642793	0.740348	-0.196731
12799		0.206071	-0.079931	-0.975267	-0.738592	-0.666478	-0.101439	-0.641885	0.741228	-0.196378
12800		0.205814	-0.079854	-0.975328	-0.739507	-0.665442	-0.101569	-0.640913	0.742166	-0.196010
12801		0.205477	-0.079699	-0.975411	-0.740183	-0.664684	-0.101614	-0.640241	0.742862	-0.195569
12802		0.205098	-0.079475	-0.975509	-0.740786	-0.664006	-0.101651	-0.639665	0.743492	-0.195060
12803		0.204807	-0.079314	-0.975584	-0.741274	-0.663456	-0.101679	-0.639192	0.744000	-0.194674
12804		0.204615	-0.079195	-0.975634	-0.741764	-0.662896	-0.101757	-0.638685	0.744511	-0.194382
12805		0.204355	-0.078973	-0.975706	-0.742137	-0.662470	-0.101816	-0.638335	0.744914	-0.193988
12806		0.204002	-0.078572	-0.975812	-0.742376	-0.662192	-0.101880	-0.638170	0.745203	-0.193418
12807		0.203686	-0.078220	-0.975907	-0.742603	-0.661928	-0.101938	-0.638006	0.745475	-0.192912
12808		0.203408	-0.077809	-0.975997	-0.742924	-0.661544	-0.102093	-0.637721	0.745859	-0.192369
12809		0.203123	-0.077439	-0.976086	-0.743206	-0.661210	-0.102203	-0.637484	0.746193	-0.191860
12810		0.202942	-0.077139	-0.976148	-0.743523	-0.660830	-0.102358	-0.637172	0.746561	-0.191464
12811		0.202757	-0.076902	-0.976205	-0.743973	-0.660301	-0.102506	-0.636706	0.747054	-0.191094
12812		0.202532	-0.076663	-0.976270	-0.744466	-0.659724	-0.102638	-0.636200	0.747588	-0.190688
12813		0.202340	-0.076540	-0.976320	-0.744989	-0.659120	-0.102725	-0.635649	0.748133	-0.190388
12814		0.202080	-0.076484	-0.976378	-0.745495	-0.658551	-0.102706	-0.635139	0.748639	-0.190098
12815		0.201665	-0.076306	-0.976478	-0.745740	-0.658294	-0.102570	-0.634982	0.748884	-0.189660
12816		0.201230	-0.076102	-0.976583	-0.746062	-0.657947	-0.102458	-0.634743	0.749209	-0.189176
12817		0.200691	-0.075783	-0.976719	-0.746370	-0.657616	-0.102337	-0.634550	0.749532	-0.188540
12818		0.200090	-0.075399	-0.976872	-0.746585	-0.657396	-0.102180	-0.634488	0.749763	-0.187830
12819		0.199565	-0.075032	-0.977008	-0.746574	-0.657436	-0.102006	-0.634666	0.749766	-0.187218
12820		0.199171	-0.074658	-0.977117	-0.746483	-0.657552	-0.101919	-0.634896	0.749701	-0.186696
12821		0.198805	-0.074196	-0.977226	-0.746309	-0.657755	-0.101888	-0.635216	0.749569	-0.186138
12822		0.198539	-0.073788	-0.977311	-0.746237	-0.657830	-0.101930	-0.635383	0.749543	-0.185669
12823		0.198374	-0.073280	-0.977383	-0.746103	-0.657956	-0.102101	-0.635593	0.749482	-0.185196
12824		0.198193	-0.072539	-0.977475	-0.746044	-0.657970	-0.102439	-0.635719	0.749542	-0.184523
12825		0.197983	-0.071720	-0.977578	-0.745887	-0.658094	-0.102779	-0.635967	0.749512	-0.183787
12826		0.197859	-0.070882	-0.977664	-0.745741	-0.658194	-0.103203	-0.636177	0.749504	-0.183089
12827		0.197722	-0.069956	-0.977759	-0.745285	-0.658650	-0.103587	-0.636754	0.749190	-0.182367
12828		0.197439	-0.068927	-0.977889	-0.744748	-0.659208	-0.103902	-0.637470	0.748795	-0.181487
12829		0.197097	-0.067975	-0.978025	-0.744210	-0.659781	-0.104121	-0.638204	0.748378	-0.180629
12830		0.196719	-0.067244	-0.978151	-0.743693	-0.660356	-0.104170	-0.638923	0.747936	-0.179913
12831		0.196218	-0.066597	-0.978296	-0.743005	-0.661154	-0.104018	-0.639877	0.747289	-0.179212
12832		0.195623	-0.066053	-0.978452	-0.742363	-0.661918	-0.103737	-0.640803	0.746660	-0.178522
12833		0.194837	-0.065549	-0.978643	-0.741757	-0.662667	-0.103290	-0.641744	0.746040	-0.177733
12834		0.194115	-0.065205	-0.978809	-0.741334	-0.663210	-0.102838	-0.642451	0.745587	-0.177077
12835		0.193425	-0.065036	-0.978957	-0.741070	-0.663583	-0.102338	-0.642963	0.745271	-0.176550
12836		0.192593	-0.064867	-0.979132	-0.741199	-0.663516	-0.101835	-0.643065	0.745345	-0.175868
12837		0.191645	-0.064512	-0.979342	-0.741685	-0.663030	-0.101463	-0.642787	0.745808	-0.174914
12838		0.190770	-0.064235	-0.979531	-0.742631	-0.662008	-0.101219	-0.641955	0.746740	-0.173994
12839		0.189910	-0.064008	-0.979713	-0.743934	-0.660569	-0.101048	-0.640700	0.748032	-0.173066
12840		0.189071	-0.063863	-0.979884	-0.745453	-0.658878	-0.100895	-0.639181	0.749534	-0.172182
12841		0.188104	-0.063612	-0.980087	-0.746566	-0.657662	-0.100600	-0.638166	0.750623	-0.171200
12842		0.187137	-0.063411	-0.980285	-0.747603	-0.656536	-0.100249	-0.637236	0.751625	-0.170268
12843		0.186212	-0.063347	-0.980465	-0.748404	-0.655695	-0.099774	-0.636566	0.752364	-0.169508
12844		0.185212	-0.063224	-0.980663	-0.749350	-0.654684	-0.099318	-0.635744	0.753254	-0.168632
12845		0.184096	-0.062943	-0.980891	-0.750258	-0.653712	-0.098862	-0.634997	0.754122	-0.167569
12846		0.183020	-0.062765	-0.981104	-0.751393	-0.652472	-0.098428	-0.633965	0.755209	-0.166577
12847		0.181872	-0.062447	-0.981337	-0.752469	-0.651294	-0.098010	-0.633019	0.756251	-0.165442
12848		0.180808	-0.062177	-0.981551	-0.753861	-0.649728	-0.097708	-0.631666	0.757619	-0.164349
12849		0.179714	-0.061859	-0.981772	-0.755268	-0.648136	-0.097415	-0.630296	0.759008	-0.163199
12850		0.178614	-0.061575	-0.981991	-0.756847	-0.646334	-0.097135	-0.628713	0.760566	-0.162047
12851		0.177446	-0.061207	-0.982225	-0.758549	-0.644374	-0.096883	-0.626990	0.762258	-0.160770
12852		0.176123	-0.060915	-0.982482	-0.760700	-0.641880	-0.096569	-0.624753	0.764382	-0.159388
12853		0.174521	-0.060617	-0.982786	-0.763213	-0.638957	-0.096119	-0.622132	0.766850	-0.157775
12854		0.172587	-0.060479	-0.983136	-0.766332	-0.635316	-0.095445	-0.618829	0.769881	-0.155994
12855		0.170223	-0.060472	-0.983548	-0.769669	-0.631428	-0.094384	-0.615333	0.773073	-0.154027
12856		0.167456	-0.060867	-0.983999	-0.773220	-0.627314	-0.092783	-0.611629	0.776384	-0.152111
12857		0.164158	-0.061584	-0.984510	-0.776278	-0.623873	-0.090412	-0.608641	0.779095	-0.150220
12858		0.160238	-0.062794	-0.985079	-0.779174	-0.620715	-0.087177	-0.605979	0.781517	-0.148389
12859		0.155513	-0.064568	-0.985721	-0.781998	-0.617742	-0.082909	-0.603568	0.783725	-0.146559
12860		0.150123	-0.067197	-0.986381	-0.785126	-0.614451	-0.077633	-0.600866	0.786088	-0.145002
12861		0.144050	-0.070613	-0.987048	-0.788056	-0.611465	-0.071265	-0.598513	0.788115	-0.143728
12862		0.137289	-0.074809	-0.987702	-0.790814	-0.608721	-0.063817	-0.596461	0.789850	-0.142731
12863		0.129830	-0.079127	-0.988374	-0.792866	-0.606857	-0.055565	-0.595405	0.790862	-0.141526
12864		0.121589	-0.083431	-0.989068	-0.794083	-0.606029	-0.046499	-0.595524	0.791055	-0.139938
12865		0.112533	-0.087610	-0.989778	-0.794701	-0.605889	-0.036723	-0.596478	0.790711	-0.137806
12866		0.102925	-0.092113	-0.990415	-0.795146	-0.605848	-0.026286	-0.597620	0.790230	-0.135600
12867		0.093044	-0.097054	-0.990920	-0.794934	-0.606504	-0.015238	-0.599519	0.789134	-0.133583
12868		0.082907	-0.102431	-0.991279	-0.795213	-0.606318	-0.003857	-0.600635	0.788598	-0.131723
12869		0.072537	-0.107893	-0.991513	-0.795994	-0.605257	0.007628	-0.600943	0.788685	-0.129786
12870		0.062270	-0.113793	-0.991551	-0.797829	-0.602583	0.019050	-0.599659	0.789902	-0.128310
12871		0.052541	-0.120233	-0.991354	-0.800315	-0.598818	0.030210	-0.597273	0.791809	-0.127687
12872		0.043303	-0.127540	-0.990888	-0.804049	-0.593133	0.041206	-0.592984	0.794938	-0.128233
12873		0.034372	-0.135322	-0.990205	-0.807839	-0.587088	0.052190	-0.588400	0.798133	-0.129498
12874		0.025302	-0.143328	-0.989352	-0.812387	-0.579684	0.063203	-0.582570	0.802137	-0.131105
12875		0.016314	-0.151247	-0.988361	-0.816639	-0.572371	0.074109	-0.576918	0.805925	-0.132852
12876		0.006698	-0.158922	-0.987268	-0.820426	-0.565334	0.085437	-0.571714	0.809408	-0.134170
12877		-0.003684	-0.166420	-0.986048	-0.822389	-0.560479	0.097667	-0.568913	0.811275	-0.134797
12878		-0.014438	-0.174368	-0.984575	-0.821795	-0.558862	0.111026	-0.569600	0.810721	-0.135226
12879		-0.025335	-0.182006	-0.982971	-0.818369	-0.560944	0.124957	-0.574135	0.807598	-0.134737
12880		-0.036839	-0.188978	-0.981290	-0.814138	-0.563757	0.139133	-0.579502	0.804031	-0.133086
12881		-0.049064	-0.194502	-0.979674	-0.808108	-0.568714	0.153382	-0.586988	0.799208	-0.129275
12882		-0.061995	-0.199322	-0.977971	-0.800910	-0.574759	0.167913	-0.595566	0.793677	-0.124007
12883		-0.074565	-0.204235	-0.976078	-0.792647	-0.581792	0.182287	-0.605104	0.787278	-0.118505
12884		-0.086768	-0.209733	-0.973901	-0.785354	-0.587067	0.196397	-0.612936	0.781898	-0.113775
12885		-0.098334	-0.215539	-0.971532	-0.779202	-0.590585	0.209891	-0.619012	0.777658	-0.109873
12886		-0.109966	-0.221779	-0.968876	-0.774744	-0.591518	0.223333	-0.622639	0.775190	-0.106775
12887		-0.121190	-0.228535	-0.965963	-0.771058	-0.591176	0.236602	-0.625126	0.773488	-0.104569
12888		-0.132528	-0.235576	-0.962777	-0.768021	-0.589617	0.249989	-0.626562	0.772564	-0.102787
12889		-0.143992	-0.242174	-0.959488	-0.764332	-0.588628	0.263274	-0.628540	0.771277	-0.100344
12890		-0.155899	-0.248419	-0.956025	-0.760620	-0.587304	0.276643	-0.630201	0.770300	-0.097392
12891		-0.168027	-0.254301	-0.952417	-0.756294	-0.586441	0.290011	-0.632287	0.769037	-0.093788
12892		-0.180379	-0.259821	-0.948661	-0.752073	-0.585164	0.303265	-0.633916	0.768165	-0.089853
12893		-0.192676	-0.265246	-0.944733	-0.747461	-0.584098	0.316436	-0.635750	0.767121	-0.085719
12894		-0.204823	-0.270722	-0.940615	-0.742055	-0.583718	0.329588	-0.638281	0.765495	-0.081332
12895		-0.216713	-0.275926	-0.936429	-0.736044	-0.583950	0.342405	-0.641307	0.763457	-0.076544
12896		-0.228468	-0.280806	-0.932175	-0.729662	-0.584496	0.354906	-0.644512	0.761257	-0.071354
12897		-0.239945	-0.285234	-0.927937	-0.723131	-0.585221	0.366875	-0.647694	0.759050	-0.065841
12898		-0.251071	-0.289249	-0.923741	-0.716791	-0.585781	0.378247	-0.650518	0.757097	-0.060258
12899		-0.261696	-0.292925	-0.919625	-0.711270	-0.585528	0.388911	-0.652388	0.755878	-0.055118
12900		-0.271791	-0.296415	-0.915570	-0.707033	-0.583918	0.398929	-0.652866	0.755763	-0.050871
12901		-0.281383	-0.299693	-0.911596	-0.703776	-0.581332	0.408352	-0.652321	0.756463	-0.047340
12902		-0.290678	-0.302433	-0.907767	-0.700848	-0.578593	0.417185	-0.651397	0.757473	-0.043775
12903		-0.299825	-0.304406	-0.904125	-0.698126	-0.575891	0.425406	-0.650173	0.758740	-0.039847
12904		-0.308296	-0.306021	-0.900725	-0.695462	-0.573527	0.432895	-0.649065	0.759880	-0.036010
12905		-0.316268	-0.307373	-0.897495	-0.693146	-0.571050	0.439830	-0.647706	0.761199	-0.032450
12906		-0.323724	-0.308950	-0.894289	-0.691533	-0.567825	0.446495	-0.645744	0.762971	-0.029831
12907		-0.330990	-0.310833	-0.890971	-0.690158	-0.564166	0.453209	-0.643528	0.764918	-0.027791
12908		-0.338447	-0.312851	-0.887456	-0.687347	-0.561916	0.460222	-0.642656	0.765751	-0.024858
12909		-0.346094	-0.315032	-0.883727	-0.682641	-0.561608	0.467545	-0.643600	0.765083	-0.020684
12910		-0.354261	-0.316984	-0.879784	-0.676867	-0.562235	0.475124	-0.645252	0.763815	-0.015378
12911		-0.363163	-0.318633	-0.875549	-0.670424	-0.563205	0.483044	-0.647028	0.762413	-0.009084
12912		-0.372689	-0.320421	-0.870881	-0.664094	-0.563401	0.491487	-0.648137	0.761518	-0.002816
12913		-0.382821	-0.322506	-0.865701	-0.657800	-0.562804	0.500551	-0.648650	0.761079	0.003309
12914		-0.393461	-0.324944	-0.860000	-0.651795	-0.561109	0.510215	-0.648345	0.761294	0.008977
12915		-0.404380	-0.327833	-0.853816	-0.645147	-0.559468	0.520366	-0.648276	0.761263	0.014738
12916		-0.415333	-0.330901	-0.847350	-0.637530	-0.558570	0.530618	-0.648886	0.760594	0.021033
12917		-0.426092	-0.333891	-0.840810	-0.629236	-0.558389	0.540614	-0.650005	0.759420	0.027829
12918		-0.436682	-0.336512	-0.834307	-0.620541	-0.558780	0.550176	-0.651335	0.757974	0.035189
12919		-0.446890	-0.338934	-0.827897	-0.611943	-0.559236	0.559268	-0.652544	0.756557	0.042509
12920		-0.456837	-0.340782	-0.821686	-0.603276	-0.560141	0.567716	-0.653727	0.755057	0.050308
12921		-0.466754	-0.341538	-0.815778	-0.593738	-0.562625	0.575263	-0.655451	0.752865	0.059823
12922		-0.476530	-0.341447	-0.810144	-0.584033	-0.565835	0.582011	-0.657134	0.750496	0.070221
12923		-0.485794	-0.341084	-0.804777	-0.574540	-0.569266	0.588082	-0.658717	0.748063	0.080580
12924		-0.494804	-0.340599	-0.799476	-0.564781	-0.573156	0.593729	-0.660448	0.745308	0.091236
12925		-0.503501	-0.339889	-0.794331	-0.554347	-0.578100	0.598748	-0.662711	0.741806	0.102658
12926		-0.512172	-0.338811	-0.789232	-0.544337	-0.582742	0.603414	-0.664362	0.738660	0.114037
12927		-0.521011	-0.337470	-0.784004	-0.533626	-0.588101	0.607767	-0.666177	0.735018	0.126324
12928		-0.529416	-0.336422	-0.778806	-0.523578	-0.592754	0.611971	-0.667521	0.731753	0.137671
12929		-0.537851	-0.335266	-0.773507	-0.513430	-0.597467	0.615973	-0.668660	0.728443	0.149212
12930		-0.545878	-0.334326	-0.768273	-0.504193	-0.601266	0.619894	-0.669183	0.725744	0.159653
12931		-0.553254	-0.333563	-0.763312	-0.495969	-0.604307	0.623561	-0.669271	0.723567	0.168899
12932		-0.559983	-0.332739	-0.758751	-0.488567	-0.607007	0.626773	-0.669119	0.721683	0.177348
12933		-0.565910	-0.331864	-0.754727	-0.482411	-0.609067	0.629537	-0.668600	0.720349	0.184582
12934		-0.571053	-0.331030	-0.751211	-0.477507	-0.610408	0.631973	-0.667747	0.719598	0.190506
12935		-0.575749	-0.330106	-0.748026	-0.473122	-0.611640	0.634076	-0.666835	0.718976	0.195971
12936		-0.579996	-0.329223	-0.745129	-0.469544	-0.612353	0.636044	-0.665682	0.718774	0.200577
12937		-0.583838	-0.328324	-0.742520	-0.466882	-0.612445	0.637913	-0.664195	0.719107	0.204280
12938		-0.587621	-0.327048	-0.740095	-0.464277	-0.612834	0.639438	-0.662682	0.719357	0.208273
12939		-0.590907	-0.325678	-0.738080	-0.463324	-0.611960	0.640965	-0.660424	0.720721	0.210717
12940		-0.593997	-0.324065	-0.736308	-0.462448	-0.611380	0.642149	-0.658262	0.721939	0.213295
12941		-0.596499	-0.322410	-0.735011	-0.462172	-0.610726	0.642970	-0.656190	0.723232	0.215289
12942		-0.598809	-0.320879	-0.733802	-0.462031	-0.609988	0.643771	-0.654183	0.724535	0.217011
12943		-0.601087	-0.319221	-0.732661	-0.461982	-0.609277	0.644480	-0.652125	0.725865	0.218754
12944		-0.603515	-0.317295	-0.731501	-0.461246	-0.609409	0.644882	-0.650401	0.726598	0.221437
12945		-0.606014	-0.315194	-0.730342	-0.460303	-0.609850	0.645138	-0.648743	0.727142	0.224493
12946		-0.608687	-0.312920	-0.729096	-0.458651	-0.611062	0.645168	-0.647409	0.727106	0.228425
12947		-0.611452	-0.310656	-0.727750	-0.456489	-0.612746	0.645104	-0.646331	0.726660	0.232854
12948		-0.613944	-0.308575	-0.726536	-0.454714	-0.614102	0.645069	-0.645219	0.726402	0.236711
12949		-0.616024	-0.306950	-0.725463	-0.453269	-0.615093	0.645142	-0.644253	0.726253	0.239781
12950		-0.617940	-0.305588	-0.724408	-0.451921	-0.615901	0.645316	-0.643364	0.726142	0.242488
12951		-0.619511	-0.304673	-0.723451	-0.451293	-0.615844	0.645810	-0.642294	0.726575	0.244025
12952		-0.620900	-0.304095	-0.722502	-0.451621	-0.614580	0.646784	-0.640719	0.727886	0.244257
12953		-0.622223	-0.303865	-0.721460	-0.452227	-0.612746	0.648100	-0.639006	0.729526	0.243849
12954		-0.623494	-0.304067	-0.720276	-0.452714	-0.610696	0.649692	-0.637420	0.731159	0.243110
12955		-0.624700	-0.304829	-0.718908	-0.452664	-0.608813	0.651492	-0.636274	0.732411	0.242341
12956		-0.625749	-0.306079	-0.717463	-0.451948	-0.607404	0.653302	-0.635752	0.733059	0.241751
12957		-0.626742	-0.307665	-0.715917	-0.450526	-0.606552	0.655073	-0.635784	0.733101	0.241540
12958		-0.627753	-0.309546	-0.714218	-0.447860	-0.606829	0.656643	-0.636670	0.732079	0.242305
12959		-0.628822	-0.311741	-0.712320	-0.444036	-0.608061	0.658099	-0.638291	0.730123	0.243938
12960		-0.629927	-0.314230	-0.710247	-0.439769	-0.609455	0.659673	-0.640152	0.727891	0.245724
12961		-0.630966	-0.317103	-0.708045	-0.435432	-0.610597	0.661491	-0.642091	0.725684	0.247189
12962		-0.631948	-0.320285	-0.705733	-0.431337	-0.611194	0.663619	-0.643887	0.723782	0.248092
12963		-0.632702	-0.323875	-0.703416	-0.427632	-0.611163	0.666041	-0.645616	0.722208	0.248184
12964		-0.633164	-0.327929	-0.701117	-0.423759	-0.611140	0.668533	-0.647712	0.720396	0.247989
12965		-0.633283	-0.332522	-0.698843	-0.419487	-0.611354	0.671027	-0.650372	0.718105	0.247671
12966		-0.633097	-0.337694	-0.696527	-0.415073	-0.611420	0.673706	-0.653377	0.715631	0.246921
12967		-0.632503	-0.343421	-0.694264	-0.410891	-0.611052	0.676598	-0.656589	0.713217	0.245383
12968		-0.631573	-0.349605	-0.692020	-0.406513	-0.610719	0.679536	-0.660199	0.710492	0.243595
12969		-0.630018	-0.356420	-0.689958	-0.401990	-0.610483	0.682433	-0.664441	0.707301	0.241338
12970		-0.627569	-0.364093	-0.688181	-0.397586	-0.610099	0.685351	-0.669390	0.703716	0.238121
12971		-0.624543	-0.372322	-0.686529	-0.392956	-0.609865	0.688222	-0.674931	0.699600	0.234580
12972		-0.621170	-0.380899	-0.684882	-0.387692	-0.610141	0.690958	-0.681060	0.694726	0.231330
12973		-0.617471	-0.389858	-0.683184	-0.381807	-0.610808	0.693640	-0.687715	0.689147	0.228306
12974		-0.613504	-0.399125	-0.681405	-0.375928	-0.611221	0.696482	-0.694472	0.683453	0.224944
12975		-0.609514	-0.408479	-0.679439	-0.369723	-0.611666	0.699406	-0.701283	0.677502	0.221795
12976		-0.605404	-0.417994	-0.677324	-0.362894	-0.612431	0.702308	-0.708375	0.670976	0.219081
12977		-0.601035	-0.427750	-0.675120	-0.355871	-0.613125	0.705290	-0.715620	0.664159	0.216286
12978		-0.596650	-0.437639	-0.672667	-0.348712	-0.613554	0.708485	-0.722778	0.657285	0.213467
12979		-0.592098	-0.447786	-0.670006	-0.341934	-0.613259	0.712035	-0.729727	0.650693	0.209996
12980		-0.587096	-0.458340	-0.667265	-0.335980	-0.611967	0.715970	-0.736502	0.644531	0.205291
12981		-0.581831	-0.469033	-0.664440	-0.331509	-0.609245	0.720363	-0.742680	0.639397	0.198990
12982		-0.576106	-0.479937	-0.661636	-0.329358	-0.604536	0.725300	-0.748081	0.635765	0.190206
12983		-0.570008	-0.490954	-0.658828	-0.329184	-0.598221	0.730595	-0.752814	0.633321	0.179377
12984		-0.564063	-0.501784	-0.655778	-0.330482	-0.590610	0.736181	-0.756713	0.631975	0.167310
12985		-0.558371	-0.512354	-0.652468	-0.332990	-0.581936	0.741935	-0.759828	0.631541	0.154328
12986		-0.552449	-0.523045	-0.649018	-0.337327	-0.571726	0.747890	-0.762241	0.632102	0.139413
12987		-0.546232	-0.533867	-0.645458	-0.342791	-0.560620	0.753790	-0.764281	0.633002	0.123224
12988		-0.539587	-0.544740	-0.641953	-0.348038	-0.549961	0.759218	-0.766626	0.633089	0.107162
12989		-0.532835	-0.555579	-0.638293	-0.353275	-0.539368	0.764381	-0.768949	0.632783	0.091122
12990		-0.526248	-0.566219	-0.634397	-0.357710	-0.529423	0.769256	-0.771432	0.631750	0.076065
12991		-0.519645	-0.576710	-0.630376	-0.361827	-0.519840	0.773853	-0.773984	0.630216	0.061463
12992		-0.511991	-0.587562	-0.626607	-0.366620	-0.510221	0.777987	-0.776824	0.628049	0.045816
12993		-0.503451	-0.598672	-0.622999	-0.372285	-0.500375	0.781683	-0.779706	0.625472	0.029038
12994		-0.494196	-0.610106	-0.619307	-0.378272	-0.490496	0.785063	-0.782739	0.622242	0.011615
12995		-0.484461	-0.621788	-0.615368	-0.384429	-0.480553	0.788215	-0.785819	0.618425	-0.006225
12996		-0.474372	-0.633648	-0.611115	-0.390079	-0.471023	0.791186	-0.789183	0.613700	-0.023733
12997		-0.463873	-0.645697	-0.606545	-0.395442	-0.461753	0.793984	-0.792747	0.608161	-0.041141
12998		-0.452816	-0.657901	-0.601767	-0.398716	-0.454263	0.796662	-0.797485	0.600676	-0.056618
12999		-0.441464	-0.669810	-0.597046	-0.398771	-0.449615	0.799267	-0.803798	0.590932	-0.068612
13000		-0.429535	-0.681553	-0.592440	-0.395644	-0.447699	0.801892	-0.811767	0.578836	-0.077351
13001		-0.417369	-0.692864	-0.587998	-0.389478	-0.448221	0.804615	-0.821042	0.564834	-0.082782
13002		-0.405285	-0.703398	-0.583931	-0.381120	-0.450585	0.807292	-0.830958	0.549731	-0.085463
13003		-0.393586	-0.712981	-0.580301	-0.371420	-0.454101	0.809840	-0.840915	0.534276	-0.086088
13004		-0.382329	-0.721837	-0.576868	-0.360325	-0.458410	0.812420	-0.850877	0.518471	-0.084833
13005		-0.371878	-0.729880	-0.573569	-0.346825	-0.463892	0.815179	-0.861057	0.502075	-0.080630
13006		-0.361932	-0.737366	-0.570348	-0.331694	-0.469922	0.818018	-0.871197	0.485248	-0.074500
13007		-0.352388	-0.744343	-0.567253	-0.315819	-0.475993	0.820786	-0.880955	0.468384	-0.067343
13008		-0.343294	-0.750933	-0.564136	-0.300381	-0.481312	0.823475	-0.889899	0.452150	-0.060334
13009		-0.334968	-0.757051	-0.560955	-0.285773	-0.485679	0.826105	-0.897848	0.437025	-0.053658
13010		-0.327303	-0.762917	-0.557522	-0.272191	-0.488890	0.828794	-0.904867	0.423019	-0.047644
13011		-0.320229	-0.768473	-0.553987	-0.259969	-0.491047	0.831438	-0.910972	0.410270	-0.042531
13012		-0.313501	-0.773785	-0.550430	-0.248652	-0.492533	0.834016	-0.916455	0.398331	-0.037993
13013		-0.306976	-0.778855	-0.546947	-0.238517	-0.493394	0.836464	-0.921344	0.387231	-0.034310
13014		-0.300720	-0.783725	-0.543454	-0.229623	-0.493569	0.838846	-0.925657	0.377048	-0.031536
13015		-0.295037	-0.788272	-0.539982	-0.221264	-0.493411	0.841183	-0.929514	0.367658	-0.028841
13016		-0.289842	-0.792617	-0.536422	-0.213599	-0.492773	0.843534	-0.932935	0.359071	-0.026476
13017		-0.285443	-0.796644	-0.532804	-0.205942	-0.491962	0.845908	-0.936008	0.351185	-0.023636
13018		-0.281383	-0.800533	-0.529122	-0.197879	-0.491144	0.848305	-0.938972	0.343400	-0.020209
13019		-0.277486	-0.804251	-0.525530	-0.189164	-0.490566	0.850624	-0.941923	0.335448	-0.016010
13020		-0.273854	-0.807807	-0.521969	-0.180750	-0.489818	0.852882	-0.944634	0.327911	-0.011873
13021		-0.270818	-0.811008	-0.518578	-0.172668	-0.489046	0.854997	-0.947018	0.321090	-0.007592
13022		-0.268097	-0.813877	-0.515488	-0.164530	-0.488535	0.856892	-0.949238	0.314544	-0.002933
13023		-0.265194	-0.816489	-0.512853	-0.156492	-0.488397	0.858474	-0.951411	0.307919	0.001746
13024		-0.262264	-0.818782	-0.510699	-0.148139	-0.488791	0.859732	-0.953558	0.301131	0.006899
13025		-0.259545	-0.820670	-0.509055	-0.140009	-0.489574	0.860648	-0.955528	0.294649	0.012165
13026		-0.257386	-0.822126	-0.507801	-0.132834	-0.490414	0.861307	-0.957135	0.289141	0.017020
13027		-0.256358	-0.823075	-0.506782	-0.126908	-0.491103	0.861808	-0.958215	0.285245	0.021443
13028		-0.256219	-0.823608	-0.505986	-0.120779	-0.492080	0.862131	-0.959043	0.282007	0.026606
13029		-0.256107	-0.823976	-0.505443	-0.113980	-0.493493	0.862249	-0.959905	0.278439	0.032470
13030		-0.256038	-0.824120	-0.505243	-0.106986	-0.495296	0.862112	-0.960728	0.274787	0.038645
13031		-0.256319	-0.824010	-0.505280	-0.100943	-0.497066	0.861821	-0.961307	0.271906	0.044229
13032		-0.256947	-0.823748	-0.505389	-0.094765	-0.498950	0.861434	-0.961768	0.269236	0.050141
13033		-0.257404	-0.823541	-0.505493	-0.089488	-0.500556	0.861066	-0.962151	0.266878	0.055148
13034		-0.257902	-0.823359	-0.505536	-0.084291	-0.502067	0.860711	-0.962487	0.264591	0.060083
13035		-0.258602	-0.823181	-0.505468	-0.079228	-0.503430	0.860396	-0.962729	0.262547	0.064969
13036		-0.259722	-0.822934	-0.505296	-0.073683	-0.504840	0.860063	-0.962868	0.260609	0.070482
13037		-0.260964	-0.822647	-0.505124	-0.067820	-0.506339	0.859663	-0.962963	0.258598	0.076345
13038		-0.262202	-0.822329	-0.505000	-0.062269	-0.507801	0.859221	-0.963002	0.256735	0.081941
13039		-0.263030	-0.822013	-0.505083	-0.057668	-0.509186	0.858722	-0.963063	0.254997	0.086527
13040		-0.263722	-0.821617	-0.505367	-0.054024	-0.510511	0.858172	-0.963085	0.253621	0.090246
13041		-0.264983	-0.820921	-0.505839	-0.051539	-0.511783	0.857567	-0.962875	0.253311	0.093304
13042		-0.266755	-0.819880	-0.506596	-0.050086	-0.513139	0.856843	-0.962462	0.253941	0.095818
13043		-0.268892	-0.818530	-0.507647	-0.049415	-0.514641	0.855981	-0.961902	0.255252	0.097935
13044		-0.271400	-0.816839	-0.509035	-0.048960	-0.516484	0.854896	-0.961220	0.256941	0.100182
13045		-0.274192	-0.814851	-0.510721	-0.048576	-0.518661	0.853599	-0.960447	0.258859	0.102631
13046		-0.277534	-0.812431	-0.512768	-0.047846	-0.521384	0.851979	-0.959524	0.260987	0.105830
13047		-0.281327	-0.809519	-0.515300	-0.046899	-0.524747	0.849965	-0.958465	0.263285	0.109660
13048		-0.285434	-0.806058	-0.518457	-0.045973	-0.528824	0.847486	-0.957295	0.265736	0.113887
13049		-0.289728	-0.802139	-0.522141	-0.044883	-0.533552	0.844575	-0.956056	0.268132	0.118583
13050		-0.294139	-0.797742	-0.526394	-0.043669	-0.538966	0.841195	-0.954765	0.270415	0.123694
13051		-0.298611	-0.792858	-0.531233	-0.042175	-0.545122	0.837295	-0.953443	0.272430	0.129340
13052		-0.303514	-0.787363	-0.536599	-0.041139	-0.551812	0.832953	-0.951938	0.274888	0.135091
13053		-0.308845	-0.781293	-0.542398	-0.040169	-0.559054	0.828157	-0.950264	0.277560	0.141277
13054		-0.314779	-0.774498	-0.548696	-0.039573	-0.566871	0.822855	-0.948340	0.280731	0.147790
13055		-0.321246	-0.767045	-0.555376	-0.039580	-0.575073	0.817144	-0.946168	0.284486	0.154380
13056		-0.327737	-0.759079	-0.562483	-0.040996	-0.583378	0.811165	-0.943879	0.288909	0.160075
13057		-0.334112	-0.750656	-0.569987	-0.044259	-0.591577	0.805033	-0.941494	0.294198	0.164429
13058		-0.340657	-0.741612	-0.577896	-0.048718	-0.599911	0.798582	-0.938924	0.300197	0.168234
13059		-0.347512	-0.731914	-0.586120	-0.053805	-0.608483	0.791741	-0.936131	0.306676	0.172074
13060		-0.354665	-0.721603	-0.594560	-0.059342	-0.617243	0.784531	-0.933108	0.313528	0.176093
13061		-0.361906	-0.710656	-0.603318	-0.064331	-0.626606	0.776676	-0.929992	0.319896	0.181055
13062		-0.368867	-0.698971	-0.612680	-0.069755	-0.636486	0.768127	-0.926861	0.326075	0.186022
13063		-0.375576	-0.686450	-0.622679	-0.076530	-0.646600	0.758981	-0.923626	0.332709	0.190314
13064		-0.382341	-0.672919	-0.633242	-0.082797	-0.657605	0.748799	-0.920304	0.338727	0.195713
13065		-0.389572	-0.658252	-0.644157	-0.086979	-0.669992	0.737255	-0.916880	0.343242	0.203756
13066		-0.397338	-0.642398	-0.655322	-0.089609	-0.683540	0.724392	-0.913287	0.346551	0.214032
13067		-0.405483	-0.625563	-0.666525	-0.092047	-0.697509	0.710640	-0.909456	0.349504	0.225247
13068		-0.413735	-0.607971	-0.677639	-0.093811	-0.711901	0.695986	-0.905551	0.351524	0.237504
13069		-0.422223	-0.589801	-0.688377	-0.093619	-0.726954	0.680275	-0.901645	0.351673	0.251720
13070		-0.431114	-0.570839	-0.698773	-0.092836	-0.742266	0.663644	-0.897509	0.350977	0.267007
13071		-0.439996	-0.551307	-0.708847	-0.093377	-0.756994	0.646715	-0.893132	0.350742	0.281595
13072		-0.448183	-0.531526	-0.718757	-0.096585	-0.770533	0.630040	-0.888709	0.351795	0.294003
13073		-0.456249	-0.511397	-0.728224	-0.101586	-0.783081	0.613567	-0.884034	0.353917	0.305329
13074		-0.464966	-0.490690	-0.736906	-0.105862	-0.795566	0.596547	-0.878977	0.355384	0.317965
13075		-0.473992	-0.469560	-0.744879	-0.110692	-0.807459	0.579446	-0.873544	0.357106	0.330753
13076		-0.482564	-0.448270	-0.752454	-0.118067	-0.817967	0.563018	-0.867867	0.360532	0.341795
13077		-0.490333	-0.427128	-0.759694	-0.126899	-0.827394	0.547097	-0.862247	0.364664	0.351497
13078		-0.497676	-0.405777	-0.766592	-0.137072	-0.835918	0.531462	-0.856463	0.369575	0.360396
13079		-0.505053	-0.383867	-0.773025	-0.148572	-0.843613	0.515988	-0.850205	0.375451	0.369037
13080		-0.512611	-0.361098	-0.778998	-0.160394	-0.851025	0.500031	-0.843507	0.381268	0.378327
13081		-0.520486	-0.337294	-0.784428	-0.172227	-0.858322	0.483344	-0.836321	0.386673	0.388654
13082		-0.528100	-0.312630	-0.789540	-0.184960	-0.865095	0.466262	-0.828795	0.392267	0.399032
13083		-0.535483	-0.287194	-0.794215	-0.197866	-0.871569	0.448572	-0.821040	0.397351	0.409884
13084		-0.542657	-0.260918	-0.798402	-0.211020	-0.877695	0.430258	-0.813015	0.401961	0.421228
13085		-0.549407	-0.234045	-0.802106	-0.226027	-0.882548	0.412336	-0.804402	0.407838	0.431977
13086		-0.555899	-0.206634	-0.805158	-0.242344	-0.886245	0.394764	-0.795139	0.414574	0.442586
13087		-0.562163	-0.179069	-0.807408	-0.259450	-0.888808	0.377765	-0.785276	0.421848	0.453195
13088		-0.567997	-0.151484	-0.808970	-0.277553	-0.890082	0.361550	-0.774819	0.429891	0.463519
13089		-0.573104	-0.123920	-0.810059	-0.296661	-0.890081	0.346045	-0.763900	0.438633	0.473347
13090		-0.577679	-0.095923	-0.810608	-0.317285	-0.888591	0.331264	-0.752075	0.448558	0.482885
13091		-0.581943	-0.067405	-0.810432	-0.338213	-0.886226	0.316568	-0.739564	0.458323	0.492936
13092		-0.585505	-0.038663	-0.809746	-0.358162	-0.883750	0.301174	-0.727258	0.466359	0.503593
13093		-0.588567	-0.009999	-0.808387	-0.377505	-0.880817	0.285747	-0.714898	0.473351	0.514645
13094		-0.590863	0.018211	-0.806567	-0.396414	-0.877289	0.270591	-0.702665	0.479616	0.525576
13095		-0.592878	0.045591	-0.804001	-0.414522	-0.873244	0.256155	-0.690411	0.485145	0.536626
13096		-0.594971	0.072095	-0.800507	-0.431216	-0.869126	0.242224	-0.678279	0.489308	0.548194
13097		-0.597506	0.097447	-0.795922	-0.445882	-0.865361	0.228779	-0.666465	0.491584	0.560508
13098		-0.600262	0.121536	-0.790515	-0.458397	-0.862222	0.215514	-0.655407	0.491735	0.573271
13099		-0.603087	0.144591	-0.784461	-0.469338	-0.859510	0.202399	-0.644987	0.490242	0.586221
13100		-0.605622	0.167097	-0.778011	-0.479804	-0.856667	0.189500	-0.634831	0.488058	0.598990
13101		-0.607717	0.188331	-0.771499	-0.489199	-0.854051	0.176864	-0.625591	0.484900	0.611153
13102		-0.609083	0.208429	-0.765229	-0.499129	-0.850555	0.165611	-0.616351	0.482818	0.622092
13103		-0.609930	0.227104	-0.759216	-0.509612	-0.846086	0.156317	-0.606862	0.482248	0.631788
13104		-0.610280	0.244633	-0.753468	-0.520163	-0.841106	0.148225	-0.597485	0.482385	0.640559
13105		-0.610451	0.260980	-0.747823	-0.529958	-0.836259	0.140764	-0.588637	0.482245	0.648803
13106		-0.610245	0.276312	-0.742464	-0.540045	-0.830789	0.134690	-0.579614	0.483158	0.656206
13107		-0.609946	0.290731	-0.737185	-0.550366	-0.824722	0.130120	-0.570142	0.485088	0.663044
13108		-0.609562	0.304570	-0.731896	-0.560290	-0.818663	0.125962	-0.560811	0.486856	0.669673
13109		-0.609036	0.318124	-0.726548	-0.569953	-0.812573	0.121979	-0.551569	0.488388	0.676202
13110		-0.608110	0.331606	-0.721276	-0.579378	-0.806519	0.117678	-0.542700	0.489453	0.682578
13111		-0.606370	0.344617	-0.716628	-0.589204	-0.799919	0.113880	-0.533999	0.491293	0.688096
13112		-0.604290	0.357560	-0.712028	-0.598354	-0.793753	0.109216	-0.526124	0.492043	0.693605
13113		-0.602106	0.370687	-0.707149	-0.606341	-0.788514	0.102934	-0.519441	0.490751	0.699532
13114		-0.599648	0.383956	-0.702140	-0.613965	-0.783485	0.095906	-0.513292	0.488599	0.705551
13115		-0.596663	0.396585	-0.697649	-0.621840	-0.778006	0.089562	-0.507256	0.487264	0.710820
13116		-0.593331	0.408870	-0.693386	-0.629275	-0.772760	0.082796	-0.501968	0.485456	0.715794
13117		-0.590279	0.420876	-0.688792	-0.635341	-0.768597	0.074834	-0.497907	0.481791	0.721087
13118		-0.587518	0.432543	-0.683907	-0.640623	-0.764969	0.066523	-0.494393	0.477210	0.726530
13119		-0.584581	0.443315	-0.679512	-0.646030	-0.761005	0.059296	-0.490826	0.473649	0.731264
13120		-0.581272	0.453100	-0.675887	-0.652068	-0.756248	0.053815	-0.486755	0.472006	0.735038
13121		-0.577748	0.462111	-0.672800	-0.658391	-0.751045	0.049521	-0.482419	0.471576	0.738165
13122		-0.573905	0.470501	-0.670270	-0.665385	-0.745036	0.046739	-0.477385	0.472811	0.740644
13123		-0.569962	0.478256	-0.668143	-0.672589	-0.738644	0.045033	-0.471982	0.475053	0.742669
