// Start Time: Unknown
// Update Rate: 100.0Hz
// Filter Profile: human (46.1)
// Option Flags: AHS Disabled ICC Disabled 
// Firmware Version: 4.0.2
PacketCounter	SampleTimeFine	Mat[1][1]	Mat[2][1]	Mat[3][1]	Mat[1][2]	Mat[2][2]	Mat[3][2]	Mat[1][3]	Mat[2][3]	Mat[3][3]
10104		0.058019	0.216213	-0.974621	0.519646	-0.840123	-0.155441	-0.852410	-0.497439	-0.161097
10105		0.058032	0.216128	-0.974639	0.519513	-0.840215	-0.155386	-0.852490	-0.497320	-0.161041
10106		0.058000	0.215979	-0.974674	0.519507	-0.840240	-0.155275	-0.852496	-0.497343	-0.160936
10107		0.058083	0.215902	-0.974686	0.519320	-0.840368	-0.155203	-0.852604	-0.497159	-0.160933
10108		0.058148	0.215795	-0.974706	0.518949	-0.840608	-0.155147	-0.852825	-0.496801	-0.160866
10109		0.058260	0.215746	-0.974710	0.518564	-0.840850	-0.155121	-0.853051	-0.496412	-0.160866
10110		0.058342	0.215695	-0.974716	0.518388	-0.840968	-0.155069	-0.853153	-0.496234	-0.160877
10111		0.058447	0.215735	-0.974701	0.518179	-0.841093	-0.155091	-0.853273	-0.496005	-0.160949
10112		0.058489	0.215726	-0.974701	0.518139	-0.841121	-0.155070	-0.853294	-0.495961	-0.160973
10113		0.058566	0.215782	-0.974684	0.517912	-0.841251	-0.155122	-0.853426	-0.495716	-0.161025
10114		0.058694	0.215891	-0.974652	0.517342	-0.841577	-0.155259	-0.853764	-0.495115	-0.161085
10115		0.058799	0.215966	-0.974629	0.516822	-0.841876	-0.155370	-0.854071	-0.494574	-0.161118
10116		0.058901	0.216038	-0.974607	0.516138	-0.842270	-0.155510	-0.854478	-0.493872	-0.161116
10117		0.058978	0.216098	-0.974589	0.515598	-0.842579	-0.155625	-0.854798	-0.493318	-0.161113
10118		0.059053	0.216216	-0.974558	0.514914	-0.842962	-0.155819	-0.855206	-0.492612	-0.161112
10119		0.059089	0.216292	-0.974539	0.514557	-0.843158	-0.155934	-0.855418	-0.492242	-0.161116
10120		0.059083	0.216308	-0.974536	0.514208	-0.843356	-0.156017	-0.855628	-0.491897	-0.161055
10121		0.059200	0.216437	-0.974500	0.513614	-0.843687	-0.156182	-0.855977	-0.491271	-0.161111
10122		0.059382	0.216540	-0.974466	0.513050	-0.844011	-0.156287	-0.856302	-0.490670	-0.161215
10123		0.059547	0.216613	-0.974440	0.512537	-0.844308	-0.156365	-0.856598	-0.490125	-0.161298
10124		0.059545	0.216503	-0.974464	0.512321	-0.844449	-0.156311	-0.856727	-0.489931	-0.161201
10125		0.059581	0.216397	-0.974486	0.512126	-0.844581	-0.156238	-0.856841	-0.489751	-0.161144
10126		0.059568	0.216233	-0.974523	0.512264	-0.844527	-0.156076	-0.856760	-0.489916	-0.161075
10127		0.059589	0.216130	-0.974544	0.512287	-0.844532	-0.155973	-0.856745	-0.489952	-0.161046
10128		0.059577	0.215987	-0.974577	0.512714	-0.844310	-0.155774	-0.856490	-0.490398	-0.161041
10129		0.059645	0.215944	-0.974582	0.512746	-0.844305	-0.155697	-0.856466	-0.490427	-0.161083
10130		0.059748	0.215900	-0.974586	0.512947	-0.844206	-0.155571	-0.856339	-0.490615	-0.161185
10131		0.059861	0.215871	-0.974585	0.512985	-0.844199	-0.155482	-0.856308	-0.490640	-0.161273
10132		0.059981	0.215768	-0.974601	0.513247	-0.844076	-0.155284	-0.856143	-0.490896	-0.161371
10133		0.060048	0.215686	-0.974615	0.513168	-0.844141	-0.155194	-0.856185	-0.490822	-0.161372
10134		0.060103	0.215572	-0.974637	0.513409	-0.844026	-0.155023	-0.856037	-0.491070	-0.161405
10135		0.060248	0.215575	-0.974627	0.513125	-0.844201	-0.155007	-0.856197	-0.490767	-0.161478
10136		0.060474	0.215587	-0.974610	0.512418	-0.844625	-0.155039	-0.856604	-0.490032	-0.161548
10137		0.060534	0.215543	-0.974616	0.512075	-0.844834	-0.155035	-0.856805	-0.489691	-0.161515
10138		0.060387	0.215328	-0.974673	0.512595	-0.844557	-0.154823	-0.856504	-0.490263	-0.161376
10139		0.060421	0.215202	-0.974699	0.512526	-0.844619	-0.154711	-0.856543	-0.490211	-0.161329
10140		0.060517	0.215094	-0.974717	0.513113	-0.844309	-0.154459	-0.856185	-0.490792	-0.161462
10141		0.060715	0.215087	-0.974706	0.513101	-0.844335	-0.154357	-0.856178	-0.490751	-0.161625
10142		0.060841	0.215047	-0.974707	0.513449	-0.844153	-0.154194	-0.855961	-0.491080	-0.161775
10143		0.060903	0.215007	-0.974712	0.513529	-0.844119	-0.154114	-0.855908	-0.491157	-0.161821
10144		0.060858	0.214845	-0.974750	0.514370	-0.843658	-0.153836	-0.855406	-0.492020	-0.161853
10145		0.060846	0.214809	-0.974759	0.514645	-0.843504	-0.153759	-0.855242	-0.492299	-0.161874
10146		0.060886	0.214849	-0.974748	0.514807	-0.843408	-0.153744	-0.855141	-0.492446	-0.161957
10147		0.060962	0.214940	-0.974723	0.515021	-0.843277	-0.153743	-0.855007	-0.492631	-0.162107
10148		0.060996	0.214996	-0.974708	0.515245	-0.843142	-0.153732	-0.854870	-0.492837	-0.162204
10149		0.060984	0.215024	-0.974703	0.515212	-0.843156	-0.153769	-0.854890	-0.492801	-0.162202
10150		0.060973	0.215015	-0.974706	0.515030	-0.843261	-0.153801	-0.855001	-0.492625	-0.162155
10151		0.060903	0.214976	-0.974719	0.515065	-0.843241	-0.153796	-0.854985	-0.492676	-0.162083
10152		0.060870	0.214939	-0.974729	0.515078	-0.843236	-0.153778	-0.854979	-0.492701	-0.162038
10153		0.060991	0.214994	-0.974709	0.514875	-0.843356	-0.153804	-0.855093	-0.492472	-0.162132
10154		0.061149	0.215032	-0.974691	0.515091	-0.843240	-0.153716	-0.854952	-0.492655	-0.162324
10155		0.061207	0.215031	-0.974687	0.515096	-0.843242	-0.153685	-0.854945	-0.492650	-0.162374
10156		0.061132	0.214999	-0.974699	0.515326	-0.843107	-0.153651	-0.854811	-0.492895	-0.162336
10157		0.061058	0.215004	-0.974703	0.515722	-0.842871	-0.153618	-0.854578	-0.493296	-0.162347
10158		0.061026	0.214970	-0.974712	0.516278	-0.842553	-0.153499	-0.854244	-0.493855	-0.162402
10159		0.061063	0.215028	-0.974697	0.516440	-0.842454	-0.153499	-0.854144	-0.493999	-0.162492
10160		0.061028	0.215018	-0.974701	0.517011	-0.842121	-0.153400	-0.853801	-0.494569	-0.162560
10161		0.061053	0.215036	-0.974696	0.517045	-0.842101	-0.153397	-0.853778	-0.494596	-0.162596
10162		0.061114	0.215000	-0.974700	0.516981	-0.842149	-0.153347	-0.853813	-0.494530	-0.162618
10163		0.061154	0.214974	-0.974703	0.517217	-0.842020	-0.153260	-0.853667	-0.494760	-0.162681
10164		0.061231	0.214988	-0.974695	0.517350	-0.841948	-0.153208	-0.853581	-0.494877	-0.162777
10165		0.061286	0.214962	-0.974698	0.517587	-0.841820	-0.153113	-0.853433	-0.495107	-0.162853
10166		0.061302	0.214881	-0.974714	0.518138	-0.841514	-0.152929	-0.853097	-0.495662	-0.162925
10167		0.061234	0.214785	-0.974740	0.518576	-0.841268	-0.152797	-0.852836	-0.496120	-0.162897
10168		0.061118	0.214648	-0.974777	0.519249	-0.840887	-0.152609	-0.852435	-0.496825	-0.162849
10169		0.061034	0.214555	-0.974803	0.519903	-0.840512	-0.152446	-0.852042	-0.497499	-0.162848
10170		0.061001	0.214554	-0.974805	0.520278	-0.840291	-0.152390	-0.851816	-0.497873	-0.162887
10171		0.060950	0.214518	-0.974816	0.520720	-0.840033	-0.152300	-0.851549	-0.498324	-0.162904
10172		0.060858	0.214396	-0.974849	0.521377	-0.839659	-0.152116	-0.851153	-0.499007	-0.162881
10173		0.060848	0.214355	-0.974859	0.521420	-0.839639	-0.152077	-0.851128	-0.499057	-0.162860
10174		0.060887	0.214261	-0.974877	0.521290	-0.839734	-0.152001	-0.851205	-0.498938	-0.162821
10175		0.060908	0.214204	-0.974888	0.521335	-0.839718	-0.151933	-0.851176	-0.498989	-0.162818
10176		0.060894	0.214120	-0.974907	0.522067	-0.839300	-0.151728	-0.850728	-0.499728	-0.162893
10177		0.060968	0.214070	-0.974914	0.522384	-0.839129	-0.151586	-0.850528	-0.500037	-0.162986
10178		0.061156	0.214126	-0.974890	0.522177	-0.839258	-0.151579	-0.850642	-0.499795	-0.163137
10179		0.061240	0.214218	-0.974864	0.522767	-0.838905	-0.151503	-0.850273	-0.500349	-0.163360
10180		0.061427	0.214436	-0.974804	0.523588	-0.838404	-0.151437	-0.849754	-0.501094	-0.163777
10181		0.061593	0.214706	-0.974735	0.524166	-0.838037	-0.151473	-0.849386	-0.501593	-0.164159
10182		0.061648	0.214876	-0.974694	0.524897	-0.837583	-0.151450	-0.848930	-0.502277	-0.164424
10183		0.061640	0.215027	-0.974661	0.525075	-0.837454	-0.151549	-0.848821	-0.502429	-0.164526
10184		0.061557	0.215093	-0.974652	0.525171	-0.837379	-0.151630	-0.848767	-0.502525	-0.164507
10185		0.061457	0.215125	-0.974651	0.524804	-0.837582	-0.151780	-0.849002	-0.502172	-0.164373
10186		0.061351	0.215179	-0.974646	0.524492	-0.837748	-0.151940	-0.849202	-0.501872	-0.164257
10187		0.061179	0.215134	-0.974666	0.524081	-0.837982	-0.152069	-0.849468	-0.501501	-0.164015
10188		0.060898	0.215069	-0.974698	0.524221	-0.837884	-0.152128	-0.849402	-0.501692	-0.163770
10189		0.060818	0.215110	-0.974694	0.524136	-0.837920	-0.152220	-0.849460	-0.501615	-0.163708
10190		0.060818	0.215247	-0.974664	0.524241	-0.837837	-0.152317	-0.849395	-0.501695	-0.163797
10191		0.060833	0.215361	-0.974638	0.524358	-0.837751	-0.152386	-0.849322	-0.501789	-0.163890
10192		0.060868	0.215462	-0.974613	0.524346	-0.837746	-0.152457	-0.849327	-0.501755	-0.163969
10193		0.060856	0.215567	-0.974591	0.524335	-0.837735	-0.152555	-0.849335	-0.501728	-0.164010
10194		0.060784	0.215556	-0.974598	0.524492	-0.837637	-0.152552	-0.849243	-0.501896	-0.163973
10195		0.060750	0.215547	-0.974602	0.524192	-0.837812	-0.152620	-0.849430	-0.501607	-0.163885
10196		0.060718	0.215566	-0.974600	0.523564	-0.838177	-0.152774	-0.849820	-0.500989	-0.163755
10197		0.060585	0.215458	-0.974632	0.523294	-0.838341	-0.152800	-0.849996	-0.500761	-0.163538
10198		0.060513	0.215397	-0.974650	0.522918	-0.838566	-0.152856	-0.850232	-0.500412	-0.163379
10199		0.060692	0.215657	-0.974581	0.522673	-0.838685	-0.153036	-0.850370	-0.500099	-0.163620
10200		0.060962	0.216068	-0.974473	0.522516	-0.838738	-0.153284	-0.850447	-0.499834	-0.164030
10201		0.060914	0.216526	-0.974375	0.522599	-0.838612	-0.153686	-0.850400	-0.499846	-0.164240
10202		0.060483	0.216882	-0.974322	0.523076	-0.838235	-0.154118	-0.850137	-0.500324	-0.164144
10203		0.059872	0.217316	-0.974263	0.523233	-0.838017	-0.154771	-0.850084	-0.500500	-0.163880
10204		0.059141	0.217781	-0.974204	0.522956	-0.838038	-0.155595	-0.850305	-0.500264	-0.163452
10205		0.058284	0.218075	-0.974190	0.521846	-0.838562	-0.156493	-0.851046	-0.499256	-0.162676
10206		0.057353	0.218266	-0.974202	0.520062	-0.839488	-0.157467	-0.852201	-0.497614	-0.161659
10207		0.056499	0.218254	-0.974255	0.517529	-0.840883	-0.158363	-0.853798	-0.495258	-0.160462
10208		0.055789	0.218094	-0.974332	0.514134	-0.842803	-0.159214	-0.855894	-0.492055	-0.159149
10209		0.055157	0.217639	-0.974470	0.510925	-0.844655	-0.159727	-0.857854	-0.489071	-0.157786
10210		0.054649	0.216908	-0.974661	0.508097	-0.846335	-0.159861	-0.859565	-0.486486	-0.156462
10211		0.054418	0.216052	-0.974864	0.505050	-0.848171	-0.159781	-0.861373	-0.483660	-0.155273
10212		0.054037	0.214652	-0.975195	0.502544	-0.849768	-0.159198	-0.862861	-0.481476	-0.153791
10213		0.053843	0.212474	-0.975682	0.499257	-0.851931	-0.157973	-0.864779	-0.478610	-0.151950
10214		0.054394	0.209729	-0.976245	0.494422	-0.855081	-0.156151	-0.867518	-0.474184	-0.150206
10215		0.055720	0.206249	-0.976912	0.488915	-0.858735	-0.153413	-0.870550	-0.469079	-0.148687
10216		0.057829	0.201846	-0.977709	0.483805	-0.862328	-0.149410	-0.873263	-0.464380	-0.147521
10217		0.060679	0.196505	-0.978624	0.479593	-0.865583	-0.144069	-0.875391	-0.460599	-0.146765
10218		0.064061	0.189987	-0.979694	0.476833	-0.868222	-0.137190	-0.876656	-0.458362	-0.146211
10219		0.068097	0.182141	-0.980912	0.476341	-0.869828	-0.128446	-0.876620	-0.458502	-0.145994
10220		0.072904	0.172922	-0.982234	0.478095	-0.870380	-0.117745	-0.875277	-0.461017	-0.146127
10221		0.078200	0.162168	-0.983660	0.483076	-0.869271	-0.104905	-0.872079	-0.466978	-0.146317
10222		0.083553	0.149306	-0.985255	0.491053	-0.866502	-0.089668	-0.867113	-0.476320	-0.145716
10223		0.088212	0.133831	-0.987070	0.501947	-0.861896	-0.072002	-0.860388	-0.489105	-0.143206
10224		0.092368	0.114948	-0.989068	0.512921	-0.856878	-0.051684	-0.853452	-0.502540	-0.138107
10225		0.096681	0.092706	-0.990989	0.522636	-0.852072	-0.028722	-0.847056	-0.515149	-0.130831
10226		0.102759	0.067290	-0.992428	0.528142	-0.849151	-0.002890	-0.842915	-0.523846	-0.122797
10227		0.109609	0.038493	-0.993229	0.529122	-0.848162	0.025521	-0.841437	-0.528337	-0.113334
10228		0.116781	0.006665	-0.993135	0.524008	-0.849876	0.055914	-0.843669	-0.526941	-0.102742
10229		0.124711	-0.025833	-0.991857	0.517251	-0.851379	0.087211	-0.846698	-0.523915	-0.092815
10230		0.134754	-0.058021	-0.989179	0.507759	-0.853210	0.119217	-0.850895	-0.518330	-0.085513
10231		0.147237	-0.088342	-0.985148	0.498021	-0.853916	0.151007	-0.854574	-0.512858	-0.081732
10232		0.161371	-0.117589	-0.979863	0.485793	-0.854791	0.182583	-0.859049	-0.505475	-0.080814
10233		0.176115	-0.143615	-0.973837	0.473704	-0.854852	0.211736	-0.862895	-0.498600	-0.082521
10234		0.189513	-0.166774	-0.967611	0.460334	-0.855363	0.237587	-0.867282	-0.490450	-0.085331
10235		0.201175	-0.186588	-0.961620	0.445881	-0.856651	0.259500	-0.872192	-0.480973	-0.089141
10236		0.212174	-0.203541	-0.955800	0.431421	-0.858087	0.278502	-0.876845	-0.471443	-0.094252
10237		0.219074	-0.218600	-0.950905	0.424253	-0.856286	0.294590	-0.878644	-0.467961	-0.094849
10238		0.221292	-0.231729	-0.947276	0.429167	-0.849099	0.307970	-0.875697	-0.474691	-0.088448
10239		0.225196	-0.240017	-0.944287	0.432018	-0.844099	0.317580	-0.873297	-0.479466	-0.086397
10240		0.225997	-0.246468	-0.942432	0.430580	-0.842546	0.323599	-0.873800	-0.478925	-0.084289
10241		0.223426	-0.250368	-0.942017	0.432167	-0.840818	0.325972	-0.873678	-0.479939	-0.079660
10242		0.218047	-0.251401	-0.943002	0.441143	-0.836515	0.325016	-0.870545	-0.486868	-0.071496
10243		0.210036	-0.249256	-0.945387	0.455444	-0.830688	0.320201	-0.865133	-0.497825	-0.060952
10244		0.201814	-0.242585	-0.948907	0.469107	-0.826542	0.311073	-0.859773	-0.507918	-0.053009
10245		0.193665	-0.231966	-0.953250	0.476929	-0.826846	0.298101	-0.857341	-0.512364	-0.049500
10246		0.186424	-0.217734	-0.958039	0.481518	-0.829736	0.282273	-0.856380	-0.513936	-0.049840
10247		0.180002	-0.200408	-0.963035	0.484879	-0.833742	0.264132	-0.855857	-0.514500	-0.052902
10248		0.174752	-0.180182	-0.967986	0.485378	-0.839593	0.243909	-0.856662	-0.512463	-0.059264
10249		0.170246	-0.157530	-0.972728	0.481650	-0.847881	0.221609	-0.859668	-0.506243	-0.068474
10250		0.166282	-0.132549	-0.977129	0.475413	-0.857375	0.197207	-0.863905	-0.497332	-0.079550
10251		0.163134	-0.105378	-0.980960	0.470117	-0.865843	0.171192	-0.867397	-0.489093	-0.091708
10252		0.158738	-0.077742	-0.984255	0.469950	-0.870773	0.144571	-0.868302	-0.485500	-0.101690
10253		0.151779	-0.050711	-0.987113	0.475488	-0.871786	0.117898	-0.866530	-0.487255	-0.108206
10254		0.142770	-0.024684	-0.989448	0.484585	-0.869933	0.091624	-0.863015	-0.492553	-0.112239
10255		0.131765	-0.000177	-0.991281	0.495362	-0.866176	0.066000	-0.858635	-0.499740	-0.114044
10256		0.120362	0.023218	-0.992459	0.505451	-0.861874	0.041136	-0.854420	-0.506590	-0.115472
10257		0.110183	0.046783	-0.992810	0.516611	-0.856052	0.016995	-0.849101	-0.514769	-0.118491
10258		0.102288	0.071404	-0.992189	0.526021	-0.850443	-0.006974	-0.844298	-0.521199	-0.124550
10259		0.100393	0.098850	-0.990025	0.529169	-0.847950	-0.031004	-0.842556	-0.520779	-0.137436
10260		0.103162	0.123320	-0.986990	0.532992	-0.844652	-0.049826	-0.839808	-0.520918	-0.152864
10261		0.105852	0.141359	-0.984283	0.544733	-0.836349	-0.061532	-0.831902	-0.529658	-0.165532
10262		0.111848	0.158741	-0.980964	0.554469	-0.829174	-0.070959	-0.824654	-0.535978	-0.180758
10263		0.117684	0.171848	-0.978069	0.545581	-0.834143	-0.080914	-0.829754	-0.524094	-0.191922
10264		0.122015	0.175641	-0.976864	0.538614	-0.838408	-0.083471	-0.833671	-0.515967	-0.196901
10265		0.131170	0.175869	-0.975636	0.537317	-0.839661	-0.079118	-0.833118	-0.513847	-0.204635
10266		0.138118	0.171534	-0.975448	0.527533	-0.846294	-0.074126	-0.838232	-0.504343	-0.207378
10267		0.133627	0.159358	-0.978135	0.521562	-0.850554	-0.067319	-0.842684	-0.501162	-0.196772
10268		0.131284	0.145876	-0.980553	0.525985	-0.848659	-0.055831	-0.840300	-0.508426	-0.188144
10269		0.130629	0.132880	-0.982486	0.540813	-0.840108	-0.041719	-0.830938	-0.525892	-0.181606
10270		0.132226	0.121580	-0.983735	0.551871	-0.833431	-0.028826	-0.823380	-0.539083	-0.177298
10271		0.136437	0.113223	-0.984157	0.548766	-0.835735	-0.020070	-0.824767	-0.537334	-0.176158
10272		0.139594	0.106323	-0.984484	0.532959	-0.845994	-0.015796	-0.834547	-0.522484	-0.174762
10273		0.139837	0.099166	-0.985196	0.516759	-0.856035	-0.012818	-0.844634	-0.507316	-0.170951
10274		0.135735	0.089474	-0.986697	0.506468	-0.862217	-0.008514	-0.851508	-0.498575	-0.162348
10275		0.131747	0.075859	-0.988377	0.499075	-0.866559	0.000016	-0.856485	-0.493276	-0.152026
10276		0.131157	0.057422	-0.989697	0.490417	-0.871368	0.014434	-0.861562	-0.487258	-0.142447
10277		0.134302	0.031667	-0.990434	0.480829	-0.876025	0.037191	-0.866468	-0.481224	-0.132878
10278		0.139224	-0.004509	-0.990251	0.473034	-0.878218	0.070505	-0.869974	-0.478238	-0.120137
10279		0.143816	-0.047698	-0.988454	0.468141	-0.876728	0.110419	-0.871872	-0.478616	-0.103758
10280		0.147333	-0.093824	-0.984627	0.466859	-0.871021	0.152857	-0.871972	-0.482203	-0.084528
10281		0.151065	-0.138134	-0.978825	0.461243	-0.865942	0.193389	-0.874319	-0.480691	-0.067100
10282		0.157253	-0.180062	-0.971004	0.448555	-0.862940	0.232666	-0.879812	-0.472136	-0.054932
10283		0.164504	-0.219788	-0.961578	0.432960	-0.859837	0.270603	-0.886276	-0.460840	-0.046287
10284		0.172196	-0.257367	-0.950847	0.412311	-0.857811	0.306854	-0.894622	-0.444884	-0.041597
10285		0.181026	-0.292830	-0.938872	0.391131	-0.854464	0.341918	-0.902356	-0.429117	-0.040145
10286		0.191576	-0.326357	-0.925629	0.370145	-0.849435	0.376101	-0.909006	-0.414669	-0.041932
10287		0.205281	-0.358576	-0.910650	0.351504	-0.841372	0.410534	-0.913403	-0.404372	-0.046677
10288		0.222960	-0.391456	-0.892777	0.337369	-0.828251	0.447417	-0.914588	-0.400951	-0.052601
10289		0.241887	-0.428066	-0.870776	0.332682	-0.806440	0.488852	-0.911490	-0.407938	-0.052658
10290		0.260559	-0.466561	-0.845240	0.332900	-0.778373	0.532272	-0.906249	-0.420068	-0.047494
10291		0.277414	-0.504484	-0.817641	0.340795	-0.744033	0.574695	-0.898276	-0.438076	-0.034479
10292		0.292411	-0.537228	-0.791127	0.364082	-0.702441	0.611573	-0.884274	-0.466866	-0.009806
10293		0.300185	-0.559585	-0.772498	0.395193	-0.664116	0.634643	-0.868165	-0.495797	0.021786
10294		0.296545	-0.580556	-0.758298	0.414355	-0.637172	0.649863	-0.860448	-0.506918	0.051607
10295		0.291796	-0.596779	-0.747469	0.431592	-0.615246	0.659697	-0.853571	-0.515099	0.078039
10296		0.282001	-0.610005	-0.740520	0.443360	-0.601631	0.664433	-0.850827	-0.515688	0.100791
10297		0.269082	-0.619891	-0.737109	0.457762	-0.591049	0.664165	-0.847378	-0.516135	0.124722
10298		0.257249	-0.624444	-0.737491	0.475956	-0.582313	0.659073	-0.841005	-0.520559	0.147408
10299		0.249755	-0.621905	-0.742197	0.490959	-0.579328	0.650645	-0.834615	-0.526890	0.160640
10300		0.245014	-0.613379	-0.750822	0.500955	-0.582942	0.639705	-0.830068	-0.532865	0.164446
10301		0.241058	-0.600155	-0.762696	0.507358	-0.592003	0.626195	-0.827332	-0.537909	0.161786
10302		0.237197	-0.582528	-0.777431	0.510257	-0.606282	0.609967	-0.826665	-0.541372	0.153430
10303		0.232208	-0.561030	-0.794559	0.510511	-0.625029	0.590523	-0.827924	-0.542756	0.141276
10304		0.225402	-0.535957	-0.813599	0.509110	-0.647205	0.567391	-0.830663	-0.542103	0.126980
10305		0.217903	-0.506703	-0.834129	0.506571	-0.671805	0.540430	-0.834209	-0.540306	0.110293
10306		0.211310	-0.473160	-0.855259	0.501312	-0.698695	0.510403	-0.839067	-0.536605	0.089560
10307		0.205426	-0.436741	-0.875818	0.493120	-0.726811	0.478099	-0.845359	-0.530098	0.066060
10308		0.199023	-0.399632	-0.894810	0.483193	-0.754357	0.444376	-0.852593	-0.520806	0.042965
10309		0.192471	-0.362482	-0.911900	0.472474	-0.780240	0.409870	-0.860071	-0.509738	0.021090
10310		0.186772	-0.325233	-0.927006	0.459050	-0.805366	0.375046	-0.868556	-0.495590	-0.001121
10311		0.181655	-0.288199	-0.940182	0.441838	-0.830225	0.339862	-0.878511	-0.477146	-0.023478
10312		0.177618	-0.251139	-0.951515	0.419986	-0.855071	0.304082	-0.889980	-0.453633	-0.046402
10313		0.173583	-0.215545	-0.960942	0.398999	-0.876692	0.268722	-0.900371	-0.430061	-0.066176
10314		0.170363	-0.180457	-0.968717	0.387030	-0.891829	0.234199	-0.906192	-0.414821	-0.082093
10315		0.165484	-0.147604	-0.975104	0.389474	-0.898587	0.202119	-0.906049	-0.413225	-0.091214
10316		0.157600	-0.117119	-0.980533	0.403120	-0.898810	0.172150	-0.901475	-0.422403	-0.094440
10317		0.148424	-0.088540	-0.984952	0.420048	-0.896029	0.143844	-0.895282	-0.435077	-0.095801
10318		0.139088	-0.062390	-0.988313	0.438647	-0.890883	0.117971	-0.887831	-0.449929	-0.096544
10319		0.131347	-0.036859	-0.990651	0.454128	-0.886050	0.093179	-0.881201	-0.462121	-0.099642
10320		0.127353	-0.005884	-0.991840	0.451615	-0.889967	0.063268	-0.883077	-0.455987	-0.110682
10321		0.126159	0.025901	-0.991672	0.441709	-0.896559	0.032777	-0.888244	-0.442166	-0.124550
10322		0.131779	0.061942	-0.989342	0.404689	-0.914448	-0.003349	-0.904910	-0.399934	-0.145572
10323		0.147278	0.099926	-0.984034	0.366290	-0.929659	-0.039583	-0.918771	-0.354612	-0.173520
10324		0.157004	0.131684	-0.978779	0.381975	-0.922038	-0.062778	-0.910738	-0.364013	-0.195064
10325		0.161277	0.153897	-0.974836	0.391343	-0.916762	-0.079985	-0.906002	-0.368596	-0.208080
10326		0.166136	0.162724	-0.972584	0.368937	-0.924917	-0.091727	-0.914486	-0.343583	-0.213697
10327		0.168229	0.156326	-0.973273	0.370879	-0.924834	-0.084440	-0.913317	-0.346762	-0.213562
10328		0.174965	0.142480	-0.974211	0.357600	-0.931099	-0.071951	-0.917338	-0.335789	-0.213860
10329		0.183292	0.127557	-0.974748	0.344880	-0.936869	-0.057749	-0.920577	-0.325586	-0.215712
10330		0.192403	0.117606	-0.974243	0.332970	-0.941719	-0.047922	-0.923099	-0.315174	-0.220349
10331		0.195351	0.112608	-0.974247	0.317339	-0.947203	-0.045851	-0.927973	-0.300209	-0.220772
10332		0.196950	0.114094	-0.973752	0.303501	-0.951513	-0.050102	-0.932254	-0.285667	-0.222028
10333		0.197972	0.121439	-0.972656	0.292244	-0.954479	-0.059687	-0.935628	-0.272436	-0.224450
10334		0.194131	0.131374	-0.972139	0.290315	-0.954294	-0.070988	-0.937033	-0.268446	-0.223398
10335		0.190221	0.143800	-0.971153	0.293407	-0.952330	-0.083543	-0.936872	-0.269051	-0.223345
10336		0.184306	0.158197	-0.970054	0.299509	-0.949061	-0.097868	-0.936123	-0.272503	-0.222299
10337		0.174255	0.172942	-0.969395	0.311043	-0.943720	-0.112450	-0.934285	-0.281928	-0.218240
10338		0.158762	0.184471	-0.969930	0.330997	-0.935484	-0.123741	-0.930181	-0.301398	-0.209579
10339		0.142432	0.191975	-0.971009	0.359295	-0.924125	-0.130003	-0.922291	-0.330362	-0.200601
10340		0.126935	0.194381	-0.972679	0.390817	-0.911088	-0.131071	-0.911674	-0.363502	-0.191616
10341		0.115291	0.190021	-0.974987	0.414513	-0.901191	-0.126623	-0.902711	-0.389546	-0.182665
10342		0.109136	0.179255	-0.977730	0.424375	-0.897864	-0.117243	-0.898885	-0.402129	-0.174061
10343		0.107430	0.162083	-0.980912	0.430626	-0.896858	-0.101032	-0.896114	-0.411552	-0.166147
10344		0.108432	0.136408	-0.984701	0.442374	-0.893682	-0.075087	-0.890251	-0.427464	-0.157247
10345		0.114164	0.101815	-0.988231	0.452070	-0.891104	-0.039584	-0.884646	-0.442231	-0.147760
10346		0.126523	0.059026	-0.990206	0.447466	-0.894293	0.003866	-0.885306	-0.443572	-0.139561
10347		0.146086	0.009758	-0.989224	0.430251	-0.901053	0.054650	-0.890810	-0.433598	-0.135830
10348		0.168069	-0.033575	-0.985203	0.413638	-0.904777	0.101398	-0.894794	-0.424559	-0.138177
10349		0.179432	-0.076058	-0.980826	0.403776	-0.903466	0.143925	-0.897089	-0.421858	-0.131400
10350		0.192529	-0.118666	-0.974090	0.391945	-0.900742	0.187198	-0.899618	-0.417831	-0.126909
10351		0.206407	-0.162325	-0.964908	0.382091	-0.894475	0.232210	-0.900779	-0.416612	-0.122603
10352		0.216607	-0.207602	-0.953930	0.374386	-0.884758	0.277559	-0.901619	-0.417259	-0.113922
10353		0.225334	-0.253697	-0.940671	0.369276	-0.871224	0.323425	-0.901587	-0.420246	-0.102632
10354		0.233877	-0.300907	-0.924531	0.366052	-0.853683	0.370448	-0.900726	-0.425066	-0.089509
10355		0.242474	-0.348960	-0.905225	0.366769	-0.830850	0.418532	-0.898158	-0.433491	-0.073472
10356		0.251102	-0.398898	-0.881946	0.370982	-0.801904	0.468319	-0.894047	-0.444782	-0.053376
10357		0.258516	-0.450596	-0.854478	0.377233	-0.767223	0.518713	-0.889306	-0.456433	-0.028360
10358		0.263709	-0.505002	-0.821846	0.389359	-0.723784	0.569681	-0.882529	-0.470223	0.005759
10359		0.269528	-0.557581	-0.785148	0.398918	-0.677429	0.618025	-0.876481	-0.479785	0.039843
10360		0.274694	-0.608317	-0.744644	0.416272	-0.622862	0.662390	-0.866753	-0.491929	0.082129
10361		0.282205	-0.653069	-0.702753	0.438119	-0.563946	0.700012	-0.853471	-0.505436	0.126974
10362		0.288432	-0.691818	-0.661963	0.451603	-0.511328	0.731163	-0.844312	-0.509835	0.164944
10363		0.289606	-0.723648	-0.626468	0.450464	-0.474452	0.756292	-0.844518	-0.501228	0.188573
10364		0.283821	-0.753305	-0.593277	0.450131	-0.441638	0.776104	-0.846657	-0.487327	0.213740
10365		0.272715	-0.780115	-0.563070	0.459149	-0.408774	0.788725	-0.845464	-0.473630	0.246710
10366		0.255174	-0.804456	-0.536411	0.477528	-0.377543	0.793365	-0.840745	-0.458598	0.287811
10367		0.237012	-0.824973	-0.513074	0.504427	-0.346854	0.790725	-0.830288	-0.446220	0.333931
10368		0.221404	-0.841255	-0.493224	0.531985	-0.319695	0.784083	-0.817296	-0.435987	0.376754
10369		0.208789	-0.853350	-0.477704	0.554501	-0.299063	0.776589	-0.805565	-0.427031	0.410743
10370		0.200781	-0.860574	-0.468080	0.569735	-0.286115	0.770415	-0.796924	-0.421367	0.432853
10371		0.196591	-0.863747	-0.463997	0.577632	-0.280362	0.766641	-0.792271	-0.418735	0.443811
10372		0.196478	-0.862955	-0.465516	0.580165	-0.280423	0.764703	-0.790446	-0.420323	0.445560
10373		0.199063	-0.858674	-0.472285	0.578821	-0.285865	0.763706	-0.790784	-0.425394	0.440114
10374		0.202401	-0.851703	-0.483359	0.574669	-0.296362	0.762840	-0.792962	-0.432171	0.429463
10375		0.205165	-0.842372	-0.498313	0.569090	-0.311552	0.760968	-0.796268	-0.439709	0.415466
10376		0.206928	-0.830245	-0.517566	0.562555	-0.331846	0.757239	-0.800445	-0.447853	0.398390
10377		0.206166	-0.815473	-0.540832	0.557118	-0.356555	0.749992	-0.804434	-0.455930	0.380805
10378		0.202637	-0.798333	-0.567100	0.554221	-0.383943	0.738530	-0.807327	-0.463952	0.364652
10379		0.198301	-0.777733	-0.596497	0.553766	-0.413241	0.722893	-0.808715	-0.473670	0.348736
10380		0.193535	-0.753085	-0.628815	0.554961	-0.444507	0.703158	-0.809050	-0.485054	0.331905
10381		0.187498	-0.724642	-0.663127	0.556026	-0.478227	0.679805	-0.809741	-0.496178	0.313253
10382		0.180286	-0.692554	-0.698474	0.555058	-0.514612	0.653518	-0.812039	-0.505513	0.291630
10383		0.173771	-0.656337	-0.734184	0.548973	-0.554381	0.625533	-0.817577	-0.511746	0.263975
10384		0.168057	-0.616569	-0.769155	0.536765	-0.597205	0.596012	-0.826826	-0.513019	0.230588
10385		0.162110	-0.575028	-0.801912	0.519299	-0.641311	0.564844	-0.839076	-0.507999	0.194649
10386		0.156432	-0.532398	-0.831914	0.497997	-0.684867	0.531936	-0.852952	-0.497502	0.157998
10387		0.153283	-0.488410	-0.859046	0.471724	-0.727710	0.497911	-0.868321	-0.481554	0.118849
10388		0.151870	-0.444970	-0.882574	0.442960	-0.767599	0.463226	-0.883585	-0.461295	0.080529
10389		0.151848	-0.403872	-0.902125	0.414815	-0.802400	0.429049	-0.897146	-0.439365	0.045690
10390		0.152948	-0.366227	-0.917869	0.388052	-0.831938	0.396604	-0.908858	-0.416841	0.014872
10391		0.153940	-0.332671	-0.930394	0.365591	-0.855615	0.366423	-0.917957	-0.396551	-0.010092
10392		0.152119	-0.303295	-0.940676	0.349482	-0.873761	0.338236	-0.924512	-0.380201	-0.026919
10393		0.150041	-0.276514	-0.949225	0.341676	-0.886436	0.312231	-0.927763	-0.371175	-0.038524
10394		0.147447	-0.251387	-0.956590	0.341773	-0.894635	0.287785	-0.928144	-0.369370	-0.045994
10395		0.143835	-0.227968	-0.962986	0.349653	-0.898632	0.264959	-0.925772	-0.374821	-0.049544
10396		0.139936	-0.205263	-0.968651	0.360011	-0.900776	0.242889	-0.922394	-0.382714	-0.052154
10397		0.136204	-0.182053	-0.973810	0.368287	-0.903218	0.220367	-0.919681	-0.388656	-0.055974
10398		0.133077	-0.158240	-0.978392	0.374262	-0.906059	0.197447	-0.917724	-0.392451	-0.061353
10399		0.131356	-0.133305	-0.982332	0.377249	-0.909641	0.173885	-0.916749	-0.393424	-0.069198
10400		0.133389	-0.106151	-0.985362	0.372204	-0.916101	0.149076	-0.918516	-0.386641	-0.082688
10401		0.137509	-0.078902	-0.987353	0.352600	-0.927624	0.123236	-0.925616	-0.365087	-0.099735
10402		0.143533	-0.052925	-0.988229	0.320052	-0.942426	0.096957	-0.936464	-0.330201	-0.118330
10403		0.153144	-0.027843	-0.987812	0.273485	-0.959366	0.069440	-0.949607	-0.280786	-0.139306
10404		0.168947	-0.004116	-0.985617	0.233569	-0.971340	0.044093	-0.957550	-0.237659	-0.163143
10405		0.181684	0.012401	-0.983279	0.224981	-0.973923	0.029288	-0.957275	-0.226540	-0.179736
10406		0.184357	0.020567	-0.982644	0.221004	-0.975046	0.021055	-0.957690	-0.221050	-0.184302
10407		0.190738	0.019934	-0.981439	0.205995	-0.978345	0.020163	-0.959784	-0.206017	-0.190714
10408		0.191528	0.012315	-0.981410	0.198527	-0.979738	0.026450	-0.961199	-0.199902	-0.190092
10409		0.195049	-0.001677	-0.980792	0.188376	-0.981317	0.039141	-0.962533	-0.192392	-0.191089
10410		0.200213	-0.019871	-0.979551	0.168959	-0.984115	0.054498	-0.965074	-0.176416	-0.193675
10411		0.207404	-0.040109	-0.977433	0.148251	-0.986330	0.071932	-0.966957	-0.159824	-0.198622
10412		0.213571	-0.059746	-0.975099	0.131829	-0.987236	0.089363	-0.967992	-0.147631	-0.202969
10413		0.218305	-0.076809	-0.972853	0.118458	-0.987440	0.104542	-0.968664	-0.138064	-0.206464
10414		0.222375	-0.089448	-0.970849	0.108245	-0.987361	0.115763	-0.968934	-0.130832	-0.209882
10415		0.226065	-0.097961	-0.969174	0.102071	-0.987071	0.123579	-0.968750	-0.126861	-0.213144
10416		0.229378	-0.103004	-0.967872	0.099755	-0.986661	0.128645	-0.968212	-0.126059	-0.216044
10417		0.232235	-0.103954	-0.967089	0.096584	-0.986894	0.129277	-0.967852	-0.123428	-0.219151
10418		0.234480	-0.101218	-0.966837	0.096583	-0.987218	0.126775	-0.967311	-0.123106	-0.221707
10419		0.236486	-0.095530	-0.966927	0.099687	-0.987518	0.121945	-0.966508	-0.125228	-0.224011
10420		0.237651	-0.087677	-0.967385	0.107598	-0.987413	0.115925	-0.965373	-0.131639	-0.225226
10421		0.236376	-0.078129	-0.968516	0.121628	-0.986543	0.109268	-0.964019	-0.143627	-0.223692
10422		0.232223	-0.067579	-0.970312	0.140809	-0.984739	0.102283	-0.962416	-0.160381	-0.219163
10423		0.226608	-0.055935	-0.972379	0.160391	-0.982577	0.093900	-0.960689	-0.177239	-0.213688
10424		0.220475	-0.042514	-0.974466	0.179125	-0.980294	0.083296	-0.958804	-0.192916	-0.208515
10425		0.213499	-0.026684	-0.976579	0.195915	-0.978151	0.069557	-0.957098	-0.206177	-0.203606
10426		0.205185	-0.008178	-0.978689	0.211262	-0.976021	0.052447	-0.955650	-0.217521	-0.198537
10427		0.196037	0.013513	-0.980503	0.225585	-0.973708	0.031683	-0.954296	-0.227398	-0.193931
10428		0.186384	0.038872	-0.981708	0.238984	-0.970999	0.006925	-0.952968	-0.235903	-0.190268
10429		0.176360	0.067401	-0.982015	0.250583	-0.967858	-0.021427	-0.951895	-0.242298	-0.187581
10430		0.163432	0.097097	-0.981765	0.262842	-0.963462	-0.051532	-0.950897	-0.249627	-0.182981
10431		0.145005	0.124166	-0.981609	0.280254	-0.956619	-0.079605	-0.948910	-0.263557	-0.173513
10432		0.122503	0.144869	-0.981838	0.303672	-0.947313	-0.101886	-0.944868	-0.285676	-0.160042
10433		0.101286	0.156786	-0.982425	0.333474	-0.935725	-0.114952	-0.937303	-0.315970	-0.147060
10434		0.081283	0.157823	-0.984116	0.372591	-0.920608	-0.116864	-0.924429	-0.357174	-0.133633
10435		0.066256	0.150090	-0.986450	0.404646	-0.907720	-0.110933	-0.912070	-0.391813	-0.120875
10436		0.060347	0.135232	-0.988975	0.421738	-0.901457	-0.097530	-0.904707	-0.411202	-0.111432
10437		0.062276	0.112359	-0.991714	0.436310	-0.896732	-0.074199	-0.897639	-0.428074	-0.104868
10438		0.068906	0.080015	-0.994409	0.447880	-0.893161	-0.040833	-0.891434	-0.442563	-0.097381
10439		0.082217	0.039281	-0.995840	0.452074	-0.891978	0.002139	-0.888183	-0.450369	-0.091094
10440		0.102672	-0.008714	-0.994677	0.446461	-0.893178	0.053909	-0.888893	-0.449619	-0.087813
10441		0.125634	-0.055616	-0.990517	0.428843	-0.897283	0.104774	-0.894601	-0.437939	-0.088879
10442		0.144527	-0.099206	-0.984515	0.406029	-0.901393	0.150435	-0.902360	-0.421483	-0.089995
10443		0.160646	-0.140801	-0.976917	0.385416	-0.902244	0.193417	-0.908651	-0.407592	-0.090675
10444		0.177279	-0.182351	-0.967120	0.364453	-0.900656	0.236626	-0.914191	-0.394419	-0.093209
10445		0.193484	-0.225953	-0.954730	0.348306	-0.893911	0.282146	-0.917195	-0.387129	-0.094257
10446		0.207639	-0.270880	-0.939952	0.340903	-0.880617	0.329087	-0.916881	-0.388764	-0.090506
10447		0.219115	-0.316586	-0.922909	0.338722	-0.862385	0.376243	-0.915017	-0.395051	-0.081727
10448		0.228517	-0.362936	-0.903359	0.342488	-0.838627	0.423565	-0.911308	-0.406181	-0.067339
10449		0.235893	-0.409762	-0.881164	0.346220	-0.811816	0.470198	-0.908012	-0.415993	-0.049634
10450		0.241470	-0.456264	-0.856455	0.349946	-0.782245	0.515394	-0.905113	-0.424165	-0.029221
10451		0.241978	-0.503100	-0.829661	0.360336	-0.747325	0.558268	-0.900891	-0.434045	0.000449
10452		0.238730	-0.551453	-0.799317	0.385938	-0.701440	0.599195	-0.891101	-0.451532	0.045372
10453		0.233454	-0.600507	-0.764782	0.417152	-0.648609	0.636625	-0.878342	-0.467652	0.099082
10454		0.222483	-0.652826	-0.724099	0.465413	-0.581503	0.667267	-0.856675	-0.485461	0.174459
10455		0.207765	-0.706419	-0.676613	0.525305	-0.502924	0.686383	-0.825159	-0.498035	0.266596
10456		0.197591	-0.756384	-0.623571	0.566832	-0.430829	0.702202	-0.799787	-0.492209	0.343615
10457		0.187255	-0.802486	-0.566526	0.587850	-0.370511	0.719134	-0.786999	-0.467694	0.402362
10458		0.181987	-0.838795	-0.513131	0.604145	-0.316350	0.731390	-0.775816	-0.443109	0.449182
10459		0.176652	-0.865512	-0.468704	0.618930	-0.272586	0.736629	-0.765323	-0.420222	0.487539
10460		0.165649	-0.886694	-0.431665	0.635626	-0.238671	0.734177	-0.754016	-0.395993	0.524069
10461		0.153521	-0.903698	-0.399701	0.652956	-0.210828	0.727461	-0.741674	-0.372668	0.557709
10462		0.143137	-0.917389	-0.371362	0.668343	-0.187149	0.719926	-0.729952	-0.351245	0.586342
10463		0.136537	-0.927308	-0.348506	0.679767	-0.168205	0.713879	-0.720607	-0.334374	0.607388
10464		0.136394	-0.932801	-0.333585	0.682681	-0.155509	0.713978	-0.717874	-0.325114	0.615595
10465		0.141383	-0.935426	-0.324019	0.678012	-0.146992	0.720204	-0.721326	-0.321514	0.613448
10466		0.149648	-0.936414	-0.317386	0.668685	-0.140606	0.730130	-0.728331	-0.321494	0.605125
10467		0.163509	-0.934764	-0.315407	0.655892	-0.135817	0.742536	-0.736933	-0.328284	0.590897
10468		0.180358	-0.930990	-0.317377	0.640093	-0.133903	0.756539	-0.746828	-0.339599	0.571770
10469		0.193735	-0.927472	-0.319784	0.624154	-0.134960	0.769557	-0.756900	-0.348685	0.552739
10470		0.199690	-0.926017	-0.320339	0.611857	-0.137512	0.778923	-0.765346	-0.351545	0.539130
10471		0.201498	-0.925309	-0.321250	0.607196	-0.139353	0.782236	-0.768578	-0.352681	0.533764
10472		0.201280	-0.924483	-0.323755	0.612764	-0.139023	0.777941	-0.764203	-0.354970	0.538508
10473		0.201257	-0.922530	-0.329292	0.622283	-0.139205	0.770316	-0.756479	-0.359944	0.546059
10474		0.203505	-0.918528	-0.338957	0.631466	-0.141436	0.762395	-0.748222	-0.369191	0.551236
10475		0.205169	-0.913523	-0.351257	0.642820	-0.144854	0.752197	-0.738030	-0.380122	0.557511
10476		0.204923	-0.907825	-0.365870	0.655911	-0.150082	0.739768	-0.726490	-0.391573	0.564697
10477		0.204397	-0.900341	-0.384198	0.667813	-0.158711	0.727211	-0.715714	-0.405212	0.568820
10478		0.204768	-0.889954	-0.407495	0.676083	-0.172451	0.716360	-0.707801	-0.422188	0.566370
10479		0.206176	-0.875999	-0.436024	0.679415	-0.192519	0.708048	-0.704193	-0.442224	0.555474
10480		0.207907	-0.858754	-0.468312	0.677640	-0.218815	0.702085	-0.705392	-0.463316	0.536433
10481		0.209988	-0.837846	-0.503904	0.671319	-0.251138	0.697324	-0.710800	-0.484710	0.509725
10482		0.211890	-0.813467	-0.541641	0.662237	-0.288069	0.691706	-0.718710	-0.505260	0.477669
10483		0.213601	-0.785423	-0.580935	0.651654	-0.328477	0.683704	-0.727820	-0.524608	0.441661
10484		0.215989	-0.752553	-0.622103	0.639299	-0.372580	0.672667	-0.738001	-0.542999	0.400633
10485		0.218407	-0.715117	-0.664007	0.623790	-0.420962	0.658542	-0.750456	-0.558031	0.354142
10486		0.217477	-0.676229	-0.703859	0.606086	-0.471692	0.640442	-0.765090	-0.565881	0.307272
10487		0.210716	-0.639335	-0.739492	0.588195	-0.521290	0.618291	-0.780785	-0.565250	0.266210
10488		0.202803	-0.601944	-0.772356	0.570473	-0.568444	0.592817	-0.795884	-0.560834	0.228110
10489		0.194426	-0.563738	-0.802744	0.549777	-0.615118	0.565132	-0.812369	-0.551207	0.190335
10490		0.184217	-0.525794	-0.830424	0.528698	-0.659234	0.534686	-0.828579	-0.537542	0.156544
10491		0.175591	-0.486459	-0.855877	0.506989	-0.700549	0.502188	-0.843878	-0.522100	0.123620
10492		0.172078	-0.444763	-0.878963	0.478238	-0.742349	0.469262	-0.861207	-0.501103	0.084961
10493		0.172395	-0.402738	-0.898934	0.444002	-0.782858	0.435884	-0.879285	-0.474273	0.043856
10494		0.171169	-0.364233	-0.915443	0.413867	-0.816621	0.402299	-0.894100	-0.447733	0.010964
10495		0.167454	-0.331023	-0.928646	0.394193	-0.840893	0.370824	-0.903643	-0.428162	-0.010324
10496		0.162726	-0.302833	-0.939049	0.382800	-0.857809	0.342969	-0.909387	-0.415278	-0.023664
10497		0.161840	-0.278273	-0.946769	0.373190	-0.870906	0.319769	-0.913530	-0.405076	-0.037099
10498		0.163605	-0.257099	-0.952436	0.371603	-0.878273	0.300912	-0.913862	-0.403159	-0.048151
10499		0.167211	-0.237229	-0.956955	0.374069	-0.882780	0.284203	-0.912202	-0.405489	-0.058870
10500		0.169812	-0.218249	-0.961005	0.379690	-0.885393	0.268169	-0.909395	-0.410422	-0.067483
10501		0.168139	-0.200978	-0.965058	0.394319	-0.883546	0.252703	-0.903461	-0.423030	-0.069309
10502		0.163550	-0.183012	-0.969411	0.415531	-0.878444	0.235943	-0.894754	-0.441409	-0.067622
10503		0.158155	-0.164469	-0.973621	0.440720	-0.870606	0.218658	-0.883602	-0.463676	-0.065206
10504		0.153921	-0.143397	-0.977622	0.455928	-0.867478	0.199025	-0.876606	-0.476360	-0.068145
10505		0.152586	-0.119728	-0.981011	0.456752	-0.871720	0.177432	-0.876410	-0.475152	-0.078327
10506		0.152556	-0.094587	-0.983758	0.438674	-0.885497	0.153167	-0.885602	-0.454916	-0.093595
10507		0.156721	-0.068578	-0.985259	0.395883	-0.909577	0.126282	-0.904829	-0.409838	-0.115401
10508		0.166559	-0.041916	-0.985140	0.347142	-0.932639	0.098374	-0.922903	-0.358369	-0.140788
10509		0.172748	-0.024581	-0.984659	0.341410	-0.936219	0.083268	-0.923903	-0.350557	-0.153338
10510		0.176390	-0.014312	-0.984216	0.329285	-0.941427	0.072704	-0.927609	-0.336912	-0.161346
10511		0.187543	-0.008408	-0.982220	0.290328	-0.954811	0.063608	-0.938370	-0.297095	-0.176627
10512		0.198876	-0.010735	-0.979966	0.263605	-0.962502	0.064041	-0.943907	-0.271060	-0.188589
10513		0.215155	-0.023706	-0.976292	0.249057	-0.965316	0.078327	-0.944287	-0.260005	-0.201788
10514		0.231895	-0.044776	-0.971710	0.229351	-0.968260	0.099351	-0.945316	-0.245902	-0.214265
10515		0.245844	-0.069436	-0.966819	0.214602	-0.968780	0.124146	-0.945255	-0.238001	-0.223268
10516		0.259486	-0.092680	-0.961289	0.198761	-0.968950	0.147071	-0.945072	-0.229230	-0.233008
10517		0.269690	-0.114528	-0.956112	0.191930	-0.966587	0.169921	-0.943626	-0.229333	-0.238697
10518		0.278248	-0.134720	-0.951015	0.190045	-0.962819	0.191996	-0.941521	-0.234158	-0.242299
10519		0.282222	-0.153916	-0.946922	0.197149	-0.956674	0.214260	-0.938873	-0.247154	-0.239650
10520		0.282262	-0.170190	-0.944120	0.207051	-0.950136	0.233176	-0.936727	-0.261298	-0.232950
10521		0.279599	-0.182015	-0.942706	0.219431	-0.943765	0.247301	-0.934705	-0.276004	-0.223936
10522		0.276851	-0.187202	-0.942501	0.225742	-0.940719	0.253158	-0.934020	-0.282849	-0.218180
10523		0.274436	-0.184760	-0.943689	0.226967	-0.941195	0.250276	-0.934436	-0.282871	-0.216364
10524		0.273515	-0.174319	-0.945940	0.222320	-0.945354	0.238494	-0.935822	-0.275533	-0.219814
10525		0.274002	-0.157979	-0.948665	0.214258	-0.951598	0.220351	-0.937559	-0.263636	-0.226891
10526		0.275939	-0.138598	-0.951130	0.205530	-0.958153	0.199249	-0.938944	-0.250466	-0.235905
