// Start Time: Unknown
// Update Rate: 100.0Hz
// Filter Profile: human (46.1)
// Option Flags: AHS Disabled ICC Disabled 
// Firmware Version: 4.0.2
PacketCounter	SampleTimeFine	Mat[1][1]	Mat[2][1]	Mat[3][1]	Mat[1][2]	Mat[2][2]	Mat[3][2]	Mat[1][3]	Mat[2][3]	Mat[3][3]
10104		-0.002830	0.059301	-0.998236	0.076931	0.995295	0.058909	0.997032	-0.076629	-0.007379
10105		-0.002828	0.059361	-0.998233	0.076982	0.995287	0.058967	0.997028	-0.076679	-0.007385
10106		-0.002823	0.059504	-0.998224	0.077381	0.995248	0.059107	0.996998	-0.077077	-0.007414
10107		-0.002769	0.059606	-0.998218	0.077220	0.995254	0.059215	0.997010	-0.076918	-0.007359
10108		-0.002777	0.059722	-0.998211	0.077103	0.995256	0.059331	0.997019	-0.076800	-0.007368
10109		-0.002821	0.059793	-0.998207	0.076931	0.995265	0.059399	0.997032	-0.076626	-0.007408
10110		-0.002930	0.059982	-0.998195	0.077580	0.995205	0.059574	0.996982	-0.077265	-0.007569
10111		-0.003016	0.060088	-0.998189	0.077702	0.995189	0.059673	0.996972	-0.077381	-0.007671
10112		-0.003091	0.060154	-0.998184	0.077789	0.995179	0.059732	0.996965	-0.077463	-0.007755
10113		-0.003153	0.060220	-0.998180	0.078036	0.995156	0.059791	0.996946	-0.077706	-0.007837
10114		-0.003196	0.060367	-0.998171	0.078674	0.995097	0.059929	0.996895	-0.078338	-0.007930
10115		-0.003186	0.060445	-0.998166	0.078875	0.995077	0.060006	0.996879	-0.078539	-0.007938
10116		-0.003141	0.060341	-0.998173	0.077759	0.995170	0.059915	0.996967	-0.077428	-0.007818
10117		-0.003160	0.060455	-0.998166	0.077742	0.995165	0.060027	0.996968	-0.077410	-0.007845
10118		-0.003238	0.060509	-0.998162	0.077356	0.995192	0.060078	0.996998	-0.077019	-0.007903
10119		-0.003318	0.060568	-0.998159	0.077386	0.995186	0.060130	0.996996	-0.077044	-0.007989
10120		-0.003357	0.060531	-0.998161	0.077473	0.995182	0.060090	0.996989	-0.077129	-0.008030
10121		-0.003429	0.060535	-0.998160	0.077591	0.995173	0.060088	0.996979	-0.077242	-0.008110
10122		-0.003478	0.060544	-0.998159	0.077967	0.995143	0.060089	0.996950	-0.077614	-0.008181
10123		-0.003500	0.060535	-0.998160	0.078251	0.995122	0.060076	0.996928	-0.077897	-0.008219
10124		-0.003505	0.060581	-0.998157	0.078475	0.995102	0.060120	0.996910	-0.078119	-0.008242
10125		-0.003491	0.060578	-0.998157	0.078735	0.995081	0.060116	0.996889	-0.078381	-0.008244
10126		-0.003459	0.060522	-0.998161	0.078444	0.995107	0.060065	0.996913	-0.078092	-0.008190
10127		-0.003455	0.060524	-0.998161	0.078491	0.995104	0.060067	0.996909	-0.078139	-0.008188
10128		-0.003465	0.060486	-0.998163	0.078197	0.995129	0.060030	0.996932	-0.077846	-0.008178
10129		-0.003468	0.060536	-0.998160	0.078172	0.995128	0.060081	0.996934	-0.077820	-0.008183
10130		-0.003479	0.060555	-0.998159	0.078163	0.995128	0.060099	0.996935	-0.077810	-0.008195
10131		-0.003455	0.060626	-0.998155	0.078194	0.995121	0.060171	0.996932	-0.077842	-0.008179
10132		-0.003432	0.060712	-0.998149	0.078489	0.995092	0.060256	0.996909	-0.078137	-0.008181
10133		-0.003420	0.060744	-0.998148	0.078653	0.995077	0.060287	0.996896	-0.078301	-0.008181
10134		-0.003362	0.060754	-0.998147	0.078525	0.995087	0.060303	0.996907	-0.078176	-0.008116
10135		-0.003340	0.060758	-0.998147	0.078641	0.995077	0.060308	0.996897	-0.078294	-0.008101
10136		-0.003324	0.060612	-0.998156	0.077992	0.995137	0.060169	0.996948	-0.077649	-0.008035
10137		-0.003348	0.060644	-0.998154	0.078001	0.995134	0.060199	0.996948	-0.077655	-0.008062
10138		-0.003364	0.060636	-0.998154	0.077841	0.995147	0.060191	0.996960	-0.077495	-0.008067
10139		-0.003284	0.060669	-0.998153	0.077883	0.995141	0.060230	0.996957	-0.077541	-0.007993
10140		-0.003279	0.060719	-0.998149	0.078252	0.995110	0.060277	0.996928	-0.077909	-0.008014
10141		-0.003276	0.060767	-0.998147	0.078495	0.995088	0.060323	0.996909	-0.078152	-0.008030
10142		-0.003246	0.060752	-0.998148	0.078303	0.995104	0.060312	0.996924	-0.077962	-0.007987
10143		-0.003237	0.060757	-0.998147	0.078440	0.995093	0.060316	0.996914	-0.078099	-0.007987
10144		-0.003258	0.060787	-0.998145	0.078927	0.995052	0.060341	0.996875	-0.078584	-0.008040
10145		-0.003252	0.060839	-0.998142	0.078773	0.995061	0.060395	0.996887	-0.078431	-0.008028
10146		-0.003212	0.060938	-0.998136	0.078725	0.995059	0.060497	0.996891	-0.078384	-0.007993
10147		-0.003259	0.060965	-0.998135	0.078573	0.995070	0.060521	0.996903	-0.078229	-0.008033
10148		-0.003252	0.060962	-0.998135	0.078324	0.995089	0.060521	0.996923	-0.077981	-0.008011
10149		-0.003274	0.060954	-0.998135	0.078444	0.995080	0.060510	0.996913	-0.078100	-0.008040
10150		-0.003308	0.060860	-0.998141	0.078273	0.995100	0.060415	0.996926	-0.077927	-0.008055
10151		-0.003303	0.060873	-0.998140	0.078449	0.995085	0.060427	0.996913	-0.078103	-0.008063
10152		-0.003283	0.060947	-0.998136	0.079066	0.995032	0.060497	0.996864	-0.078720	-0.008086
10153		-0.003224	0.060928	-0.998137	0.079075	0.995032	0.060483	0.996863	-0.078733	-0.008026
10154		-0.003186	0.060907	-0.998138	0.078591	0.995071	0.060469	0.996902	-0.078252	-0.007957
10155		-0.003182	0.060898	-0.998139	0.078506	0.995079	0.060461	0.996909	-0.078167	-0.007947
10156		-0.003140	0.060883	-0.998140	0.078179	0.995105	0.060452	0.996934	-0.077844	-0.007884
10157		-0.003084	0.060928	-0.998137	0.078013	0.995115	0.060503	0.996948	-0.077681	-0.007822
10158		-0.003044	0.061001	-0.998133	0.078194	0.995096	0.060577	0.996934	-0.077863	-0.007799
10159		-0.003045	0.061017	-0.998132	0.078264	0.995090	0.060592	0.996928	-0.077933	-0.007805
10160		-0.003017	0.061100	-0.998127	0.078595	0.995059	0.060675	0.996902	-0.078264	-0.007805
10161		-0.003009	0.061128	-0.998125	0.078830	0.995038	0.060701	0.996884	-0.078499	-0.007813
10162		-0.003014	0.061199	-0.998121	0.079370	0.994991	0.060768	0.996841	-0.079038	-0.007857
10163		-0.002938	0.061212	-0.998120	0.079532	0.994977	0.060785	0.996828	-0.079204	-0.007792
10164		-0.002902	0.061259	-0.998118	0.079731	0.994958	0.060833	0.996812	-0.079404	-0.007772
10165		-0.002890	0.061268	-0.998117	0.079634	0.994966	0.060844	0.996820	-0.079308	-0.007754
10166		-0.002786	0.061082	-0.998129	0.078747	0.995047	0.060674	0.996891	-0.078430	-0.007582
10167		-0.002708	0.061050	-0.998131	0.078549	0.995064	0.060649	0.996907	-0.078238	-0.007490
10168		-0.002629	0.060943	-0.998138	0.077994	0.995113	0.060553	0.996950	-0.077690	-0.007369
10169		-0.002555	0.060890	-0.998141	0.077916	0.995122	0.060506	0.996957	-0.077616	-0.007287
10170		-0.002536	0.060788	-0.998148	0.077603	0.995153	0.060408	0.996981	-0.077306	-0.007241
10171		-0.002496	0.060783	-0.998148	0.077657	0.995148	0.060407	0.996977	-0.077362	-0.007204
10172		-0.002528	0.060822	-0.998145	0.077921	0.995126	0.060440	0.996956	-0.077624	-0.007255
10173		-0.002519	0.060822	-0.998145	0.077910	0.995127	0.060441	0.996957	-0.077614	-0.007245
10174		-0.002522	0.060778	-0.998148	0.077779	0.995139	0.060399	0.996967	-0.077482	-0.007237
10175		-0.002539	0.060752	-0.998150	0.077565	0.995158	0.060373	0.996984	-0.077268	-0.007239
10176		-0.002546	0.060746	-0.998150	0.077018	0.995200	0.060370	0.997026	-0.076722	-0.007212
10177		-0.002539	0.060787	-0.998148	0.076732	0.995220	0.060414	0.997048	-0.076437	-0.007191
10178		-0.002528	0.060796	-0.998147	0.076152	0.995263	0.060428	0.997093	-0.075858	-0.007145
10179		-0.002581	0.060860	-0.998143	0.075958	0.995275	0.060489	0.997108	-0.075661	-0.007191
10180		-0.002590	0.060787	-0.998147	0.075080	0.995345	0.060422	0.997174	-0.074785	-0.007142
10181		-0.002615	0.060825	-0.998145	0.075071	0.995344	0.060458	0.997175	-0.074773	-0.007169
10182		-0.002657	0.060899	-0.998140	0.075033	0.995342	0.060529	0.997178	-0.074732	-0.007214
10183		-0.002706	0.060993	-0.998135	0.075174	0.995326	0.060618	0.997167	-0.074870	-0.007279
10184		-0.002761	0.061080	-0.998129	0.075130	0.995325	0.060701	0.997170	-0.074822	-0.007337
10185		-0.002732	0.061245	-0.998119	0.075100	0.995317	0.060867	0.997172	-0.074793	-0.007319
10186		-0.002663	0.061282	-0.998117	0.074274	0.995376	0.060916	0.997234	-0.073972	-0.007203
10187		-0.002577	0.061538	-0.998101	0.074101	0.995372	0.061178	0.997247	-0.073803	-0.007125
10188		-0.002574	0.061675	-0.998093	0.073743	0.995390	0.061318	0.997274	-0.073444	-0.007110
10189		-0.002600	0.061939	-0.998077	0.073631	0.995383	0.061580	0.997282	-0.073329	-0.007149
10190		-0.002619	0.062245	-0.998057	0.073587	0.995367	0.061884	0.997285	-0.073282	-0.007188
10191		-0.002656	0.062530	-0.998040	0.073540	0.995353	0.062166	0.997289	-0.073230	-0.007242
10192		-0.002732	0.062798	-0.998023	0.073550	0.995336	0.062427	0.997288	-0.073234	-0.007338
10193		-0.002783	0.063033	-0.998008	0.073723	0.995309	0.062657	0.997275	-0.073402	-0.007417
10194		-0.002819	0.063130	-0.998001	0.073224	0.995339	0.062755	0.997312	-0.072900	-0.007428
10195		-0.002914	0.063346	-0.997987	0.073417	0.995312	0.062962	0.997297	-0.073086	-0.007551
10196		-0.003007	0.063534	-0.997975	0.073573	0.995289	0.063141	0.997285	-0.073234	-0.007667
10197		-0.003154	0.063775	-0.997959	0.073568	0.995275	0.063371	0.997285	-0.073218	-0.007830
10198		-0.003411	0.064046	-0.997941	0.073712	0.995248	0.063621	0.997274	-0.073344	-0.008116
10199		-0.003720	0.064369	-0.997919	0.073534	0.995242	0.063922	0.997286	-0.073143	-0.008436
10200		-0.004105	0.064835	-0.997888	0.073878	0.995189	0.064355	0.997259	-0.073458	-0.008876
10201		-0.004521	0.065410	-0.997848	0.073649	0.995170	0.064901	0.997274	-0.073197	-0.009317
10202		-0.004988	0.066136	-0.997798	0.072932	0.995177	0.065597	0.997324	-0.072444	-0.009787
10203		-0.005572	0.067267	-0.997719	0.072426	0.995142	0.066688	0.997358	-0.071890	-0.010417
10204		-0.006384	0.068924	-0.997602	0.072363	0.995038	0.068283	0.997358	-0.071753	-0.011340
10205		-0.007477	0.070922	-0.997454	0.072144	0.994921	0.070201	0.997366	-0.071435	-0.012555
10206		-0.008944	0.073483	-0.997256	0.072609	0.994711	0.072644	0.997320	-0.071760	-0.014232
10207		-0.010520	0.076516	-0.997013	0.073368	0.994440	0.075545	0.997249	-0.072354	-0.016075
10208		-0.012328	0.080208	-0.996702	0.074146	0.994107	0.079082	0.997171	-0.072927	-0.018202
10209		-0.013947	0.084663	-0.996312	0.075678	0.993640	0.083377	0.997035	-0.074236	-0.020265
10210		-0.015557	0.090119	-0.995809	0.077253	0.993061	0.088664	0.996890	-0.075550	-0.022411
10211		-0.017338	0.096480	-0.995184	0.079410	0.992322	0.094819	0.996691	-0.077383	-0.024866
10212		-0.019090	0.103581	-0.994438	0.080836	0.991523	0.101725	0.996545	-0.078444	-0.027302
10213		-0.020765	0.111076	-0.993595	0.082108	0.990642	0.109030	0.996407	-0.079318	-0.029691
10214		-0.022570	0.118930	-0.992646	0.084407	0.989581	0.116644	0.996176	-0.081153	-0.032374
10215		-0.024538	0.126460	-0.991668	0.085470	0.988600	0.123954	0.996039	-0.081717	-0.035067
10216		-0.026659	0.133813	-0.990648	0.087126	0.987540	0.131049	0.995841	-0.082817	-0.037985
10217		-0.028665	0.140787	-0.989625	0.088480	0.986503	0.137780	0.995665	-0.083613	-0.040735
10218		-0.030093	0.147213	-0.988647	0.089626	0.985508	0.144018	0.995521	-0.084275	-0.042851
10219		-0.030371	0.152408	-0.987851	0.089174	0.984779	0.149192	0.995553	-0.083560	-0.043499
10220		-0.029915	0.157057	-0.987136	0.090510	0.983947	0.153806	0.995446	-0.084744	-0.043650
10221		-0.029638	0.160741	-0.986552	0.092634	0.983179	0.157408	0.995259	-0.086723	-0.044030
10222		-0.029928	0.163761	-0.986046	0.099385	0.982087	0.160087	0.994599	-0.093207	-0.045668
10223		-0.031553	0.165830	-0.985649	0.105644	0.981170	0.161695	0.993903	-0.099026	-0.048478
10224		-0.033123	0.167462	-0.985322	0.111758	0.980301	0.162851	0.993183	-0.104724	-0.051186
10225		-0.034999	0.168492	-0.985081	0.112756	0.980057	0.163626	0.993006	-0.105347	-0.053299
10226		-0.037187	0.170071	-0.984730	0.115140	0.979578	0.164833	0.992653	-0.107252	-0.056010
10227		-0.040578	0.171670	-0.984318	0.115076	0.979377	0.166064	0.992527	-0.106533	-0.059497
10228		-0.044437	0.174371	-0.983677	0.118065	0.978666	0.168150	0.992011	-0.108665	-0.064076
10229		-0.048573	0.177655	-0.982893	0.121977	0.977744	0.170697	0.991344	-0.111599	-0.069162
10230		-0.052983	0.182461	-0.981784	0.132222	0.975791	0.174212	0.989803	-0.120583	-0.075825
10231		-0.057304	0.187913	-0.980513	0.141456	0.973746	0.178349	0.988285	-0.128480	-0.082381
10232		-0.061424	0.194307	-0.979016	0.152415	0.971190	0.183192	0.986406	-0.137965	-0.089270
10233		-0.065785	0.199710	-0.977644	0.157102	0.969620	0.187500	0.985389	-0.141256	-0.095161
10234		-0.070362	0.204848	-0.976261	0.162828	0.967919	0.191362	0.984142	-0.145498	-0.101460
10235		-0.075699	0.207669	-0.975266	0.164378	0.967290	0.193212	0.983489	-0.145686	-0.107359
10236		-0.080648	0.208778	-0.974632	0.169845	0.966395	0.192959	0.982165	-0.149975	-0.113398
10237		-0.084426	0.206977	-0.974696	0.171422	0.966621	0.190414	0.981574	-0.151008	-0.117088
10238		-0.086550	0.203627	-0.975216	0.175004	0.966775	0.186333	0.980756	-0.154539	-0.119310
10239		-0.087992	0.198011	-0.976242	0.176425	0.967648	0.180366	0.980373	-0.156362	-0.120080
10240		-0.088444	0.191217	-0.977555	0.181294	0.968099	0.172965	0.979444	-0.161927	-0.120289
10241		-0.089097	0.182702	-0.979123	0.183724	0.969179	0.164128	0.978932	-0.165265	-0.119918
10242		-0.089222	0.173494	-0.980785	0.186646	0.970180	0.154639	0.978367	-0.169263	-0.118943
10243		-0.089438	0.163517	-0.982478	0.183369	0.972273	0.145126	0.978967	-0.167176	-0.116942
10244		-0.089350	0.154436	-0.983954	0.177873	0.974498	0.136800	0.979989	-0.162796	-0.114542
10245		-0.088787	0.146270	-0.985252	0.167528	0.977260	0.129986	0.981861	-0.153516	-0.111272
10246		-0.087503	0.139430	-0.986358	0.153630	0.980199	0.124930	0.984246	-0.140603	-0.107191
10247		-0.086782	0.133745	-0.987209	0.139314	0.982839	0.120906	0.986438	-0.127040	-0.103925
10248		-0.086475	0.129616	-0.987786	0.124029	0.985187	0.118417	0.988503	-0.112274	-0.101271
10249		-0.087492	0.127702	-0.987946	0.107882	0.987131	0.118043	0.990306	-0.096254	-0.100143
10250		-0.088862	0.128561	-0.987712	0.096319	0.988097	0.119946	0.991376	-0.084477	-0.100187
10251		-0.088555	0.133307	-0.987111	0.089941	0.988026	0.125362	0.992002	-0.077680	-0.099484
10252		-0.089058	0.141890	-0.985868	0.090130	0.986888	0.133895	0.991940	-0.076932	-0.100679
10253		-0.090074	0.154748	-0.983839	0.096593	0.984555	0.146017	0.991240	-0.081880	-0.103630
10254		-0.093431	0.172020	-0.980653	0.104485	0.981216	0.162164	0.990128	-0.087313	-0.109649
10255		-0.100999	0.194271	-0.975735	0.111980	0.976737	0.182879	0.988564	-0.090792	-0.120404
10256		-0.110110	0.221907	-0.968831	0.112832	0.971247	0.209637	0.987494	-0.086232	-0.131982
10257		-0.118170	0.254426	-0.959846	0.102197	0.964601	0.243104	0.987720	-0.069366	-0.139988
10258		-0.126794	0.291136	-0.948242	0.085667	0.955600	0.281940	0.988223	-0.045485	-0.146105
10259		-0.134550	0.329850	-0.934396	0.072626	0.943717	0.322683	0.988242	-0.024444	-0.150933
10260		-0.138594	0.367448	-0.919660	0.061564	0.930022	0.362311	0.988434	-0.006404	-0.151517
10261		-0.141576	0.402844	-0.904253	0.051941	0.915218	0.399596	0.988564	0.009605	-0.150497
10262		-0.145843	0.434608	-0.888733	0.043990	0.900298	0.433045	0.988329	0.024061	-0.150420
10263		-0.150239	0.462635	-0.873726	0.037343	0.885782	0.462597	0.987944	0.036872	-0.150355
10264		-0.154430	0.486755	-0.859780	0.029972	0.872127	0.488361	0.987549	0.049648	-0.149271
10265		-0.156196	0.506985	-0.847684	0.024641	0.859951	0.509782	0.987419	0.058738	-0.146813
10266		-0.155681	0.522761	-0.838143	0.024079	0.850245	0.525837	0.987514	0.061682	-0.144955
10267		-0.152501	0.533216	-0.832120	0.030100	0.844084	0.535366	0.987845	0.056597	-0.144773
10268		-0.147107	0.537592	-0.830274	0.042602	0.842071	0.537682	0.988203	0.043726	-0.146777
10269		-0.141301	0.536242	-0.832153	0.058339	0.843636	0.533736	0.988246	0.026870	-0.150490
10270		-0.136704	0.529653	-0.837126	0.072295	0.848140	0.524816	0.987970	0.011225	-0.154235
10271		-0.134712	0.518448	-0.844431	0.084509	0.855106	0.511520	0.987275	-0.002454	-0.159006
10272		-0.136098	0.503754	-0.853059	0.093622	0.863757	0.495135	0.986262	-0.012478	-0.164718
10273		-0.138280	0.486561	-0.862634	0.100225	0.873405	0.476570	0.985309	-0.020557	-0.169540
10274		-0.140713	0.467838	-0.872541	0.103340	0.883436	0.457014	0.984642	-0.025861	-0.172657
10275		-0.142430	0.448358	-0.882433	0.103072	0.893394	0.437291	0.984424	-0.028671	-0.173459
10276		-0.142670	0.429072	-0.891932	0.099586	0.902800	0.418371	0.984748	-0.029135	-0.171532
10277		-0.142152	0.410160	-0.900867	0.094643	0.911572	0.400099	0.985310	-0.028386	-0.168400
10278		-0.141480	0.392474	-0.908816	0.088128	0.919399	0.383325	0.986011	-0.025859	-0.164665
10279		-0.139041	0.377021	-0.915709	0.081293	0.925915	0.368880	0.986944	-0.023152	-0.159389
10280		-0.135787	0.365768	-0.920747	0.079547	0.930379	0.357863	0.987539	-0.024650	-0.155429
10281		-0.132160	0.358896	-0.923974	0.079527	0.932985	0.351021	0.988033	-0.027089	-0.151845
10282		-0.130614	0.354898	-0.925736	0.081715	0.934412	0.346694	0.988060	-0.030363	-0.151048
10283		-0.130133	0.352354	-0.926775	0.091210	0.935014	0.342679	0.987292	-0.039937	-0.153814
10284		-0.122049	0.349522	-0.928945	0.114117	0.934676	0.336686	0.985942	-0.064916	-0.153963
10285		-0.114786	0.345434	-0.931397	0.148102	0.933066	0.327801	0.982288	-0.100315	-0.158262
10286		-0.126775	0.348637	-0.928644	0.166254	0.930423	0.326608	0.977900	-0.112985	-0.175917
10287		-0.137523	0.350075	-0.926572	0.169445	0.929985	0.326216	0.975897	-0.112141	-0.187213
10288		-0.140488	0.348931	-0.926558	0.165072	0.930996	0.325573	0.976225	-0.107209	-0.188392
10289		-0.149416	0.347740	-0.925609	0.217512	0.924746	0.312304	0.964553	-0.154668	-0.213810
10290		-0.148249	0.347920	-0.925729	0.222104	0.923873	0.311654	0.963687	-0.159406	-0.214238
10291		-0.145578	0.349636	-0.925506	0.218314	0.923765	0.314638	0.964959	-0.156247	-0.210811
10292		-0.143597	0.349960	-0.925693	0.222495	0.922857	0.314373	0.964301	-0.160819	-0.210383
10293		-0.143894	0.351463	-0.925077	0.219976	0.922778	0.316373	0.964834	-0.157971	-0.210096
10294		-0.146123	0.352113	-0.924480	0.218735	0.922881	0.316931	0.964781	-0.155905	-0.211874
10295		-0.149093	0.350951	-0.924448	0.215950	0.923887	0.315910	0.964954	-0.152534	-0.213533
10296		-0.150542	0.347461	-0.925531	0.208399	0.926317	0.313859	0.966389	-0.145631	-0.211860
10297		-0.150480	0.341787	-0.927651	0.205749	0.928617	0.308767	0.966966	-0.144400	-0.210061
10298		-0.150489	0.335456	-0.929958	0.204610	0.930872	0.302675	0.967206	-0.144729	-0.208723
10299		-0.148944	0.327788	-0.932936	0.209404	0.932518	0.294210	0.966419	-0.151539	-0.207533
10300		-0.147689	0.318766	-0.936257	0.215164	0.934320	0.284166	0.965346	-0.159480	-0.206576
10301		-0.146576	0.308319	-0.939923	0.221947	0.936210	0.272490	0.963979	-0.168673	-0.205656
10302		-0.145421	0.296990	-0.943742	0.229497	0.937991	0.259817	0.962384	-0.178803	-0.204562
10303		-0.143414	0.285557	-0.947570	0.233615	0.940178	0.247971	0.961695	-0.185804	-0.201545
10304		-0.141860	0.275067	-0.950902	0.236189	0.942277	0.237336	0.961296	-0.190924	-0.198639
10305		-0.140177	0.265637	-0.953828	0.232969	0.945142	0.228980	0.962328	-0.190114	-0.194373
10306		-0.138829	0.257593	-0.956228	0.223558	0.948806	0.223136	0.964753	-0.182795	-0.189309
10307		-0.139154	0.251509	-0.957799	0.209513	0.952792	0.219755	0.967853	-0.170092	-0.185279
10308		-0.141459	0.248566	-0.958230	0.190341	0.956732	0.220078	0.971473	-0.151258	-0.182650
10309		-0.143731	0.250116	-0.957488	0.168319	0.959615	0.225405	0.975197	-0.128765	-0.180026
10310		-0.147317	0.255391	-0.955549	0.152903	0.960356	0.233102	0.977199	-0.111766	-0.180527
10311		-0.153172	0.264781	-0.952066	0.148869	0.958622	0.242654	0.976922	-0.104565	-0.186252
10312		-0.156347	0.280059	-0.947166	0.139342	0.955622	0.259559	0.977824	-0.091398	-0.188432
10313		-0.162880	0.302868	-0.939011	0.141908	0.949016	0.281480	0.976387	-0.087406	-0.197555
10314		-0.170222	0.332244	-0.927706	0.136214	0.940341	0.311776	0.975946	-0.073296	-0.205323
10315		-0.177014	0.367242	-0.913126	0.132757	0.928207	0.347572	0.975214	-0.059699	-0.213060
10316		-0.187605	0.406772	-0.894059	0.126349	0.912652	0.388719	0.974084	-0.040038	-0.222613
10317		-0.199713	0.447523	-0.871687	0.116909	0.894137	0.432263	0.972855	-0.015580	-0.230890
10318		-0.210071	0.487367	-0.847552	0.102129	0.873092	0.476740	0.972337	0.013589	-0.233186
10319		-0.218295	0.524260	-0.823103	0.090211	0.850674	0.517896	0.971704	0.038801	-0.232992
10320		-0.224063	0.557663	-0.799255	0.079202	0.827813	0.555385	0.971351	0.061138	-0.229650
10321		-0.226481	0.588545	-0.776094	0.073536	0.804856	0.588897	0.971236	0.076303	-0.225564
10322		-0.225529	0.616700	-0.754200	0.073129	0.782677	0.618118	0.971488	0.084250	-0.221615
10323		-0.220997	0.641778	-0.734358	0.077611	0.762160	0.642719	0.972182	0.085045	-0.218244
10324		-0.214736	0.662136	-0.717958	0.086933	0.745147	0.661210	0.972796	0.079571	-0.217571
10325		-0.208764	0.676003	-0.706709	0.100303	0.733621	0.672116	0.972809	0.069429	-0.220959
10326		-0.203087	0.683717	-0.700918	0.116132	0.727602	0.676098	0.972249	0.055907	-0.227168
10327		-0.197256	0.686583	-0.699782	0.133566	0.725972	0.674629	0.971211	0.039607	-0.234906
10328		-0.188504	0.684510	-0.704210	0.151332	0.728747	0.667852	0.970343	0.019324	-0.240960
10329		-0.180116	0.679915	-0.710826	0.164536	0.733288	0.659709	0.969787	0.001868	-0.243947
10330		-0.175135	0.674932	-0.716795	0.175910	0.737783	0.651715	0.968702	-0.011953	-0.247939
10331		-0.169677	0.669025	-0.723613	0.181488	0.742914	0.644314	0.968644	-0.022002	-0.247476
10332		-0.165074	0.660688	-0.732286	0.183174	0.750091	0.635461	0.969122	-0.029238	-0.244841
10333		-0.162323	0.650925	-0.741584	0.179911	0.758478	0.626373	0.970197	-0.031744	-0.240227
10334		-0.160958	0.639560	-0.751702	0.174966	0.768060	0.616012	0.971329	-0.032370	-0.235527
10335		-0.160974	0.627154	-0.762080	0.169294	0.778251	0.604702	0.972331	-0.031674	-0.231451
10336		-0.161517	0.613807	-0.772757	0.161528	0.788921	0.592885	0.973561	-0.029061	-0.226571
10337		-0.160950	0.598996	-0.784410	0.151724	0.800341	0.580030	0.975231	-0.025658	-0.219697
10338		-0.161181	0.581791	-0.797207	0.142243	0.813030	0.564579	0.976620	-0.022398	-0.213801
10339		-0.162123	0.561025	-0.811768	0.134120	0.827545	0.545143	0.977613	-0.020494	-0.209408
10340		-0.162893	0.536913	-0.827762	0.125780	0.843423	0.522320	0.978594	-0.019034	-0.204920
10341		-0.162211	0.509228	-0.845207	0.119349	0.860388	0.495469	0.979512	-0.020504	-0.200340
10342		-0.159506	0.478686	-0.863376	0.115206	0.877623	0.465301	0.980452	-0.025248	-0.195134
10343		-0.154263	0.445326	-0.881979	0.113216	0.894752	0.431973	0.981522	-0.033217	-0.188445
10344		-0.146524	0.409847	-0.900309	0.109192	0.911271	0.397066	0.983162	-0.040127	-0.178275
10345		-0.135971	0.372222	-0.918130	0.100060	0.927157	0.361064	0.985647	-0.042774	-0.163311
10346		-0.123486	0.334763	-0.934176	0.086983	0.941409	0.325857	0.988527	-0.041019	-0.145369
10347		-0.109636	0.298753	-0.948012	0.073634	0.953582	0.291993	0.991241	-0.037793	-0.126546
10348		-0.096623	0.267868	-0.958598	0.061523	0.962870	0.262860	0.993418	-0.033577	-0.109515
10349		-0.083898	0.243507	-0.966264	0.050997	0.969461	0.239885	0.995169	-0.029151	-0.093754
10350		-0.074944	0.225075	-0.971455	0.052723	0.973726	0.221534	0.995793	-0.034615	-0.084841
10351		-0.070191	0.211262	-0.974906	0.072139	0.975832	0.206269	0.994922	-0.055851	-0.083735
10352		-0.066593	0.203505	-0.976807	0.109437	0.974563	0.195577	0.991761	-0.093875	-0.087170
10353		-0.060961	0.202086	-0.977469	0.156746	0.969078	0.190575	0.985756	-0.141597	-0.090752
10354		-0.060593	0.206262	-0.976619	0.198289	0.961404	0.190746	0.978269	-0.182095	-0.099154
10355		-0.066320	0.212822	-0.974838	0.233041	0.953272	0.192260	0.970203	-0.214426	-0.112817
10356		-0.064931	0.216472	-0.974127	0.261242	0.945829	0.192771	0.963087	-0.241967	-0.117965
10357		-0.064533	0.221863	-0.972940	0.265106	0.943750	0.197623	0.962057	-0.245179	-0.119720
10358		-0.084757	0.236980	-0.967810	0.255922	0.943898	0.208712	0.962975	-0.229994	-0.140650
10359		-0.096743	0.255191	-0.962039	0.264579	0.938390	0.222312	0.959499	-0.233028	-0.158301
10360		-0.077318	0.263226	-0.961631	0.271153	0.933714	0.233783	0.959426	-0.242673	-0.143567
10361		-0.083637	0.279502	-0.956495	0.282925	0.927019	0.246149	0.955488	-0.250030	-0.156612
10362		-0.079878	0.293544	-0.952602	0.288162	0.921653	0.259844	0.954244	-0.253748	-0.158208
10363		-0.076791	0.308839	-0.948009	0.276775	0.920051	0.277312	0.957862	-0.241090	-0.156131
10364		-0.080570	0.324525	-0.942439	0.285396	0.913437	0.290140	0.955017	-0.245592	-0.166214
10365		-0.084784	0.339889	-0.936636	0.283307	0.909446	0.304377	0.955274	-0.239549	-0.173399
10366		-0.087527	0.352403	-0.931746	0.274718	0.907604	0.317466	0.957533	-0.228181	-0.176251
10367		-0.091421	0.362550	-0.927470	0.268049	0.905953	0.327718	0.959058	-0.218647	-0.180004
10368		-0.095518	0.370881	-0.923755	0.259955	0.905089	0.336507	0.960885	-0.207992	-0.182865
10369		-0.097131	0.377005	-0.921104	0.257425	0.903504	0.342656	0.961404	-0.203833	-0.184808
10370		-0.096487	0.381677	-0.919246	0.262113	0.900699	0.346464	0.960202	-0.207517	-0.186948
10371		-0.094147	0.384970	-0.918114	0.264740	0.898687	0.349677	0.959713	-0.210141	-0.186526
10372		-0.091987	0.385960	-0.917918	0.269639	0.897041	0.350160	0.958558	-0.215296	-0.186586
10373		-0.092282	0.383246	-0.919025	0.276322	0.896569	0.346136	0.956624	-0.222004	-0.188637
10374		-0.093451	0.375845	-0.921959	0.283314	0.897767	0.337266	0.954463	-0.229686	-0.190379
10375		-0.095491	0.364388	-0.926338	0.290574	0.900264	0.324177	0.952076	-0.238214	-0.191849
10376		-0.097792	0.349710	-0.931740	0.299707	0.903113	0.307510	0.949006	-0.249177	-0.193128
10377		-0.099362	0.332253	-0.937942	0.307780	0.906644	0.288561	0.946255	-0.260008	-0.192347
10378		-0.099662	0.312906	-0.944541	0.314251	0.910580	0.268498	0.944094	-0.270064	-0.189081
10379		-0.098853	0.292356	-0.951187	0.318279	0.914945	0.248139	0.942829	-0.278214	-0.183496
10380		-0.097200	0.271255	-0.957587	0.319687	0.919667	0.228064	0.942524	-0.283961	-0.176108
10381		-0.094794	0.249828	-0.963639	0.315725	0.925569	0.208901	0.944104	-0.284442	-0.166615
10382		-0.093679	0.229190	-0.968863	0.307647	0.932181	0.190766	0.946878	-0.280197	-0.157835
10383		-0.094125	0.208938	-0.973389	0.290597	0.940916	0.173868	0.952205	-0.266499	-0.149280
10384		-0.095089	0.188566	-0.977446	0.264749	0.951323	0.157771	0.959618	-0.243776	-0.140383
10385		-0.094986	0.169583	-0.980928	0.228756	0.962732	0.144286	0.968839	-0.210688	-0.130239
10386		-0.094563	0.154748	-0.983418	0.187948	0.972855	0.135013	0.977616	-0.172064	-0.121081
10387		-0.093244	0.147753	-0.984619	0.167516	0.977158	0.130769	0.981450	-0.152746	-0.115865
10388		-0.090789	0.151015	-0.984354	0.139855	0.980574	0.137536	0.986001	-0.125180	-0.110146
10389		-0.096076	0.164915	-0.981617	0.132529	0.979518	0.151591	0.986512	-0.115529	-0.115964
10390		-0.102678	0.187410	-0.976901	0.117116	0.977538	0.175223	0.987796	-0.096419	-0.122320
10391		-0.111045	0.216539	-0.969938	0.102406	0.973272	0.205559	0.988525	-0.076501	-0.130252
10392		-0.120186	0.250754	-0.960561	0.075238	0.967093	0.243046	0.989896	-0.043060	-0.135097
10393		-0.128574	0.289576	-0.948480	0.052358	0.957067	0.285100	0.990317	-0.013004	-0.138215
10394		-0.137834	0.331796	-0.933227	0.036619	0.943284	0.329962	0.989778	0.011306	-0.142167
10395		-0.147608	0.375198	-0.915117	0.024561	0.926357	0.375845	0.988741	0.033002	-0.145953
10396		-0.154517	0.417884	-0.895264	0.017746	0.907174	0.420381	0.987831	0.049069	-0.147590
10397		-0.158617	0.459710	-0.873789	0.014780	0.885999	0.463451	0.987230	0.060596	-0.147329
10398		-0.160902	0.499942	-0.850981	0.013063	0.863218	0.504662	0.986884	0.070084	-0.145424
10399		-0.162547	0.538490	-0.826805	0.012185	0.838981	0.544025	0.986626	0.078355	-0.142935
10400		-0.163574	0.575506	-0.801272	0.011362	0.813256	0.581795	0.986466	0.086063	-0.139566
10401		-0.163351	0.610274	-0.775166	0.010872	0.786785	0.617131	0.986508	0.092381	-0.135157
10402		-0.162158	0.642327	-0.749080	0.009952	0.760153	0.649668	0.986715	0.097894	-0.129657
10403		-0.160189	0.671039	-0.723911	0.009641	0.734410	0.678638	0.987039	0.101731	-0.124114
10404		-0.158599	0.695372	-0.700931	0.011837	0.711204	0.702886	0.987272	0.103180	-0.121028
10405		-0.156083	0.715207	-0.681262	0.021192	0.691981	0.721605	0.987517	0.098193	-0.123163
10406		-0.151652	0.730661	-0.665685	0.037858	0.677274	0.734757	0.987709	0.086225	-0.130371
10407		-0.145137	0.742774	-0.653623	0.057309	0.665819	0.743909	0.987750	0.070510	-0.139202
10408		-0.136842	0.751772	-0.645068	0.074942	0.657184	0.749995	0.987754	0.054289	-0.146269
10409		-0.126260	0.757627	-0.640359	0.092156	0.651692	0.752864	0.987707	0.036043	-0.152103
10410		-0.112920	0.760637	-0.639282	0.110041	0.649012	0.752777	0.987492	0.014656	-0.156988
10411		-0.098377	0.761144	-0.641079	0.125094	0.648552	0.750821	0.987256	-0.006332	-0.159017
10412		-0.084584	0.758091	-0.646640	0.139251	0.651590	0.745680	0.986638	-0.026972	-0.160679
10413		-0.073241	0.751421	-0.655745	0.153087	0.658189	0.737124	0.985495	-0.046398	-0.163239
10414		-0.064317	0.742090	-0.667208	0.161683	0.667507	0.726837	0.984745	-0.061129	-0.162915
10415		-0.056023	0.730137	-0.681000	0.164687	0.679486	0.714966	0.984754	-0.072097	-0.158311
10416		-0.048570	0.715321	-0.697106	0.158128	0.694635	0.701768	0.986223	-0.076147	-0.146851
10417		-0.043381	0.698134	-0.714652	0.147201	0.711985	0.686593	0.988155	-0.075412	-0.133653
10418		-0.040726	0.679102	-0.732913	0.136568	0.730421	0.669204	0.989793	-0.072839	-0.122491
10419		-0.038616	0.658736	-0.751383	0.130679	0.748815	0.649769	0.990672	-0.073098	-0.114999
10420		-0.036855	0.637474	-0.769590	0.134236	0.766291	0.628314	0.990264	-0.080150	-0.113814
10421		-0.035917	0.615617	-0.787227	0.146131	0.782503	0.605256	0.988613	-0.093299	-0.118065
10422		-0.036063	0.593977	-0.803673	0.164482	0.796757	0.581485	0.985721	-0.111220	-0.126432
10423		-0.038208	0.573655	-0.818205	0.183177	0.808949	0.558612	0.982337	-0.128533	-0.135989
10424		-0.041507	0.554564	-0.831105	0.197741	0.819928	0.537230	0.979375	-0.142045	-0.143693
10425		-0.045884	0.536582	-0.842600	0.205386	0.830535	0.517715	0.977605	-0.149304	-0.148314
10426		-0.050789	0.520146	-0.852566	0.206418	0.840702	0.500612	0.977145	-0.150559	-0.150066
10427		-0.055371	0.505348	-0.861137	0.200414	0.850533	0.486238	0.978145	-0.145660	-0.148373
10428		-0.058359	0.492874	-0.868141	0.190958	0.859077	0.474891	0.979862	-0.138064	-0.144253
10429		-0.060308	0.482666	-0.873725	0.179599	0.866281	0.466157	0.981890	-0.128807	-0.138930
10430		-0.061405	0.474078	-0.878339	0.168080	0.872344	0.459092	0.983859	-0.119440	-0.133249
10431		-0.062396	0.466945	-0.882082	0.158486	0.877226	0.453163	0.985388	-0.111523	-0.128739
10432		-0.063552	0.460595	-0.885333	0.151902	0.881254	0.447569	0.986350	-0.106040	-0.125971
10433		-0.064503	0.454291	-0.888515	0.146430	0.885040	0.441884	0.987116	-0.101602	-0.123610
10434		-0.064531	0.447675	-0.891865	0.143743	0.888577	0.435625	0.987509	-0.100088	-0.121691
10435		-0.063897	0.441240	-0.895111	0.140220	0.892016	0.429705	0.988056	-0.098056	-0.118868
10436		-0.063000	0.435613	-0.897927	0.130320	0.895601	0.425341	0.989468	-0.090222	-0.113192
10437		-0.062446	0.430096	-0.900621	0.114998	0.899472	0.421574	0.991401	-0.077244	-0.105629
10438		-0.061932	0.424246	-0.903427	0.098275	0.903358	0.417477	0.993230	-0.062930	-0.097640
10439		-0.061884	0.416801	-0.906889	0.083540	0.907605	0.411430	0.994581	-0.050301	-0.090986
10440		-0.062443	0.407210	-0.911197	0.070168	0.912511	0.402989	0.995579	-0.038773	-0.085553
10441		-0.060811	0.395121	-0.916614	0.056523	0.918203	0.392056	0.996548	-0.027969	-0.078170
10442		-0.057577	0.381079	-0.922748	0.043804	0.924355	0.379010	0.997380	-0.018598	-0.069914
10443		-0.054202	0.364742	-0.929530	0.034746	0.931023	0.363302	0.997925	-0.012605	-0.063137
10444		-0.052398	0.346176	-0.936705	0.030648	0.938109	0.344981	0.998156	-0.010631	-0.059765
10445		-0.051325	0.325934	-0.943998	0.032219	0.945292	0.324629	0.998162	-0.013754	-0.059018
10446		-0.050831	0.306061	-0.950654	0.037080	0.951807	0.304449	0.998019	-0.019775	-0.059730
10447		-0.051466	0.287151	-0.956502	0.047654	0.957386	0.284852	0.997537	-0.030921	-0.062957
10448		-0.052740	0.269402	-0.961583	0.056694	0.962177	0.266459	0.996998	-0.040463	-0.066018
10449		-0.053376	0.251311	-0.966434	0.072276	0.966247	0.247270	0.995955	-0.056652	-0.069739
10450		-0.049720	0.233367	-0.971117	0.090833	0.969346	0.228291	0.994624	-0.076859	-0.069393
10451		-0.045464	0.217033	-0.975105	0.103055	0.971925	0.211520	0.993636	-0.090873	-0.066554
10452		-0.043890	0.205405	-0.977692	0.114681	0.973202	0.199314	0.992432	-0.103375	-0.066270
10453		-0.047860	0.200463	-0.978531	0.126282	0.973008	0.193155	0.990839	-0.114326	-0.071883
10454		-0.061346	0.205220	-0.976791	0.145217	0.970057	0.194685	0.987496	-0.129903	-0.089310
10455		-0.062332	0.222957	-0.972833	0.175041	0.962063	0.209273	0.982586	-0.157241	-0.098994
10456		-0.054730	0.255459	-0.965270	0.185801	0.952440	0.241529	0.981062	-0.166129	-0.099592
10457		-0.081634	0.294758	-0.952079	0.222326	0.936582	0.270898	0.971549	-0.189558	-0.141989
10458		-0.062279	0.309379	-0.948897	0.263459	0.922116	0.283356	0.962658	-0.232349	-0.138938
10459		-0.055946	0.320219	-0.945690	0.262775	0.918503	0.295467	0.963234	-0.231973	-0.135532
10460		-0.074639	0.338794	-0.937895	0.295316	0.905841	0.303713	0.952480	-0.254306	-0.167662
10461		-0.076331	0.357409	-0.930823	0.286137	0.902132	0.322928	0.955143	-0.241694	-0.171129
10462		-0.076149	0.376648	-0.923221	0.270439	0.899004	0.344462	0.959721	-0.223445	-0.170319
10463		-0.082524	0.397346	-0.913951	0.267606	0.892233	0.363741	0.959988	-0.214561	-0.179963
10464		-0.076432	0.413527	-0.907278	0.242679	0.890292	0.385341	0.967091	-0.190725	-0.168401
10465		-0.080426	0.429175	-0.899634	0.244721	0.883434	0.399569	0.966252	-0.188024	-0.176079
10466		-0.081623	0.442394	-0.893099	0.240065	0.878432	0.413189	0.967319	-0.180676	-0.177903
10467		-0.083174	0.454439	-0.886886	0.233974	0.873997	0.425893	0.968679	-0.172085	-0.179021
10468		-0.082672	0.464192	-0.881868	0.233914	0.869215	0.435603	0.968736	-0.170269	-0.180441
10469		-0.078169	0.471060	-0.878631	0.228522	0.866327	0.444133	0.970396	-0.166069	-0.175367
10470		-0.071464	0.472795	-0.878270	0.225538	0.865376	0.447502	0.971610	-0.166103	-0.168476
10471		-0.072765	0.468711	-0.880350	0.222924	0.868001	0.443710	0.972116	-0.163965	-0.167647
10472		-0.083720	0.460305	-0.883804	0.226170	0.872549	0.433019	0.970483	-0.163638	-0.177157
10473		-0.093747	0.447599	-0.889307	0.230977	0.878648	0.417885	0.968432	-0.166234	-0.185756
10474		-0.103263	0.432833	-0.895540	0.240023	0.884589	0.399864	0.965259	-0.173659	-0.195235
10475		-0.109560	0.416748	-0.902395	0.250375	0.890158	0.380699	0.961930	-0.184228	-0.201869
10476		-0.111894	0.400173	-0.909583	0.261457	0.894936	0.361565	0.958707	-0.197360	-0.204766
10477		-0.107706	0.383694	-0.917158	0.268955	0.899370	0.344668	0.957111	-0.209551	-0.200065
10478		-0.098330	0.367372	-0.924862	0.275738	0.903036	0.329386	0.956190	-0.222631	-0.190094
10479		-0.087444	0.350504	-0.932470	0.281125	0.906691	0.314452	0.955679	-0.234643	-0.177820
10480		-0.077568	0.332146	-0.940033	0.283688	0.911251	0.298567	0.955774	-0.243517	-0.164910
10481		-0.069908	0.312042	-0.947493	0.282414	0.917149	0.281212	0.956742	-0.247926	-0.152241
10482		-0.064814	0.290525	-0.954670	0.274700	0.924914	0.262820	0.959343	-0.245213	-0.139755
10483		-0.062357	0.268320	-0.961310	0.261376	0.933958	0.243731	0.963221	-0.236065	-0.128371
10484		-0.061892	0.246110	-0.967264	0.242205	0.943857	0.224657	0.968249	-0.220372	-0.118027
10485		-0.062801	0.224057	-0.972551	0.219268	0.953762	0.205570	0.973641	-0.200339	-0.109026
10486		-0.062971	0.202592	-0.977236	0.191530	0.963432	0.187388	0.979465	-0.175370	-0.099471
10487		-0.059405	0.183796	-0.981168	0.154941	0.972689	0.172827	0.986136	-0.141756	-0.086260
10488		-0.057190	0.171180	-0.983578	0.132512	0.977776	0.162466	0.989530	-0.121045	-0.078603
10489		-0.055293	0.169776	-0.983930	0.120116	0.979412	0.162246	0.991219	-0.109215	-0.074547
10490		-0.055335	0.180474	-0.982022	0.104056	0.979216	0.174095	0.993031	-0.092552	-0.072964
10491		-0.058926	0.201610	-0.977692	0.099496	0.975703	0.195203	0.993292	-0.085774	-0.077554
10492		-0.065437	0.230723	-0.970817	0.082420	0.970827	0.225170	0.994447	-0.065280	-0.082544
10493		-0.068867	0.265473	-0.961655	0.059097	0.963337	0.261705	0.995874	-0.038809	-0.082031
10494		-0.071780	0.306447	-0.949178	0.033372	0.951837	0.304782	0.996862	-0.009798	-0.078549
10495		-0.075123	0.351355	-0.933224	0.017542	0.936189	0.351059	0.997020	0.010002	-0.076492
10496		-0.078817	0.396875	-0.914483	0.001716	0.917389	0.397988	0.996888	0.029799	-0.072987
10497		-0.079787	0.440997	-0.893955	-0.013078	0.896274	0.443309	0.996726	0.047062	-0.065744
10498		-0.079031	0.483411	-0.871819	-0.024652	0.873339	0.486489	0.996567	0.059940	-0.057104
10499		-0.078024	0.524124	-0.848060	-0.039426	0.848366	0.527940	0.996172	0.074628	-0.045529
10500		-0.076011	0.562763	-0.823116	-0.060553	0.821376	0.567164	0.995267	0.092953	-0.028357
10501		-0.072705	0.599806	-0.796835	-0.087608	0.792021	0.604176	0.993498	0.113736	-0.005036
10502		-0.068393	0.634799	-0.769645	-0.117569	0.760947	0.638073	0.990707	0.134127	0.022589
10503		-0.064737	0.667430	-0.741853	-0.145605	0.729138	0.668698	0.987222	0.151308	0.049979
10504		-0.059681	0.696465	-0.715104	-0.168926	0.699002	0.694881	0.983820	0.162271	0.075934
10505		-0.052266	0.722367	-0.689532	-0.185956	0.671359	0.717424	0.981167	0.165719	0.099240
10506		-0.041719	0.744967	-0.665795	-0.191993	0.647979	0.737063	0.980509	0.158578	0.115995
10507		-0.029999	0.764111	-0.644387	-0.187378	0.628949	0.754528	0.981830	0.143379	0.124310
10508		-0.015861	0.780261	-0.625253	-0.174873	0.613529	0.770066	0.984463	0.121554	0.126715
10509		0.000550	0.794109	-0.607775	-0.156845	0.600321	0.784228	0.987623	0.094895	0.124882
10510		0.018594	0.805347	-0.592511	-0.138770	0.588957	0.796161	0.990150	0.067420	0.122709
10511		0.037722	0.814355	-0.579140	-0.126427	0.578784	0.805621	0.991258	0.042829	0.124790
10512		0.058711	0.820555	-0.568545	-0.125265	0.571081	0.811280	0.990385	0.023588	0.136316
10513		0.081107	0.823325	-0.561746	-0.131634	0.567514	0.812773	0.987975	0.008023	0.154406
10514		0.105419	0.822948	-0.558251	-0.146114	0.568104	0.809882	0.983635	-0.003809	0.180133
10515		0.130772	0.820245	-0.556863	-0.165019	0.571860	0.803583	0.977582	-0.013193	0.210139
10516		0.155161	0.815076	-0.558189	-0.184602	0.579002	0.794153	0.970488	-0.020179	0.240304
10517		0.178275	0.807348	-0.562501	-0.204338	0.589573	0.781441	0.962530	-0.024371	0.270078
10518		0.198024	0.796854	-0.570798	-0.220621	0.603622	0.766138	0.955046	-0.025784	0.295334
10519		0.214896	0.783620	-0.582888	-0.228465	0.620607	0.750100	0.949539	-0.028024	0.312396
10520		0.229452	0.768361	-0.597473	-0.229460	0.639251	0.733966	0.945886	-0.031314	0.322985
10521		0.240733	0.751417	-0.614346	-0.223669	0.658873	0.718233	0.944468	-0.035493	0.326681
10522		0.248960	0.732816	-0.633246	-0.212349	0.679225	0.702539	0.944948	-0.040436	0.324713
10523		0.254092	0.713065	-0.653434	-0.194793	0.699492	0.687580	0.947361	-0.047424	0.316635
10524		0.257547	0.692911	-0.673457	-0.174600	0.718868	0.672862	0.950360	-0.055708	0.306125
10525		0.260676	0.672502	-0.692669	-0.155557	0.737357	0.657348	0.952812	-0.063605	0.296824
10526		0.263849	0.652350	-0.710509	-0.139107	0.754646	0.641216	0.954480	-0.070347	0.289859
10527		0.265614	0.633246	-0.726945	-0.126368	0.770393	0.624921	0.955762	-0.074125	0.284649
10528		0.266362	0.615324	-0.741908	-0.117400	0.784696	0.608663	0.956697	-0.075025	0.281252
10529		0.266802	0.598461	-0.755421	-0.109338	0.797569	0.593236	0.957529	-0.075681	0.278228
10530		0.264150	0.582484	-0.768724	-0.099888	0.809270	0.578883	0.959295	-0.076126	0.271952
10531		0.259407	0.566953	-0.781839	-0.084979	0.819811	0.566294	0.962022	-0.080461	0.260844
10532		0.248281	0.552881	-0.795411	-0.062232	0.828530	0.556476	0.966687	-0.088662	0.240115
10533		0.231408	0.540829	-0.808674	-0.040233	0.835846	0.547488	0.972024	-0.094158	0.215181
10534		0.211967	0.530643	-0.820663	-0.020475	0.841972	0.539133	0.977062	-0.097475	0.189335
10535		0.190125	0.521801	-0.831610	-0.003780	0.847444	0.530872	0.981753	-0.097788	0.163093
