// Start Time: Unknown
// Update Rate: 100.0Hz
// Filter Profile: human (46.1)
// Option Flags: AHS Disabled ICC Disabled 
// Firmware Version: 4.0.2
PacketCounter	SampleTimeFine	Mat[1][1]	Mat[2][1]	Mat[3][1]	Mat[1][2]	Mat[2][2]	Mat[3][2]	Mat[1][3]	Mat[2][3]	Mat[3][3]
48935		-0.223751	0.004139	-0.974638	-0.606735	0.782006	0.142611	0.762763	0.623257	-0.172463
48936		-0.223662	0.004347	-0.974657	-0.606379	0.782278	0.142640	0.763073	0.622915	-0.172330
48937		-0.223537	0.004493	-0.974685	-0.606003	0.782578	0.142590	0.763408	0.622536	-0.172212
48938		-0.223414	0.004659	-0.974712	-0.605723	0.782797	0.142580	0.763666	0.622260	-0.172066
48939		-0.223308	0.004760	-0.974736	-0.605431	0.783032	0.142526	0.763928	0.621963	-0.171976
48940		-0.223221	0.004896	-0.974756	-0.605301	0.783128	0.142548	0.764057	0.621841	-0.171847
48941		-0.223152	0.004979	-0.974771	-0.605135	0.783260	0.142533	0.764209	0.621675	-0.171773
48942		-0.223015	0.005063	-0.974802	-0.604948	0.783416	0.142469	0.764397	0.621477	-0.171650
48943		-0.222935	0.005211	-0.974819	-0.604616	0.783674	0.142461	0.764683	0.621150	-0.171558
48944		-0.222825	0.005353	-0.974844	-0.604219	0.783988	0.142414	0.765028	0.620753	-0.171458
48945		-0.222663	0.005528	-0.974880	-0.603670	0.784427	0.142326	0.765509	0.620197	-0.171326
48946		-0.222490	0.005754	-0.974918	-0.602973	0.784979	0.142240	0.766108	0.619496	-0.171180
48947		-0.222312	0.005942	-0.974958	-0.602163	0.785626	0.142094	0.766796	0.618673	-0.171076
48948		-0.222114	0.006158	-0.975001	-0.601428	0.786211	0.141976	0.767431	0.617928	-0.170925
48949		-0.221983	0.006361	-0.975030	-0.600808	0.786695	0.141917	0.767954	0.617309	-0.170812
48950		-0.221917	0.006567	-0.975043	-0.600280	0.787097	0.141923	0.768386	0.616794	-0.170729
48951		-0.221884	0.006785	-0.975050	-0.599860	0.787406	0.141984	0.768723	0.616397	-0.170643
48952		-0.221882	0.006920	-0.975049	-0.599529	0.787652	0.142019	0.768982	0.616081	-0.170617
48953		-0.221825	0.007088	-0.975061	-0.599339	0.787786	0.142076	0.769146	0.615908	-0.170503
48954		-0.221751	0.007283	-0.975076	-0.599153	0.787916	0.142143	0.769313	0.615740	-0.170357
48955		-0.221628	0.007434	-0.975103	-0.598997	0.788033	0.142152	0.769470	0.615589	-0.170198
48956		-0.221435	0.007581	-0.975146	-0.598894	0.788116	0.142123	0.769605	0.615480	-0.169977
48957		-0.221189	0.007720	-0.975200	-0.598902	0.788118	0.142078	0.769670	0.615475	-0.169699
48958		-0.221012	0.007823	-0.975240	-0.598987	0.788056	0.142066	0.769655	0.615554	-0.169484
48959		-0.220674	0.007876	-0.975316	-0.599227	0.787896	0.141943	0.769565	0.615758	-0.169148
48960		-0.220429	0.007942	-0.975371	-0.599402	0.787774	0.141877	0.769498	0.615913	-0.168887
48961		-0.220183	0.008013	-0.975426	-0.599708	0.787547	0.141842	0.769330	0.616202	-0.168600
48962		-0.219987	0.008080	-0.975469	-0.599868	0.787433	0.141804	0.769262	0.616347	-0.168378
48963		-0.219858	0.008128	-0.975498	-0.600016	0.787322	0.141792	0.769184	0.616488	-0.168223
48964		-0.219754	0.008127	-0.975522	-0.600342	0.787073	0.141794	0.768959	0.616806	-0.168083
48965		-0.219649	0.008167	-0.975545	-0.600981	0.786566	0.141899	0.768489	0.617452	-0.167861
48966		-0.219549	0.008141	-0.975568	-0.601866	0.785870	0.142006	0.767825	0.618338	-0.167637
48967		-0.219529	0.007962	-0.975573	-0.603124	0.784884	0.142124	0.766843	0.619592	-0.167503
48968		-0.219546	0.007784	-0.975571	-0.604474	0.783815	0.142287	0.765775	0.620946	-0.167378
48969		-0.219501	0.007674	-0.975582	-0.605872	0.782700	0.142475	0.764682	0.622351	-0.167154
48970		-0.219288	0.007664	-0.975630	-0.607015	0.781796	0.142577	0.763836	0.623487	-0.166786
48971		-0.218984	0.007741	-0.975698	-0.607902	0.781096	0.142633	0.763218	0.624363	-0.166342
48972		-0.218674	0.007908	-0.975766	-0.608564	0.780567	0.142708	0.762779	0.625022	-0.165877
48973		-0.218309	0.008076	-0.975846	-0.609210	0.780056	0.142744	0.762367	0.625658	-0.165373
48974		-0.218008	0.008261	-0.975912	-0.609988	0.779426	0.142862	0.761831	0.626440	-0.164882
48975		-0.217783	0.008345	-0.975962	-0.611058	0.778560	0.143013	0.761038	0.627515	-0.164458
48976		-0.217731	0.008332	-0.975973	-0.612201	0.777625	0.143215	0.760134	0.628674	-0.164212
48977		-0.217731	0.008257	-0.975974	-0.613510	0.776550	0.143438	0.759077	0.630001	-0.164014
48978		-0.217707	0.008227	-0.975979	-0.614793	0.775491	0.143676	0.758045	0.631305	-0.163772
48979		-0.217655	0.008191	-0.975991	-0.616057	0.774448	0.143886	0.757033	0.632584	-0.163516
48980		-0.217548	0.008101	-0.976016	-0.617340	0.773401	0.144020	0.756019	0.633865	-0.163251
48981		-0.217464	0.008111	-0.976035	-0.618566	0.772381	0.144238	0.755040	0.635108	-0.162948
48982		-0.217200	0.008162	-0.976093	-0.619667	0.771479	0.144339	0.754213	0.636203	-0.162507
48983		-0.216949	0.008162	-0.976149	-0.620759	0.770587	0.144407	0.753386	0.637282	-0.162111
48984		-0.216581	0.008208	-0.976230	-0.621797	0.769747	0.144420	0.752636	0.638296	-0.161609
48985		-0.216262	0.008199	-0.976301	-0.622911	0.768843	0.144439	0.751806	0.639385	-0.161165
48986		-0.216064	0.008085	-0.976346	-0.624020	0.767940	0.144454	0.750943	0.640471	-0.160879
48987		-0.215902	0.007903	-0.976383	-0.625136	0.767034	0.144442	0.750061	0.641558	-0.160663
48988		-0.215735	0.007772	-0.976421	-0.625950	0.766378	0.144400	0.749430	0.642343	-0.160469
48989		-0.215426	0.007667	-0.976490	-0.626633	0.765846	0.144256	0.748947	0.642978	-0.160179
48990		-0.215051	0.007664	-0.976573	-0.627130	0.765468	0.144107	0.748639	0.643429	-0.159809
48991		-0.214567	0.007642	-0.976679	-0.627857	0.764907	0.143919	0.748169	0.644095	-0.159326
48992		-0.214113	0.007560	-0.976780	-0.628731	0.764223	0.143735	0.747564	0.644907	-0.158877
48993		-0.213732	0.007432	-0.976864	-0.629801	0.763367	0.143605	0.746773	0.645923	-0.158475
48994		-0.213323	0.007277	-0.976955	-0.630541	0.762801	0.143364	0.746265	0.646592	-0.158134
48995		-0.212974	0.007158	-0.977032	-0.631132	0.762350	0.143160	0.745865	0.647125	-0.157843
48996		-0.212567	0.007134	-0.977120	-0.631611	0.761990	0.142967	0.745575	0.647550	-0.157468
48997		-0.212230	0.007227	-0.977193	-0.632126	0.761571	0.142920	0.745235	0.648041	-0.157060
48998		-0.211880	0.007457	-0.977267	-0.632517	0.761242	0.142944	0.745003	0.648425	-0.156576
48999		-0.211587	0.007866	-0.977327	-0.632925	0.760864	0.143150	0.744740	0.648863	-0.156011
49000		-0.211432	0.008361	-0.977357	-0.633350	0.760441	0.143518	0.744422	0.649354	-0.155486
49001		-0.211366	0.008899	-0.977367	-0.633794	0.759983	0.143984	0.744063	0.649882	-0.154994
49002		-0.211359	0.009496	-0.977362	-0.634193	0.759547	0.144527	0.743725	0.650383	-0.154515
49003		-0.211353	0.010078	-0.977358	-0.634486	0.759205	0.145036	0.743476	0.650774	-0.154066
49004		-0.211244	0.010789	-0.977374	-0.634545	0.759062	0.145526	0.743457	0.650929	-0.153502
49005		-0.211010	0.011584	-0.977415	-0.634566	0.758956	0.145988	0.743506	0.651039	-0.152796
49006		-0.210747	0.012396	-0.977462	-0.634401	0.759013	0.146406	0.743721	0.650957	-0.152096
49007		-0.210449	0.013244	-0.977515	-0.634318	0.758997	0.146845	0.743876	0.650959	-0.151329
49008		-0.210149	0.014148	-0.977567	-0.634276	0.758937	0.147336	0.743996	0.651010	-0.150516
49009		-0.209868	0.015004	-0.977615	-0.634256	0.758863	0.147805	0.744093	0.651078	-0.149745
49010		-0.209599	0.015951	-0.977657	-0.634315	0.758703	0.148368	0.744119	0.651241	-0.148905
49011		-0.209257	0.016992	-0.977713	-0.634425	0.758495	0.148966	0.744122	0.651457	-0.147940
49012		-0.208825	0.018258	-0.977783	-0.634462	0.758327	0.149662	0.744211	0.651619	-0.146774
49013		-0.208452	0.019526	-0.977838	-0.634467	0.758178	0.150393	0.744311	0.651755	-0.145655
49014		-0.208049	0.020903	-0.977895	-0.634508	0.757984	0.151195	0.744389	0.651938	-0.144435
49015		-0.207724	0.022251	-0.977934	-0.634592	0.757746	0.152035	0.744408	0.652171	-0.143282
49016		-0.207344	0.023565	-0.977984	-0.634510	0.757664	0.152780	0.744584	0.652219	-0.142145
49017		-0.206947	0.024794	-0.978038	-0.634519	0.757519	0.153464	0.744687	0.652343	-0.141034
49018		-0.206390	0.026106	-0.978121	-0.634382	0.757509	0.154077	0.744958	0.652302	-0.139782
49019		-0.205726	0.027408	-0.978226	-0.634152	0.757596	0.154592	0.745337	0.652148	-0.138476
49020		-0.204965	0.028751	-0.978347	-0.633731	0.757858	0.155039	0.745906	0.651786	-0.137114
49021		-0.204192	0.029953	-0.978472	-0.633471	0.758001	0.155400	0.746338	0.651566	-0.135803
49022		-0.203331	0.031077	-0.978617	-0.633219	0.758162	0.155642	0.746787	0.651325	-0.134479
49023		-0.202412	0.032014	-0.978777	-0.633128	0.758220	0.155731	0.747113	0.651213	-0.133204
49024		-0.201330	0.032955	-0.978969	-0.632805	0.758501	0.155673	0.747679	0.650838	-0.131855
49025		-0.200014	0.033828	-0.979209	-0.632219	0.759053	0.155360	0.748527	0.650149	-0.130435
49026		-0.198364	0.034761	-0.979512	-0.631019	0.760172	0.154766	0.749978	0.648791	-0.128856
49027		-0.196325	0.035672	-0.979890	-0.629653	0.761485	0.153875	0.751661	0.647200	-0.127038
49028		-0.193963	0.036485	-0.980330	-0.628161	0.762957	0.152679	0.753520	0.645419	-0.125067
49029		-0.191559	0.036944	-0.980786	-0.627026	0.764174	0.151250	0.755079	0.643951	-0.123220
49030		-0.189226	0.036973	-0.981237	-0.626353	0.765047	0.149615	0.756225	0.642912	-0.121608
49031		-0.187002	0.036560	-0.981679	-0.626047	0.765655	0.147772	0.757030	0.642211	-0.120291
49032		-0.184551	0.035934	-0.982166	-0.625680	0.766370	0.145606	0.757935	0.641394	-0.118951
49033		-0.181574	0.035076	-0.982752	-0.625191	0.767279	0.142896	0.759057	0.640353	-0.117388
49034		-0.177954	0.033956	-0.983453	-0.624548	0.768419	0.139542	0.760442	0.639045	-0.115536
49035		-0.173727	0.032105	-0.984270	-0.624160	0.769498	0.135266	0.761737	0.637842	-0.113644
49036		-0.168980	0.029689	-0.985172	-0.624221	0.770308	0.130282	0.762755	0.636980	-0.111634
49037		-0.163475	0.026424	-0.986193	-0.625063	0.770620	0.124261	0.763264	0.636746	-0.109460
49038		-0.157242	0.022567	-0.987302	-0.626422	0.770595	0.117380	0.763459	0.636925	-0.107034
49039		-0.150013	0.017839	-0.988523	-0.628324	0.770242	0.109250	0.763351	0.637502	-0.104338
49040		-0.141890	0.012605	-0.989802	-0.630618	0.769597	0.100201	0.763012	0.638405	-0.101249
49041		-0.132867	0.006384	-0.991113	-0.633393	0.768595	0.089863	0.762339	0.639704	-0.098077
49042		-0.123530	-0.000582	-0.992341	-0.636663	0.767105	0.078804	0.761184	0.641521	-0.095131
49043		-0.114182	-0.008935	-0.993420	-0.640626	0.764946	0.066752	0.759316	0.644032	-0.093067
49044		-0.105652	-0.018234	-0.994236	-0.645939	0.761429	0.054676	0.756043	0.647992	-0.092224
49045		-0.098271	-0.029159	-0.994732	-0.651852	0.757171	0.042202	0.751952	0.652565	-0.093416
49046		-0.092467	-0.040748	-0.994882	-0.655504	0.754595	0.030018	0.749509	0.654925	-0.096485
49047		-0.086364	-0.051982	-0.994907	-0.655525	0.754972	0.017457	0.750219	0.653694	-0.099278
49048		-0.078901	-0.060728	-0.995031	-0.655380	0.755276	0.005873	0.751167	0.652587	-0.099392
49049		-0.070139	-0.068002	-0.995217	-0.657230	0.753672	-0.005179	0.750419	0.653723	-0.097555
49050		-0.061836	-0.074883	-0.995273	-0.659265	0.751749	-0.015601	0.749363	0.655184	-0.095853
49051		-0.054528	-0.082893	-0.995066	-0.660212	0.750617	-0.026351	0.749097	0.655518	-0.095657
49052		-0.048364	-0.090673	-0.994706	-0.660757	0.749725	-0.036215	0.749040	0.655507	-0.096172
49053		-0.041733	-0.098109	-0.994300	-0.660720	0.749210	-0.046194	0.749471	0.655026	-0.096089
49054		-0.034898	-0.103888	-0.993977	-0.660056	0.749191	-0.055129	0.750406	0.654156	-0.094717
49055		-0.028019	-0.109440	-0.993598	-0.657714	0.750534	-0.064121	0.752746	0.651707	-0.093009
49056		-0.022322	-0.113991	-0.993231	-0.653923	0.753152	-0.071741	0.756232	0.647895	-0.091353
49057		-0.017426	-0.118790	-0.992766	-0.649444	0.756285	-0.079094	0.760210	0.643368	-0.090326
49058		-0.013729	-0.122845	-0.992331	-0.645417	0.759082	-0.085041	0.763707	0.639299	-0.089708
49059		-0.010541	-0.127046	-0.991841	-0.642312	0.761062	-0.090659	0.766370	0.636116	-0.089626
49060		-0.008225	-0.130568	-0.991405	-0.640050	0.762425	-0.095102	0.768289	0.633767	-0.089841
49061		-0.006344	-0.134132	-0.990943	-0.638088	0.763538	-0.099266	0.769937	0.631679	-0.090432
49062		-0.005093	-0.137051	-0.990551	-0.636534	0.764408	-0.102490	0.771232	0.629997	-0.091131
49063		-0.004354	-0.139857	-0.990162	-0.635445	0.764939	-0.105251	0.772134	0.628735	-0.092202
49064		-0.004449	-0.142331	-0.989809	-0.634580	0.765385	-0.107208	0.772844	0.627636	-0.093726
49065		-0.005291	-0.145029	-0.989413	-0.633815	0.765786	-0.108860	0.773467	0.626529	-0.095973
49066		-0.007160	-0.147878	-0.988980	-0.632553	0.766658	-0.110056	0.774484	0.624794	-0.099029
49067		-0.009983	-0.151286	-0.988440	-0.630404	0.768259	-0.111219	0.776203	0.622006	-0.103040
49068		-0.013316	-0.154913	-0.987838	-0.626776	0.771041	-0.112466	0.779086	0.617655	-0.107363
49069		-0.016372	-0.158502	-0.987223	-0.621752	0.774859	-0.114095	0.783043	0.611940	-0.111235
49070		-0.018932	-0.161503	-0.986691	-0.616167	0.779071	-0.115697	0.787388	0.605776	-0.114262
49071		-0.021020	-0.164180	-0.986206	-0.611139	0.782785	-0.117290	0.791244	0.600244	-0.116791
49072		-0.023201	-0.166802	-0.985717	-0.606206	0.786384	-0.118803	0.794969	0.594791	-0.119361
49073		-0.025159	-0.169229	-0.985256	-0.601150	0.790023	-0.120345	0.798740	0.589258	-0.121608
49074		-0.026425	-0.170902	-0.984934	-0.595699	0.793923	-0.121776	0.802773	0.583506	-0.122786
49075		-0.027303	-0.172167	-0.984689	-0.590204	0.797809	-0.123127	0.806792	0.577806	-0.123396
49076		-0.028068	-0.173132	-0.984499	-0.584937	0.801501	-0.124274	0.810593	0.572382	-0.123768
49077		-0.028485	-0.173838	-0.984362	-0.579421	0.805316	-0.125452	0.814530	0.566787	-0.123665
49078		-0.028426	-0.174011	-0.984333	-0.573126	0.809632	-0.126577	0.818974	0.560549	-0.122745
49079		-0.028090	-0.173981	-0.984348	-0.566780	0.813915	-0.127684	0.823390	0.554322	-0.121472
49080		-0.027650	-0.173705	-0.984409	-0.560336	0.818215	-0.128640	0.827804	0.548043	-0.119957
49081		-0.026930	-0.173189	-0.984520	-0.554735	0.821902	-0.129408	0.831591	0.542663	-0.118207
49082		-0.026568	-0.172705	-0.984615	-0.550299	0.824813	-0.129826	0.834545	0.538384	-0.116954
49083		-0.026817	-0.172692	-0.984611	-0.547016	0.826944	-0.130140	0.836693	0.535108	-0.116641
49084		-0.027617	-0.172967	-0.984540	-0.544472	0.828597	-0.130297	0.838324	0.532457	-0.117059
49085		-0.028664	-0.173534	-0.984411	-0.541907	0.830233	-0.130576	0.839950	0.529716	-0.117837
49086		-0.029774	-0.174240	-0.984253	-0.538210	0.832551	-0.131103	0.842285	0.525831	-0.118566
49087		-0.030749	-0.175167	-0.984058	-0.534336	0.834914	-0.131923	0.844712	0.521762	-0.119271
49088		-0.031085	-0.175881	-0.983921	-0.530736	0.837059	-0.132861	0.846967	0.518072	-0.119366
49089		-0.031072	-0.176886	-0.983741	-0.527212	0.839067	-0.134220	0.849166	0.514469	-0.119327
49090		-0.031368	-0.178320	-0.983472	-0.523211	0.841305	-0.135855	0.851625	0.510302	-0.119689
49091		-0.031847	-0.180107	-0.983131	-0.518961	0.843628	-0.137740	0.854205	0.505820	-0.120336
49092		-0.032248	-0.181716	-0.982822	-0.514461	0.846082	-0.139554	0.856907	0.501124	-0.120770
49093		-0.032279	-0.183042	-0.982575	-0.510357	0.848282	-0.141259	0.859357	0.496904	-0.120798
49094		-0.032523	-0.184117	-0.982366	-0.507165	0.849984	-0.142515	0.861235	0.493586	-0.121022
49095		-0.033195	-0.185083	-0.982162	-0.505024	0.851123	-0.143320	0.862467	0.491258	-0.121724
49096		-0.034451	-0.185827	-0.981978	-0.503834	0.851795	-0.143515	0.863113	0.489810	-0.122971
49097		-0.036397	-0.186702	-0.981742	-0.503484	0.852027	-0.143367	0.863238	0.489073	-0.125012
49098		-0.038802	-0.187394	-0.981518	-0.503227	0.852270	-0.142824	0.863282	0.488385	-0.127371
49099		-0.041263	-0.187918	-0.981318	-0.502788	0.852644	-0.142136	0.863424	0.487530	-0.129666
49100		-0.043907	-0.188123	-0.981164	-0.501733	0.853424	-0.141178	0.863908	0.486083	-0.131859
49101		-0.046794	-0.188203	-0.981015	-0.500260	0.854472	-0.140064	0.864610	0.484208	-0.134134
49102		-0.049930	-0.187906	-0.980917	-0.498156	0.855937	-0.138608	0.865649	0.481729	-0.136344
49103		-0.053235	-0.187342	-0.980851	-0.495939	0.857503	-0.136866	0.866724	0.479156	-0.138560
49104		-0.057043	-0.186376	-0.980821	-0.494014	0.858989	-0.134494	0.867581	0.476868	-0.141071
49105		-0.061132	-0.185069	-0.980822	-0.492972	0.860042	-0.131553	0.867895	0.475476	-0.143810
49106		-0.065867	-0.183152	-0.980876	-0.491891	0.861229	-0.127780	0.868161	0.474068	-0.146818
49107		-0.071541	-0.180628	-0.980946	-0.490498	0.862706	-0.123084	0.868501	0.472347	-0.150316
49108		-0.078089	-0.177180	-0.981076	-0.488530	0.864631	-0.117266	0.869046	0.470128	-0.154076
49109		-0.084356	-0.172659	-0.981363	-0.486299	0.866753	-0.110694	0.869711	0.467898	-0.157080
49110		-0.089732	-0.167165	-0.981837	-0.484652	0.868552	-0.103585	0.870092	0.466555	-0.158954
49111		-0.094876	-0.161849	-0.982244	-0.485363	0.868993	-0.096307	0.869150	0.467607	-0.161002
49112		-0.100493	-0.157287	-0.982427	-0.489852	0.867277	-0.088744	0.865994	0.472326	-0.164202
49113		-0.106245	-0.153843	-0.982367	-0.498091	0.863302	-0.081328	0.860591	0.480668	-0.168349
49114		-0.111768	-0.151367	-0.982138	-0.508085	0.858085	-0.074428	0.854024	0.490691	-0.172814
49115		-0.116929	-0.150003	-0.981747	-0.518572	0.852289	-0.068460	0.847001	0.501101	-0.177445
49116		-0.121267	-0.149173	-0.981347	-0.527929	0.846911	-0.063500	0.840586	0.510381	-0.181455
49117		-0.124735	-0.148796	-0.980969	-0.534833	0.842837	-0.059837	0.835701	0.517191	-0.184712
49118		-0.128061	-0.148538	-0.980580	-0.538976	0.840396	-0.056914	0.832529	0.521221	-0.187681
49119		-0.131375	-0.148251	-0.980185	-0.542702	0.838186	-0.054035	0.829588	0.524849	-0.190573
49120		-0.135395	-0.147741	-0.979715	-0.548207	0.834839	-0.050133	0.825310	0.530299	-0.194026
49121		-0.140029	-0.146930	-0.979185	-0.556757	0.829464	-0.044844	0.818788	0.538889	-0.197954
49122		-0.144880	-0.145475	-0.978696	-0.567132	0.822734	-0.038338	0.810785	0.549495	-0.201702
49123		-0.150563	-0.144181	-0.978030	-0.577971	0.815459	-0.031239	0.802047	0.560569	-0.206111
49124		-0.156882	-0.143237	-0.977175	-0.588515	0.808131	-0.023974	0.793119	0.571321	-0.211078
49125		-0.162913	-0.142451	-0.976303	-0.598647	0.800834	-0.016954	0.784271	0.581699	-0.215744
49126		-0.167894	-0.141323	-0.975623	-0.608532	0.793464	-0.010215	0.775565	0.591982	-0.219217
49127		-0.171241	-0.139552	-0.975296	-0.617674	0.786423	-0.004076	0.767564	0.601717	-0.220866
49128		-0.173622	-0.137192	-0.975209	-0.624676	0.780883	0.001360	0.761338	0.609426	-0.221279
49129		-0.175661	-0.134742	-0.975186	-0.628506	0.777783	0.005746	0.757709	0.613920	-0.221313
49130		-0.177390	-0.132099	-0.975235	-0.629462	0.776976	0.009252	0.756512	0.615515	-0.220979
49131		-0.178965	-0.129490	-0.975297	-0.628562	0.777665	0.012090	0.756889	0.615198	-0.220568
49132		-0.180825	-0.126883	-0.975296	-0.626223	0.779506	0.014694	0.758385	0.613410	-0.220411
49133		-0.182773	-0.124035	-0.975300	-0.622462	0.782462	0.017140	0.761009	0.610220	-0.220220
49134		-0.185155	-0.120920	-0.975241	-0.617509	0.786316	0.019742	0.764460	0.605876	-0.220260
49135		-0.188626	-0.118385	-0.974887	-0.611991	0.790547	0.022412	0.768041	0.600850	-0.221568
49136		-0.192312	-0.115483	-0.974515	-0.607388	0.793987	0.025773	0.770776	0.596866	-0.222836
49137		-0.195907	-0.111460	-0.974267	-0.603145	0.797064	0.030094	0.773199	0.593520	-0.223377
49138		-0.199941	-0.106441	-0.974009	-0.600558	0.798771	0.035990	0.774179	0.592145	-0.223631
49139		-0.204346	-0.101017	-0.973673	-0.598581	0.799927	0.042633	0.774560	0.591534	-0.223929
49140		-0.208677	-0.094885	-0.973371	-0.596103	0.801370	0.049678	0.775316	0.590595	-0.223789
49141		-0.212560	-0.088148	-0.973164	-0.592846	0.803316	0.056727	0.776757	0.588994	-0.223011
49142		-0.216251	-0.081230	-0.972953	-0.589121	0.805531	0.063687	0.778570	0.586960	-0.222051
49143		-0.219717	-0.074447	-0.972719	-0.585626	0.807512	0.070478	0.780235	0.585135	-0.221022
49144		-0.223461	-0.068247	-0.972321	-0.582378	0.809259	0.077041	0.781602	0.583474	-0.220583
49145		-0.227372	-0.062662	-0.971790	-0.579637	0.810601	0.083351	0.782511	0.582237	-0.220630
49146		-0.231457	-0.057609	-0.971138	-0.577637	0.811368	0.089540	0.782792	0.581690	-0.221074
49147		-0.235798	-0.053020	-0.970355	-0.576481	0.811481	0.095748	0.782348	0.581968	-0.221911
49148		-0.240500	-0.048909	-0.969416	-0.575860	0.811168	0.101939	0.781374	0.582764	-0.223251
49149		-0.245460	-0.045111	-0.968357	-0.576087	0.810184	0.108285	0.779662	0.584438	-0.224856
49150		-0.250534	-0.041507	-0.967218	-0.576938	0.808689	0.114738	0.777416	0.586770	-0.226551
49151		-0.255569	-0.037953	-0.966046	-0.578476	0.806623	0.121347	0.774629	0.589847	-0.228103
49152		-0.260202	-0.034149	-0.964950	-0.580522	0.804107	0.128082	0.771550	0.593502	-0.229054
49153		-0.264362	-0.030071	-0.963955	-0.583202	0.801039	0.134953	0.768107	0.597856	-0.229301
49154		-0.268389	-0.026027	-0.962959	-0.585920	0.797877	0.141738	0.764634	0.602258	-0.229391
49155		-0.272217	-0.021988	-0.961985	-0.588308	0.794921	0.148306	0.761440	0.606315	-0.229326
49156		-0.276157	-0.018118	-0.960942	-0.590162	0.792331	0.154662	0.758582	0.609822	-0.229500
49157		-0.280019	-0.014429	-0.959886	-0.591519	0.790119	0.160681	0.756105	0.612784	-0.229783
49158		-0.283676	-0.010627	-0.958861	-0.591925	0.788634	0.166378	0.754422	0.614771	-0.230007
49159		-0.287422	-0.006910	-0.957779	-0.591305	0.787944	0.171761	0.753490	0.615708	-0.230559
49160		-0.291196	-0.003088	-0.956659	-0.589688	0.788008	0.176950	0.753308	0.615657	-0.231286
49162		-0.298413	0.005323	-0.954422	-0.585665	0.788565	0.187514	0.753622	0.614928	-0.232200
49163		-0.302125	0.009813	-0.953218	-0.584019	0.788408	0.193223	0.753421	0.615075	-0.232467
49164		-0.306076	0.014256	-0.951900	-0.582852	0.787781	0.199210	0.752729	0.615790	-0.232812
49165		-0.310257	0.018531	-0.950472	-0.582603	0.786347	0.205507	0.751209	0.617508	-0.233173
49166		-0.314181	0.022820	-0.949089	-0.583518	0.783937	0.212014	0.748864	0.620421	-0.232983
49168		-0.321584	0.030780	-0.946381	-0.586698	0.778017	0.224666	0.743216	0.627489	-0.232139
49169		-0.325029	0.034509	-0.945074	-0.588340	0.775023	0.230640	0.740414	0.630990	-0.231602
49170		-0.328170	0.038384	-0.943838	-0.589474	0.772430	0.236372	0.738122	0.633939	-0.230862
49171		-0.331134	0.042261	-0.942637	-0.590127	0.770237	0.241835	0.736274	0.636356	-0.230112
49172		-0.333965	0.046148	-0.941455	-0.590575	0.768204	0.247152	0.734635	0.638540	-0.229300
49173		-0.336833	0.049747	-0.940249	-0.591387	0.765876	0.252379	0.732669	0.641061	-0.228553
49174		-0.339722	0.053077	-0.939027	-0.592777	0.763063	0.257586	0.730209	0.644141	-0.227766
49175		-0.342336	0.056140	-0.937899	-0.594436	0.760102	0.262469	0.727634	0.647374	-0.226839
49176		-0.344625	0.059234	-0.936870	-0.596177	0.757095	0.267169	0.725125	0.650614	-0.225600
49177		-0.346495	0.062325	-0.935979	-0.597909	0.754162	0.271561	0.722805	0.653724	-0.224049
49180		-0.349550	0.071968	-0.934150	-0.602698	0.746099	0.283004	0.717335	0.661934	-0.217424
49181		-0.350107	0.074531	-0.933740	-0.605251	0.742794	0.286229	0.714910	0.665358	-0.214947
49182		-0.350354	0.077124	-0.933437	-0.608859	0.738547	0.289550	0.711718	0.669776	-0.211795
49185		-0.348325	0.085903	-0.933429	-0.621336	0.724445	0.298532	0.701863	0.683959	-0.198968
49186		-0.346507	0.089072	-0.933809	-0.625038	0.720375	0.300646	0.699471	0.687842	-0.193941
49187		-0.344066	0.091959	-0.934431	-0.628845	0.716461	0.302055	0.697260	0.691540	-0.188682
49188		-0.341302	0.094454	-0.935196	-0.633089	0.712316	0.302991	0.694774	0.695474	-0.183318
49190		-0.334219	0.097351	-0.937454	-0.642286	0.704402	0.302136	0.689758	0.703093	-0.172897
49191		-0.329160	0.097914	-0.939184	-0.646287	0.701791	0.299671	0.688453	0.705622	-0.167721
49192		-0.322975	0.097232	-0.941400	-0.650255	0.699941	0.295382	0.687645	0.707551	-0.162838
49193		-0.315239	0.095671	-0.944178	-0.654245	0.698786	0.289244	0.687450	0.708905	-0.157692
49195		-0.293798	0.088804	-0.951733	-0.664804	0.696437	0.270207	0.686817	0.712102	-0.145575
49196		-0.280080	0.083167	-0.956367	-0.671709	0.694759	0.257133	0.685830	0.714418	-0.138724
49197		-0.264420	0.075860	-0.961420	-0.679544	0.692728	0.241554	0.684326	0.717198	-0.131620
49198		-0.246927	0.067735	-0.966664	-0.687327	0.690950	0.223988	0.683088	0.719722	-0.124058
49199		-0.227844	0.058260	-0.971953	-0.694264	0.690169	0.204118	0.682704	0.721299	-0.116803
49200		-0.208000	0.048099	-0.976945	-0.699247	0.691086	0.182901	0.683951	0.721170	-0.110113
49201		-0.187953	0.036949	-0.981483	-0.702701	0.693109	0.160660	0.686211	0.719885	-0.104308
49202		-0.168679	0.025680	-0.985336	-0.704193	0.696330	0.138699	0.689681	0.717262	-0.099373
49203		-0.150987	0.013259	-0.988447	-0.704898	0.699583	0.117059	0.693052	0.714429	-0.096282
49204		-0.135291	0.000248	-0.990806	-0.705741	0.701861	0.096542	0.695432	0.712314	-0.094780
49206		-0.109690	-0.026776	-0.993605	-0.712129	0.699500	0.059766	0.693426	0.714131	-0.095796
49208		-0.085147	-0.048771	-0.995174	-0.730168	0.682651	0.029018	0.677941	0.729115	-0.093737
49209		-0.072180	-0.057859	-0.995712	-0.741538	0.670748	0.014778	0.667016	0.739425	-0.091319
49210		-0.061600	-0.068016	-0.995781	-0.752491	0.658601	0.001564	0.655716	0.749412	-0.091751
49211		-0.052587	-0.079130	-0.995476	-0.760977	0.648679	-0.011364	0.646644	0.756937	-0.094328
49212		-0.044079	-0.089734	-0.994990	-0.765969	0.642429	-0.024004	0.641365	0.761073	-0.097051
49213		-0.035493	-0.099758	-0.994378	-0.767145	0.640414	-0.036865	0.640491	0.761524	-0.099259
49214		-0.026980	-0.108770	-0.993701	-0.765430	0.641616	-0.049449	0.642953	0.759275	-0.100567
49215		-0.018758	-0.117257	-0.992925	-0.761831	0.644826	-0.061757	0.647504	0.755282	-0.101425
49216		-0.011610	-0.125467	-0.992030	-0.756437	0.649941	-0.073348	0.653964	0.749556	-0.102454
49217		-0.005413	-0.133910	-0.990979	-0.750127	0.655869	-0.084530	0.661271	0.742902	-0.104000
49218		0.000051	-0.142094	-0.989853	-0.743246	0.662224	-0.095102	0.669018	0.735709	-0.105577
49219		0.005223	-0.149984	-0.988675	-0.735186	0.669611	-0.105466	0.677846	0.727410	-0.106769
49220		0.009771	-0.157269	-0.987507	-0.724614	0.679429	-0.115375	0.689086	0.716689	-0.107321
49221		0.013789	-0.164277	-0.986318	-0.712379	0.690577	-0.124979	0.701660	0.704355	-0.107505
49222		0.017309	-0.170360	-0.985230	-0.699492	0.702026	-0.133679	0.714431	0.691474	-0.107014
49223		0.020503	-0.176013	-0.984174	-0.686326	0.713322	-0.141871	0.727005	0.678374	-0.106177
49224		0.022863	-0.181305	-0.983161	-0.672479	0.724897	-0.149316	0.739763	0.664569	-0.105351
49225		0.024816	-0.186365	-0.982167	-0.659567	0.735242	-0.156176	0.751236	0.651681	-0.104675
49227		0.026097	-0.194351	-0.980585	-0.636403	0.753233	-0.166227	0.770915	0.628385	-0.104028
49228		0.025795	-0.196906	-0.980083	-0.624936	0.762043	-0.169548	0.780250	0.616862	-0.103397
49229		0.024849	-0.198856	-0.979714	-0.613555	0.770694	-0.171993	0.789261	0.605382	-0.102858
49230		0.023103	-0.200592	-0.979402	-0.602878	0.778694	-0.173706	0.797499	0.594473	-0.102942
49231		0.021204	-0.201590	-0.979240	-0.592200	0.786612	-0.174758	0.805512	0.583612	-0.102702
49232		0.019878	-0.201668	-0.979252	-0.582466	0.793730	-0.175285	0.812612	0.573866	-0.101687
49233		0.019479	-0.200552	-0.979489	-0.574035	0.799870	-0.175190	0.818599	0.565674	-0.099543
49234		0.019352	-0.198873	-0.979834	-0.566475	0.805359	-0.174649	0.823852	0.558431	-0.097071
49235		0.018793	-0.197160	-0.980191	-0.559157	0.810645	-0.173777	0.828849	0.551347	-0.095009
49236		0.017940	-0.195262	-0.980587	-0.552049	0.815764	-0.172541	0.833619	0.544428	-0.093159
49237		0.016968	-0.193175	-0.981018	-0.544885	0.820876	-0.171065	0.838339	0.537445	-0.091330
49238		0.015799	-0.190917	-0.981479	-0.537663	0.825983	-0.169324	0.843012	0.530380	-0.089599
49239		0.014495	-0.188475	-0.981971	-0.530892	0.830763	-0.167290	0.847316	0.523745	-0.088018
49240		0.013123	-0.185950	-0.982471	-0.524841	0.835044	-0.165057	0.851099	0.517808	-0.086636
49241		0.012014	-0.183337	-0.982977	-0.520011	0.838512	-0.162748	0.854075	0.513114	-0.085264
49242		0.011293	-0.180712	-0.983471	-0.517127	0.840740	-0.160424	0.855834	0.510392	-0.083956
49243		0.010745	-0.178241	-0.983928	-0.516311	0.841679	-0.158110	0.856334	0.509712	-0.082984
49244		0.009939	-0.176397	-0.984269	-0.516808	0.841754	-0.156075	0.856044	0.510229	-0.082797
49245		0.007916	-0.175806	-0.984393	-0.518330	0.841129	-0.154388	0.855144	0.511463	-0.084467
49246		0.004417	-0.176669	-0.984260	-0.522635	0.838735	-0.152893	0.852545	0.515084	-0.088629
49247		0.000664	-0.178199	-0.983994	-0.529675	0.834562	-0.151495	0.848200	0.521298	-0.093833
49248		-0.002714	-0.179978	-0.983667	-0.537415	0.829808	-0.150345	0.843314	0.528229	-0.098975
49249		-0.005592	-0.181856	-0.983309	-0.544127	0.825560	-0.149587	0.838984	0.534209	-0.103569
49250		-0.008302	-0.184339	-0.982828	-0.548768	0.822475	-0.149628	0.835934	0.538102	-0.107988
49251		-0.010331	-0.187035	-0.982299	-0.550194	0.821344	-0.150602	0.834973	0.538899	-0.111391
49252		-0.011053	-0.189826	-0.981755	-0.548975	0.821770	-0.152712	0.835765	0.537272	-0.113293
49253		-0.011249	-0.192826	-0.981168	-0.546476	0.822919	-0.155460	0.837399	0.534436	-0.114632
49254		-0.011928	-0.196698	-0.980392	-0.544357	0.823716	-0.158641	0.838769	0.531791	-0.116899
49255		-0.013781	-0.201367	-0.979419	-0.543562	0.823648	-0.161693	0.839256	0.530147	-0.120806
49256		-0.015920	-0.206224	-0.978375	-0.543957	0.822814	-0.164583	0.838962	0.529574	-0.125276
49257		-0.017851	-0.210566	-0.977417	-0.544684	0.821825	-0.167099	0.838451	0.529400	-0.129362
49258		-0.019635	-0.214591	-0.976507	-0.544286	0.821577	-0.169600	0.838670	0.528169	-0.132930
49259		-0.021287	-0.217746	-0.975773	-0.541581	0.822903	-0.171818	0.840379	0.524802	-0.135444
49260		-0.022919	-0.220264	-0.975171	-0.536639	0.825700	-0.173891	0.843500	0.519330	-0.137127
49261		-0.025173	-0.221907	-0.974743	-0.529408	0.830059	-0.175297	0.847994	0.511624	-0.138374
49262		-0.027830	-0.222453	-0.974546	-0.520689	0.835444	-0.175831	0.853293	0.502542	-0.139079
49263		-0.031334	-0.221509	-0.974655	-0.511730	0.841192	-0.174725	0.858575	0.493286	-0.139711
49264		-0.036381	-0.219582	-0.974915	-0.504745	0.846018	-0.171715	0.862501	0.485837	-0.141612
49265		-0.043448	-0.216564	-0.975301	-0.500127	0.849810	-0.166419	0.864861	0.480544	-0.145232
49266		-0.051658	-0.212632	-0.975766	-0.498828	0.851947	-0.159242	0.865160	0.478513	-0.150076
49267		-0.060360	-0.207787	-0.976310	-0.501188	0.852172	-0.150382	0.863231	0.480237	-0.155577
49268		-0.068904	-0.202426	-0.976870	-0.506611	0.850644	-0.140536	0.859417	0.485210	-0.161164
49269		-0.076570	-0.196921	-0.977425	-0.513794	0.847918	-0.130579	0.854490	0.492197	-0.166101
49270		-0.082914	-0.193168	-0.977656	-0.522307	0.843921	-0.122448	0.848717	0.500484	-0.170866
49272		-0.090749	-0.194388	-0.976718	-0.550301	0.827216	-0.113504	0.830020	0.527188	-0.182041
49273		-0.096810	-0.201970	-0.974595	-0.561884	0.819326	-0.113979	0.821532	0.536575	-0.192803
49274		-0.104372	-0.212015	-0.971677	-0.566798	0.815499	-0.117055	0.817219	0.538527	-0.205285
49275		-0.107566	-0.218165	-0.969966	-0.569751	0.813055	-0.119689	0.814747	0.539765	-0.211757
49276		-0.105426	-0.218221	-0.970188	-0.572477	0.811060	-0.120220	0.813115	0.542736	-0.210433
49277		-0.105829	-0.217167	-0.970381	-0.581163	0.805354	-0.116853	0.806877	0.551583	-0.211439
49278		-0.110747	-0.216357	-0.970013	-0.599140	0.793255	-0.108528	0.792948	0.569154	-0.217479
49279		-0.117079	-0.214468	-0.969688	-0.621170	0.777650	-0.096995	0.774880	0.590986	-0.224268
49280		-0.123671	-0.211431	-0.969537	-0.641690	0.762307	-0.084388	0.756928	0.611706	-0.229949
49281		-0.130423	-0.207671	-0.969465	-0.656059	0.751204	-0.072657	0.743355	0.626551	-0.234218
49284		-0.146371	-0.191334	-0.970550	-0.674030	0.737409	-0.043720	0.724057	0.647781	-0.236900
49285		-0.149980	-0.184466	-0.971328	-0.675791	0.736239	-0.035473	0.721673	0.651095	-0.235082
49286		-0.153584	-0.177630	-0.972039	-0.676112	0.736277	-0.027720	0.720614	0.652950	-0.233178
49287		-0.157313	-0.171183	-0.972599	-0.675557	0.737024	-0.020452	0.720330	0.653829	-0.231588
49288		-0.160845	-0.165193	-0.973057	-0.672684	0.739789	-0.014398	0.722236	0.652244	-0.230114
49289		-0.164072	-0.159223	-0.973514	-0.667992	0.744112	-0.009123	0.725856	0.648803	-0.228447
49290		-0.167238	-0.153301	-0.973925	-0.662393	0.749145	-0.004176	0.730251	0.644422	-0.226831
49291		-0.170964	-0.147634	-0.974154	-0.656384	0.754427	0.000862	0.734800	0.639566	-0.225885
49292		-0.175294	-0.142187	-0.974195	-0.651063	0.758997	0.006373	0.738505	0.635379	-0.225620
49293		-0.179836	-0.136476	-0.974183	-0.646628	0.762702	0.012520	0.741303	0.632186	-0.225411
49294		-0.184570	-0.130528	-0.974113	-0.642605	0.765959	0.019121	0.743635	0.629499	-0.225251
49295		-0.189288	-0.124078	-0.974051	-0.638688	0.769021	0.026156	0.745820	0.627066	-0.224814
49296		-0.194326	-0.117785	-0.973840	-0.635421	0.771439	0.033491	0.747313	0.625307	-0.224754
49297		-0.199698	-0.111901	-0.973447	-0.633648	0.772525	0.041185	0.747403	0.625047	-0.225178
49298		-0.205170	-0.106457	-0.972919	-0.633430	0.772242	0.049080	0.746104	0.626346	-0.225874
49299		-0.210508	-0.101054	-0.972355	-0.634294	0.770974	0.057195	0.743880	0.628799	-0.226394
49300		-0.215818	-0.095993	-0.971704	-0.635446	0.769394	0.065127	0.741371	0.631521	-0.227047
49301		-0.221058	-0.090916	-0.971014	-0.636619	0.767711	0.073050	0.738816	0.634314	-0.227587
49302		-0.226121	-0.085716	-0.970321	-0.637655	0.766060	0.080925	0.736387	0.637028	-0.227880
49303		-0.231025	-0.080252	-0.969632	-0.637798	0.765086	0.088640	0.734739	0.638908	-0.227938
49304		-0.236273	-0.075140	-0.968777	-0.637389	0.764519	0.096154	0.733424	0.640206	-0.228529
49305		-0.241493	-0.069999	-0.967875	-0.636230	0.764532	0.103452	0.732730	0.640774	-0.229164
49306		-0.246629	-0.064928	-0.966932	-0.634369	0.765102	0.110429	0.732632	0.640627	-0.229885
49308		-0.257352	-0.055354	-0.964731	-0.630771	0.765946	0.124317	0.732051	0.640517	-0.232034
49309		-0.262689	-0.050688	-0.963548	-0.628798	0.766436	0.131109	0.731852	0.640318	-0.233206
49310		-0.267654	-0.045712	-0.962430	-0.626097	0.767496	0.137666	0.732369	0.639421	-0.234044
49311		-0.272111	-0.040441	-0.961416	-0.623183	0.768696	0.144046	0.733211	0.638334	-0.234373
49312		-0.276301	-0.035034	-0.960432	-0.620336	0.769785	0.150381	0.734058	0.637341	-0.234425
49313		-0.280389	-0.029971	-0.959419	-0.617730	0.770669	0.156456	0.734705	0.636530	-0.234601
49314		-0.284277	-0.025183	-0.958412	-0.615369	0.771358	0.162258	0.735193	0.635902	-0.234776
49315		-0.288078	-0.020738	-0.957383	-0.613199	0.771902	0.167792	0.735526	0.635403	-0.235084
49316		-0.291774	-0.016538	-0.956344	-0.610597	0.772831	0.172924	0.736233	0.634396	-0.235590
49317		-0.295299	-0.012339	-0.955325	-0.607630	0.774057	0.177825	0.737282	0.632996	-0.236076
49318		-0.298573	-0.008062	-0.954353	-0.605088	0.774898	0.182758	0.738053	0.632034	-0.236242
49319		-0.301692	-0.003623	-0.953398	-0.603260	0.775082	0.187949	0.738281	0.631850	-0.236022
49320		-0.304957	0.000762	-0.952366	-0.601725	0.774960	0.193299	0.738192	0.632010	-0.235871
49321		-0.308503	0.004789	-0.951211	-0.600487	0.774566	0.198653	0.737727	0.632475	-0.236080
49322		-0.312192	0.008373	-0.949982	-0.599660	0.773847	0.203886	0.736848	0.633318	-0.236568
49323		-0.315819	0.011526	-0.948749	-0.599142	0.772928	0.208832	0.735722	0.634389	-0.237199
49324		-0.319334	0.014294	-0.947534	-0.599065	0.771702	0.213536	0.734266	0.635824	-0.237868
49326		-0.324567	0.020634	-0.945638	-0.601642	0.766938	0.223233	0.729852	0.641389	-0.236508
49327		-0.326404	0.024309	-0.944918	-0.604992	0.762709	0.228604	0.726255	0.646285	-0.234245
49328		-0.327819	0.028341	-0.944315	-0.609527	0.757343	0.234326	0.721812	0.652402	-0.230997
49329		-0.328993	0.032536	-0.943772	-0.614903	0.751117	0.240245	0.716700	0.659367	-0.227106
49330		-0.330057	0.036638	-0.943250	-0.620686	0.744434	0.246103	0.711203	0.666690	-0.222965
49331		-0.331060	0.040419	-0.942744	-0.626961	0.737244	0.251776	0.705209	0.674416	-0.218731
49332		-0.331655	0.044211	-0.942364	-0.632976	0.730258	0.257029	0.699533	0.681739	-0.214209
49333		-0.331790	0.047887	-0.942137	-0.638438	0.723842	0.261629	0.694487	0.688302	-0.209590
49335		-0.330823	0.054249	-0.942132	-0.646816	0.713919	0.268233	0.687157	0.698124	-0.201092
49336		-0.329303	0.056703	-0.942520	-0.650027	0.710385	0.269848	0.684853	0.701526	-0.197073
49337		-0.327131	0.058615	-0.943159	-0.652557	0.707878	0.270330	0.683487	0.703899	-0.193319
49338		-0.324287	0.059453	-0.944088	-0.654802	0.706161	0.269390	0.682694	0.705551	-0.190069
49339		-0.320182	0.059718	-0.945472	-0.657329	0.704677	0.267112	0.682204	0.707010	-0.186370
49341		-0.307063	0.058669	-0.949879	-0.663355	0.702485	0.257828	0.682402	0.709276	-0.176789
49342		-0.297955	0.057116	-0.952870	-0.667096	0.701541	0.250646	0.682793	0.710337	-0.170926
49343		-0.286970	0.054489	-0.956389	-0.671594	0.700483	0.241425	0.683089	0.711586	-0.164423
49344		-0.274096	0.050938	-0.960352	-0.676371	0.699679	0.230156	0.683662	0.712639	-0.157326
49345		-0.259487	0.045940	-0.964653	-0.681488	0.699039	0.216607	0.684281	0.713606	-0.150085
49346		-0.243422	0.039950	-0.969097	-0.686388	0.698843	0.201219	0.685286	0.714158	-0.142692
49347		-0.226142	0.032668	-0.973546	-0.690699	0.699366	0.183908	0.686873	0.714017	-0.135592
49348		-0.208052	0.024479	-0.977811	-0.693464	0.701318	0.165107	0.689798	0.712428	-0.128935
49349		-0.189703	0.015162	-0.981724	-0.694918	0.704285	0.145159	0.693615	0.709755	-0.123069
49350		-0.171736	0.005033	-0.985130	-0.695444	0.707651	0.124851	0.697757	0.706544	-0.118029
49351		-0.154848	-0.006373	-0.987918	-0.695471	0.710926	0.104423	0.701671	0.703238	-0.114518
49352		-0.139455	-0.018347	-0.990058	-0.695570	0.713442	0.084754	0.704794	0.700475	-0.112254
49353		-0.125437	-0.030347	-0.991637	-0.696965	0.714033	0.066311	0.706050	0.699454	-0.110717
49355		-0.099334	-0.050744	-0.993759	-0.707670	0.705691	0.034703	0.699526	0.706701	-0.106009
49356		-0.085994	-0.059533	-0.994515	-0.719240	0.694456	0.020621	0.689419	0.717068	-0.102537
49357		-0.073844	-0.068948	-0.994883	-0.731680	0.681612	0.007070	0.677637	0.728458	-0.100781
49358		-0.063534	-0.079830	-0.994782	-0.743483	0.668726	-0.006180	0.665730	0.739211	-0.101839
49359		-0.054772	-0.091058	-0.994338	-0.753757	0.656889	-0.018636	0.654866	0.748469	-0.104615
49360		-0.046172	-0.101056	-0.993809	-0.761173	0.647831	-0.030511	0.646903	0.755052	-0.106832
49361		-0.037939	-0.110231	-0.993182	-0.764773	0.642920	-0.042143	0.643181	0.757960	-0.108693
49362		-0.030024	-0.119047	-0.992435	-0.764555	0.642300	-0.053917	0.643859	0.757152	-0.110302
49363		-0.022301	-0.126986	-0.991654	-0.761075	0.645346	-0.065524	0.648280	0.753262	-0.111038
49364		-0.014773	-0.134500	-0.990803	-0.755138	0.651015	-0.077115	0.655400	0.747054	-0.111184
49365		-0.007489	-0.141856	-0.989859	-0.747210	0.658637	-0.088736	0.664545	0.738968	-0.110929
49366		-0.000268	-0.148785	-0.988869	-0.737304	0.668071	-0.100318	0.675561	0.729071	-0.109879
49367		0.006449	-0.155736	-0.987778	-0.725545	0.679033	-0.111795	0.688144	0.717398	-0.108615
49368		0.012727	-0.162739	-0.986587	-0.713260	0.690019	-0.123021	0.700784	0.705259	-0.107294
49369		0.018361	-0.169418	-0.985373	-0.699784	0.701733	-0.133691	0.714118	0.692003	-0.105672
49370		0.023173	-0.176321	-0.984060	-0.685705	0.713495	-0.143989	0.727511	0.678112	-0.104370
49371		0.026937	-0.183097	-0.982726	-0.671783	0.724683	-0.153434	0.740258	0.664311	-0.103481
49372		0.029856	-0.190161	-0.981299	-0.659070	0.734347	-0.162358	0.751488	0.651592	-0.103404
49373		0.031718	-0.196814	-0.979928	-0.647360	0.742944	-0.170170	0.761524	0.639764	-0.103845
49374		0.032904	-0.202207	-0.978790	-0.635856	0.751334	-0.176592	0.771106	0.628180	-0.103852
49375		0.033713	-0.206194	-0.977930	-0.624074	0.759935	-0.181744	0.780638	0.616428	-0.103061
49376		0.033550	-0.209772	-0.977175	-0.611826	0.768802	-0.186047	0.790281	0.604103	-0.102550
49377		0.032336	-0.212862	-0.976547	-0.599531	0.777629	-0.189355	0.799698	0.591593	-0.102472
49378		0.030899	-0.215309	-0.976057	-0.587324	0.786241	-0.192030	0.808762	0.579195	-0.102162
49379		0.029267	-0.217167	-0.975695	-0.575495	0.794440	-0.194087	0.817281	0.567189	-0.101728
49380		0.028144	-0.218186	-0.975501	-0.565397	0.801306	-0.195537	0.824339	0.557049	-0.100810
