// Start Time: Unknown
// Update Rate: 100.0Hz
// Filter Profile: human (46.1)
// Option Flags: AHS Disabled ICC Disabled 
// Firmware Version: 4.0.2
PacketCounter	SampleTimeFine	Mat[1][1]	Mat[2][1]	Mat[3][1]	Mat[1][2]	Mat[2][2]	Mat[3][2]	Mat[1][3]	Mat[2][3]	Mat[3][3]
12703		-0.036891	0.145892	-0.988612	0.879292	0.474823	0.037259	0.474851	-0.867905	-0.145798
12704		-0.035509	0.147104	-0.988483	0.880774	0.471961	0.038597	0.472203	-0.869260	-0.146324
12705		-0.034906	0.148695	-0.988267	0.881444	0.470619	0.039676	0.470997	-0.869717	-0.147494
12706		-0.034104	0.149925	-0.988109	0.883338	0.466994	0.040369	0.467493	-0.871458	-0.148361
12707		-0.033569	0.151114	-0.987946	0.884553	0.464632	0.041013	0.465230	-0.872514	-0.149266
12708		-0.032762	0.151981	-0.987840	0.886500	0.460864	0.041504	0.461568	-0.874360	-0.149830
12709		-0.032200	0.152875	-0.987721	0.887562	0.458764	0.042071	0.459562	-0.875308	-0.150458
12710		-0.031325	0.153466	-0.987657	0.889315	0.455312	0.042542	0.456221	-0.877006	-0.150742
12711		-0.030625	0.154163	-0.987571	0.890650	0.452647	0.043040	0.453657	-0.878262	-0.151168
12712		-0.030031	0.154909	-0.987472	0.892300	0.449356	0.043356	0.450443	-0.879819	-0.151720
12713		-0.029608	0.155908	-0.987328	0.893764	0.446404	0.043689	0.447559	-0.881145	-0.152563
12714		-0.029149	0.156921	-0.987181	0.895184	0.443512	0.044067	0.444742	-0.882424	-0.153401
12715		-0.028560	0.157860	-0.987048	0.896295	0.441207	0.044628	0.442538	-0.883412	-0.154090
12716		-0.027845	0.158744	-0.986927	0.897407	0.438875	0.045272	0.440325	-0.884414	-0.154678
12717		-0.027089	0.159771	-0.986782	0.898578	0.436397	0.045990	0.437977	-0.885455	-0.155388
12718		-0.026310	0.160974	-0.986608	0.899727	0.433935	0.046807	0.435659	-0.886447	-0.156250
12719		-0.025538	0.162311	-0.986409	0.900636	0.431942	0.047757	0.433823	-0.887176	-0.157214
12720		-0.024636	0.163587	-0.986221	0.901391	0.430243	0.048849	0.432306	-0.887767	-0.158055
12721		-0.023600	0.164851	-0.986036	0.902020	0.428777	0.050096	0.431048	-0.888242	-0.158818
12722		-0.022479	0.166053	-0.985861	0.902563	0.427476	0.051422	0.429970	-0.888646	-0.159483
12723		-0.021300	0.167340	-0.985669	0.902989	0.426398	0.052878	0.429136	-0.888922	-0.160188
12724		-0.020191	0.168634	-0.985472	0.903360	0.425433	0.054292	0.428408	-0.889140	-0.160927
12725		-0.019047	0.169869	-0.985282	0.903784	0.424350	0.055690	0.427564	-0.889422	-0.161608
12726		-0.017969	0.171169	-0.985078	0.904179	0.423324	0.057064	0.426775	-0.889662	-0.162374
12727		-0.016912	0.172455	-0.984872	0.904565	0.422315	0.058416	0.426001	-0.889893	-0.163139
12728		-0.015944	0.173704	-0.984669	0.904973	0.421265	0.059662	0.425170	-0.890148	-0.163914
12729		-0.014944	0.174742	-0.984501	0.905418	0.420140	0.060828	0.424257	-0.890476	-0.164494
12730		-0.013856	0.175362	-0.984406	0.905891	0.418965	0.061883	0.423284	-0.890908	-0.164664
12731		-0.012799	0.175863	-0.984331	0.906374	0.417775	0.062856	0.422283	-0.891367	-0.164744
12732		-0.011803	0.176291	-0.984267	0.906878	0.416547	0.063732	0.421229	-0.891858	-0.164791
12733		-0.010882	0.176826	-0.984182	0.907422	0.415230	0.064570	0.420080	-0.892366	-0.164974
12734		-0.009933	0.177208	-0.984123	0.907963	0.413920	0.065369	0.418933	-0.892898	-0.165010
12735		-0.008934	0.177500	-0.984080	0.908477	0.412662	0.066184	0.417840	-0.893423	-0.164942
12736		-0.007969	0.177899	-0.984017	0.908881	0.411628	0.067057	0.416979	-0.893820	-0.164969
12737		-0.007113	0.178492	-0.983916	0.909147	0.410892	0.067967	0.416415	-0.894041	-0.165198
12738		-0.006300	0.179144	-0.983803	0.909225	0.410558	0.068937	0.416258	-0.894064	-0.165468
12739		-0.005505	0.179676	-0.983710	0.909188	0.410479	0.069886	0.416349	-0.893993	-0.165619
12740		-0.004716	0.179928	-0.983668	0.909105	0.410518	0.070731	0.416540	-0.893924	-0.165510
12741		-0.004105	0.180258	-0.983611	0.909039	0.410542	0.071442	0.416691	-0.893847	-0.165547
12742		-0.003750	0.180706	-0.983530	0.908849	0.410861	0.072022	0.417109	-0.893610	-0.165775
12743		-0.003453	0.180869	-0.983501	0.908573	0.411392	0.072467	0.417712	-0.893332	-0.165753
12744		-0.003234	0.180828	-0.983509	0.908254	0.412042	0.072771	0.418406	-0.893041	-0.165571
12745		-0.003250	0.180779	-0.983518	0.907989	0.412614	0.072841	0.418982	-0.892787	-0.165486
12746		-0.003490	0.180688	-0.983534	0.907840	0.412976	0.072647	0.419303	-0.892638	-0.165477
12747		-0.004122	0.180726	-0.983525	0.907702	0.413365	0.072153	0.419595	-0.892450	-0.165749
12748		-0.004993	0.180826	-0.983502	0.907589	0.413734	0.071461	0.419831	-0.892259	-0.166181
12749		-0.006092	0.180674	-0.983524	0.907626	0.413835	0.070400	0.419737	-0.892243	-0.166505
12750		-0.007428	0.180328	-0.983578	0.907736	0.413827	0.069015	0.419476	-0.892317	-0.166764
12751		-0.008910	0.179914	-0.983642	0.907862	0.413806	0.067464	0.419175	-0.892410	-0.167024
12752		-0.010509	0.179558	-0.983691	0.907909	0.413961	0.065863	0.419036	-0.892410	-0.167372
12753		-0.012249	0.179473	-0.983687	0.907790	0.414465	0.064315	0.419247	-0.892193	-0.168001
12754		-0.013934	0.179183	-0.983717	0.907354	0.415641	0.062856	0.420136	-0.891704	-0.168374
12755		-0.015611	0.178701	-0.983780	0.906572	0.417552	0.061462	0.421762	-0.890908	-0.168524
12756		-0.017337	0.178383	-0.983808	0.905585	0.419876	0.060173	0.423811	-0.889879	-0.168820
12757		-0.019110	0.178422	-0.983768	0.904620	0.422118	0.058986	0.425791	-0.888809	-0.169471
12758		-0.020784	0.178613	-0.983700	0.904005	0.423595	0.057813	0.427016	-0.888068	-0.170271
12759		-0.022137	0.178652	-0.983663	0.903785	0.424214	0.056706	0.427414	-0.887765	-0.170854
12760		-0.023208	0.178618	-0.983645	0.903736	0.424444	0.055751	0.427460	-0.887662	-0.171274
12761		-0.023986	0.178554	-0.983638	0.903513	0.425001	0.055116	0.427889	-0.887408	-0.171520
12762		-0.024519	0.178508	-0.983633	0.903018	0.426091	0.054817	0.428903	-0.886894	-0.171643
12763		-0.024817	0.178642	-0.983601	0.902410	0.427373	0.054851	0.430163	-0.886250	-0.171814
12764		-0.025016	0.178973	-0.983536	0.901938	0.428348	0.055006	0.431141	-0.885712	-0.172138
12765		-0.025034	0.179358	-0.983465	0.901741	0.428733	0.055235	0.431550	-0.885449	-0.172468
12766		-0.024778	0.179608	-0.983426	0.901833	0.428501	0.055537	0.431374	-0.885510	-0.172594
12767		-0.024311	0.179821	-0.983399	0.902072	0.427943	0.055952	0.430900	-0.885736	-0.172615
12768		-0.023767	0.179971	-0.983385	0.902326	0.427347	0.056402	0.430398	-0.885994	-0.172550
12769		-0.023179	0.180074	-0.983380	0.902621	0.426665	0.056855	0.429812	-0.886301	-0.172429
12770		-0.022751	0.180465	-0.983318	0.902848	0.426123	0.057316	0.429358	-0.886483	-0.172627
12771		-0.022532	0.181120	-0.983203	0.902978	0.425790	0.057743	0.429096	-0.886509	-0.173141
12772		-0.022325	0.181629	-0.983114	0.903107	0.425468	0.058097	0.428836	-0.886560	-0.173528
12773		-0.022200	0.182095	-0.983030	0.903252	0.425124	0.058351	0.428535	-0.886629	-0.173915
12774		-0.022062	0.182397	-0.982977	0.903496	0.424584	0.058506	0.428028	-0.886826	-0.174162
12775		-0.021883	0.182500	-0.982962	0.903879	0.423761	0.058554	0.427227	-0.887198	-0.174231
12776		-0.021684	0.182510	-0.982965	0.904204	0.423062	0.058604	0.426551	-0.887530	-0.174200
12777		-0.021587	0.182770	-0.982919	0.904326	0.422779	0.058753	0.426295	-0.887611	-0.174410
12778		-0.021644	0.183327	-0.982814	0.904352	0.422699	0.058931	0.426238	-0.887534	-0.174941
12779		-0.021588	0.183829	-0.982721	0.904430	0.422499	0.059165	0.426075	-0.887526	-0.175381
12780		-0.021391	0.184204	-0.982655	0.904510	0.422285	0.059469	0.425915	-0.887550	-0.175647
12781		-0.021129	0.184598	-0.982587	0.904567	0.422110	0.059850	0.425808	-0.887551	-0.175900
12782		-0.020796	0.185163	-0.982488	0.904683	0.421791	0.060343	0.425577	-0.887585	-0.176285
12783		-0.020409	0.185757	-0.982384	0.904865	0.421324	0.060868	0.425208	-0.887683	-0.176684
12784		-0.019968	0.186382	-0.982274	0.905084	0.420770	0.061440	0.424763	-0.887814	-0.177094
12785		-0.019502	0.186948	-0.982176	0.905420	0.419971	0.061959	0.424068	-0.888074	-0.177457
12786		-0.019062	0.187468	-0.982086	0.905783	0.419118	0.062424	0.423312	-0.888367	-0.177794
12787		-0.018592	0.187937	-0.982005	0.906144	0.418268	0.062892	0.422561	-0.888668	-0.178075
12788		-0.018162	0.188481	-0.981909	0.906526	0.417370	0.063348	0.421759	-0.888975	-0.178444
12789		-0.017825	0.189035	-0.981809	0.907006	0.416275	0.063681	0.420740	-0.889371	-0.178876
12790		-0.017513	0.189494	-0.981726	0.907464	0.415234	0.063961	0.419766	-0.889760	-0.179231
12791		-0.017151	0.189791	-0.981675	0.907891	0.414256	0.064227	0.418855	-0.890152	-0.179414
12792		-0.016804	0.189995	-0.981641	0.908329	0.413263	0.064437	0.417918	-0.890571	-0.179522
12793		-0.016505	0.190371	-0.981573	0.908777	0.412241	0.064671	0.416956	-0.890964	-0.179809
12794		-0.016198	0.190781	-0.981499	0.909164	0.411342	0.064951	0.416123	-0.891292	-0.180114
12795		-0.015883	0.191275	-0.981408	0.909548	0.410441	0.065275	0.415295	-0.891601	-0.180493
12796		-0.015709	0.191839	-0.981301	0.909987	0.409434	0.065475	0.414338	-0.891943	-0.181003
12797		-0.015472	0.192345	-0.981205	0.910479	0.408306	0.065684	0.413266	-0.892351	-0.181443
12798		-0.015154	0.192665	-0.981148	0.910959	0.407201	0.065891	0.412219	-0.892786	-0.181681
12799		-0.014873	0.193063	-0.981074	0.911400	0.406175	0.066114	0.411252	-0.893168	-0.181999
12800		-0.014674	0.193481	-0.980994	0.911710	0.405445	0.066328	0.410573	-0.893409	-0.182348
12801		-0.014542	0.193965	-0.980901	0.911935	0.404902	0.066547	0.410077	-0.893550	-0.182771
12802		-0.014681	0.194780	-0.980737	0.912038	0.404644	0.066712	0.409843	-0.893490	-0.183587
12803		-0.014776	0.195405	-0.980611	0.912052	0.404585	0.066879	0.409809	-0.893380	-0.184197
12804		-0.014839	0.195643	-0.980563	0.912119	0.404432	0.066889	0.409658	-0.893397	-0.184451
12805		-0.014919	0.195824	-0.980526	0.912155	0.404352	0.066876	0.409573	-0.893394	-0.184655
12806		-0.014879	0.195950	-0.980501	0.912223	0.404190	0.066933	0.409425	-0.893439	-0.184763
12807		-0.014798	0.196164	-0.980459	0.912471	0.403622	0.066982	0.408874	-0.893649	-0.184967
12808		-0.014756	0.196656	-0.980361	0.912857	0.402736	0.067047	0.408012	-0.893941	-0.185462
12809		-0.014595	0.197108	-0.980273	0.913336	0.401630	0.067160	0.406944	-0.894339	-0.185888
12810		-0.014292	0.197499	-0.980199	0.913849	0.400429	0.067357	0.405803	-0.894791	-0.186207
12811		-0.014013	0.198131	-0.980075	0.914227	0.399508	0.067693	0.404960	-0.895063	-0.186735
12812		-0.013833	0.198888	-0.979925	0.914440	0.398956	0.068064	0.404484	-0.895141	-0.187390
12813		-0.013576	0.199546	-0.979794	0.914701	0.398293	0.068443	0.403903	-0.895290	-0.187932
12814		-0.013320	0.200096	-0.979686	0.914908	0.397756	0.068800	0.403442	-0.895406	-0.188367
12815		-0.013136	0.200825	-0.979539	0.914951	0.397581	0.069242	0.403352	-0.895321	-0.188967
12816		-0.013042	0.201461	-0.979410	0.914816	0.397820	0.069648	0.403660	-0.895071	-0.189489
12817		-0.013053	0.202086	-0.979281	0.914576	0.398310	0.070005	0.404204	-0.894713	-0.190022
12818		-0.013223	0.202661	-0.979160	0.914191	0.399146	0.070267	0.405068	-0.894210	-0.190549
12819		-0.013484	0.203136	-0.979058	0.913717	0.400197	0.070449	0.406127	-0.893632	-0.191005
12820		-0.013898	0.203485	-0.978979	0.913302	0.401150	0.070415	0.407046	-0.893125	-0.191418
12821		-0.014351	0.203520	-0.978966	0.913017	0.401844	0.070156	0.407670	-0.892805	-0.191584
12822		-0.014910	0.203485	-0.978965	0.912763	0.402488	0.069759	0.408216	-0.892523	-0.191735
12823		-0.015609	0.203485	-0.978954	0.912485	0.403206	0.069262	0.408813	-0.892199	-0.191971
12824		-0.016469	0.203544	-0.978927	0.912078	0.404221	0.068703	0.409687	-0.891726	-0.192305
12825		-0.017517	0.203757	-0.978865	0.911723	0.405136	0.068016	0.410432	-0.891262	-0.192867
12826		-0.018746	0.203947	-0.978802	0.911455	0.405888	0.067116	0.410972	-0.890876	-0.193498
12827		-0.019920	0.203889	-0.978791	0.911207	0.406603	0.066153	0.411468	-0.890563	-0.193885
12828		-0.021236	0.203892	-0.978763	0.910801	0.407671	0.065163	0.412300	-0.890074	-0.194363
12829		-0.022610	0.204032	-0.978703	0.910244	0.409056	0.064248	0.413453	-0.889406	-0.194968
12830		-0.024115	0.204267	-0.978618	0.909564	0.410713	0.063315	0.414865	-0.888588	-0.195699
12831		-0.025845	0.204875	-0.978447	0.908823	0.412494	0.062365	0.416381	-0.887623	-0.196856
12832		-0.027755	0.205493	-0.978265	0.908287	0.413853	0.061164	0.417426	-0.886847	-0.198133
12833		-0.029472	0.205749	-0.978161	0.908075	0.414511	0.059829	0.417768	-0.886481	-0.199052
12834		-0.031156	0.205863	-0.978085	0.907867	0.415163	0.058463	0.418100	-0.886149	-0.199831
12835		-0.032761	0.206029	-0.977997	0.907764	0.415573	0.057138	0.418201	-0.885919	-0.200640
12836		-0.034327	0.206087	-0.977931	0.907598	0.416111	0.055832	0.418435	-0.885652	-0.201328
12837		-0.035812	0.206170	-0.977861	0.907431	0.416636	0.054610	0.418671	-0.885386	-0.202006
12838		-0.037366	0.206422	-0.977749	0.907278	0.417129	0.053391	0.418869	-0.885095	-0.202868
12839		-0.038931	0.206826	-0.977603	0.907068	0.417728	0.052255	0.419180	-0.884718	-0.203868
12840		-0.040528	0.207291	-0.977440	0.906691	0.418678	0.051196	0.419845	-0.884160	-0.204917
12841		-0.042009	0.207630	-0.977305	0.906245	0.419759	0.050224	0.420661	-0.883568	-0.205798
12842		-0.043452	0.207948	-0.977174	0.905836	0.420755	0.049259	0.421394	-0.883019	-0.206650
12843		-0.044871	0.208448	-0.977004	0.905544	0.421490	0.048338	0.421873	-0.882551	-0.207671
12844		-0.046257	0.208873	-0.976848	0.905284	0.422154	0.047397	0.422280	-0.882133	-0.208617
12845		-0.047507	0.209247	-0.976708	0.905124	0.422596	0.046511	0.422485	-0.881832	-0.209471
12846		-0.048758	0.209541	-0.976583	0.904996	0.422972	0.045571	0.422617	-0.881582	-0.210257
12847		-0.049974	0.209969	-0.976430	0.905175	0.422697	0.044568	0.422092	-0.881613	-0.211182
12848		-0.051215	0.210394	-0.976274	0.905306	0.422519	0.043564	0.421660	-0.881596	-0.212111
12849		-0.052406	0.210758	-0.976132	0.905466	0.422280	0.042563	0.421171	-0.881624	-0.212964
12850		-0.053715	0.211102	-0.975987	0.905555	0.422197	0.041480	0.420815	-0.881582	-0.213843
12851		-0.055125	0.211523	-0.975817	0.905525	0.422366	0.040400	0.420698	-0.881400	-0.214822
12852		-0.056758	0.211889	-0.975644	0.905378	0.422798	0.039152	0.420796	-0.881104	-0.215837
12853		-0.058520	0.212348	-0.975440	0.905299	0.423090	0.037792	0.420724	-0.880854	-0.216997
12854		-0.060438	0.212672	-0.975253	0.905251	0.423331	0.036216	0.420557	-0.880660	-0.218107
12855		-0.062183	0.212581	-0.975163	0.905392	0.423171	0.034515	0.419998	-0.880758	-0.218783
12856		-0.063813	0.212102	-0.975162	0.905344	0.423407	0.032849	0.419858	-0.880761	-0.219044
12857		-0.065457	0.212014	-0.975072	0.905093	0.424049	0.031444	0.420145	-0.880473	-0.219650
12858		-0.067318	0.212491	-0.974841	0.904559	0.425274	0.030234	0.420999	-0.879767	-0.220840
12859		-0.069044	0.212925	-0.974626	0.904130	0.426267	0.029076	0.421642	-0.879181	-0.221943
12860		-0.070786	0.213322	-0.974414	0.903561	0.427547	0.027961	0.422572	-0.878463	-0.223014
12861		-0.072576	0.213984	-0.974137	0.902705	0.429407	0.027072	0.424094	-0.877394	-0.224329
12862		-0.074444	0.215049	-0.973762	0.901287	0.432407	0.026591	0.426779	-0.875659	-0.226010
12863		-0.076346	0.216437	-0.973307	0.899607	0.435903	0.026368	0.429974	-0.873581	-0.227988
12864		-0.078244	0.217608	-0.972895	0.897761	0.439706	0.026148	0.433478	-0.871381	-0.229764
12865		-0.080044	0.218590	-0.972528	0.895971	0.443356	0.025908	0.436840	-0.869283	-0.231338
12866		-0.081925	0.219440	-0.972180	0.894391	0.446563	0.025428	0.439720	-0.867426	-0.232849
12867		-0.083800	0.220359	-0.971813	0.893139	0.449096	0.024817	0.441906	-0.865884	-0.234445
12868		-0.085861	0.221218	-0.971437	0.891783	0.451822	0.024070	0.444242	-0.864245	-0.236072
12869		-0.087761	0.221787	-0.971138	0.891090	0.453244	0.022984	0.445260	-0.863354	-0.237409
12870		-0.089698	0.222039	-0.970903	0.890631	0.454213	0.021593	0.445791	-0.862780	-0.238497
12871		-0.091484	0.222187	-0.970703	0.890345	0.454838	0.020199	0.446001	-0.862412	-0.239433
12872		-0.093171	0.221601	-0.970676	0.890181	0.455233	0.018483	0.445979	-0.862355	-0.239679
12873		-0.094754	0.220431	-0.970789	0.890381	0.454921	0.016390	0.445246	-0.862819	-0.239373
12874		-0.096493	0.219158	-0.970906	0.890812	0.454156	0.013982	0.444007	-0.863546	-0.239051
12875		-0.098079	0.218019	-0.971004	0.891936	0.452017	0.011399	0.441396	-0.864956	-0.238792
12876		-0.099639	0.216859	-0.971105	0.892950	0.450068	0.008885	0.438990	-0.866263	-0.238488
12877		-0.101006	0.216085	-0.971136	0.893320	0.449365	0.007074	0.437923	-0.866821	-0.238422
12878		-0.102332	0.215901	-0.971038	0.893117	0.449787	0.005885	0.438031	-0.866648	-0.238852
12879		-0.103264	0.216061	-0.970904	0.892959	0.450107	0.005191	0.438132	-0.866442	-0.239414
12880		-0.103830	0.216385	-0.970771	0.892432	0.451154	0.005111	0.439073	-0.865816	-0.239953
12881		-0.103994	0.217155	-0.970582	0.892033	0.451936	0.005537	0.439843	-0.865215	-0.240708
12882		-0.103907	0.217600	-0.970491	0.891707	0.452573	0.006003	0.440524	-0.864770	-0.241061
12883		-0.103225	0.217638	-0.970556	0.891835	0.452313	0.006574	0.440426	-0.864897	-0.240787
12884		-0.102431	0.217575	-0.970654	0.891921	0.452133	0.007224	0.440436	-0.865007	-0.240372
12885		-0.101348	0.217507	-0.970783	0.892543	0.450894	0.007844	0.439427	-0.865670	-0.239831
12886		-0.100237	0.217250	-0.970956	0.893428	0.449130	0.008259	0.437879	-0.866651	-0.239117
12887		-0.099132	0.217064	-0.971111	0.894629	0.446728	0.008528	0.435673	-0.867939	-0.238477
12888		-0.098467	0.216915	-0.971212	0.895831	0.444316	0.008411	0.433349	-0.869213	-0.238070
12889		-0.097957	0.216893	-0.971268	0.897371	0.441204	0.008021	0.430267	-0.870802	-0.237853
12890		-0.097961	0.217236	-0.971191	0.898852	0.438191	0.007351	0.427164	-0.872237	-0.238189
12891		-0.098045	0.217772	-0.971063	0.900545	0.434714	0.006564	0.423564	-0.873842	-0.238735
12892		-0.098496	0.218198	-0.970921	0.901806	0.432106	0.005624	0.420768	-0.875028	-0.239332
12893		-0.099082	0.218687	-0.970752	0.902786	0.430063	0.004737	0.418521	-0.875912	-0.240039
12894		-0.100033	0.218564	-0.970682	0.903467	0.428643	0.003409	0.416821	-0.876638	-0.240344
12895		-0.101078	0.217694	-0.970769	0.905096	0.425205	0.001112	0.413018	-0.878527	-0.240013
12896		-0.102659	0.216450	-0.970881	0.907436	0.420184	-0.002274	0.407456	-0.881246	-0.239550
12897		-0.104716	0.215290	-0.970920	0.910270	0.413967	-0.006383	0.400554	-0.884467	-0.239320
12898		-0.107322	0.213916	-0.970939	0.913185	0.407393	-0.011182	0.393161	-0.887846	-0.239067
12899		-0.110036	0.212688	-0.970905	0.916706	0.399225	-0.016438	0.384114	-0.891843	-0.238901
12900		-0.112971	0.211494	-0.970829	0.920320	0.390547	-0.022014	0.374498	-0.895960	-0.238762
12901		-0.115616	0.210368	-0.970762	0.924039	0.381313	-0.027419	0.364396	-0.900192	-0.238474
12902		-0.118235	0.209511	-0.970632	0.927182	0.373208	-0.032386	0.355462	-0.903782	-0.238381
12903		-0.120651	0.209244	-0.970392	0.929944	0.365861	-0.036732	0.347343	-0.906842	-0.238727
12904		-0.123153	0.209405	-0.970043	0.931552	0.361374	-0.040256	0.342118	-0.908602	-0.239576
12905		-0.125355	0.209861	-0.969662	0.932671	0.358149	-0.043059	0.338247	-0.909773	-0.240627
12906		-0.127662	0.210169	-0.969294	0.933348	0.356050	-0.045726	0.335507	-0.910526	-0.241615
12907		-0.129825	0.210469	-0.968942	0.934240	0.353342	-0.048424	0.332176	-0.911511	-0.242501
12908		-0.132053	0.210468	-0.968641	0.934808	0.351462	-0.051074	0.329691	-0.912238	-0.243159
12909		-0.133876	0.210461	-0.968392	0.935563	0.349089	-0.053469	0.326802	-0.913150	-0.243634
12910		-0.135488	0.210351	-0.968192	0.936026	0.347530	-0.055482	0.324805	-0.913770	-0.243980
12911		-0.136497	0.210147	-0.968094	0.936470	0.346099	-0.056910	0.323098	-0.914360	-0.244038
12912		-0.137291	0.209848	-0.968047	0.936700	0.345296	-0.057994	0.322093	-0.914732	-0.243971
12913		-0.137799	0.210076	-0.967925	0.937144	0.343959	-0.058765	0.320581	-0.915183	-0.244269
12914		-0.138187	0.210431	-0.967793	0.937371	0.343265	-0.059206	0.319751	-0.915362	-0.244686
12915		-0.138149	0.211010	-0.967672	0.937740	0.342249	-0.059245	0.318683	-0.915609	-0.245154
12916		-0.138268	0.211625	-0.967521	0.937805	0.342077	-0.059199	0.318438	-0.915532	-0.245762
12917		-0.138249	0.212450	-0.967343	0.938007	0.341549	-0.059045	0.317851	-0.915538	-0.246499
12918		-0.138484	0.213119	-0.967162	0.937965	0.341672	-0.059014	0.317875	-0.915336	-0.247214
12919		-0.138578	0.213659	-0.967029	0.938067	0.341394	-0.058999	0.317532	-0.915314	-0.247736
12920		-0.138948	0.214084	-0.966882	0.937854	0.341967	-0.059059	0.317998	-0.915001	-0.248295
12921		-0.139217	0.214494	-0.966753	0.937726	0.342314	-0.059088	0.318259	-0.914775	-0.248793
12922		-0.139635	0.214470	-0.966698	0.937556	0.342727	-0.059388	0.318577	-0.914626	-0.248935
12923		-0.140000	0.214563	-0.966624	0.937552	0.342680	-0.059725	0.318428	-0.914622	-0.249139
12924		-0.140558	0.214543	-0.966548	0.937239	0.343478	-0.060054	0.319104	-0.914327	-0.249356
12925		-0.141025	0.214627	-0.966461	0.936808	0.344632	-0.060164	0.320160	-0.913873	-0.249666
12926		-0.141652	0.214758	-0.966340	0.936082	0.346593	-0.060191	0.322000	-0.913100	-0.250127
12927		-0.142078	0.215047	-0.966214	0.935157	0.349149	-0.059802	0.324492	-0.912058	-0.250709
12928		-0.142674	0.215226	-0.966086	0.933838	0.352743	-0.059327	0.328011	-0.910632	-0.251314
12929		-0.143199	0.215783	-0.965884	0.932633	0.356014	-0.058734	0.331194	-0.909226	-0.252227
12930		-0.143939	0.216234	-0.965673	0.931117	0.360054	-0.058165	0.335117	-0.907526	-0.253165
12931		-0.144570	0.216774	-0.965458	0.929719	0.363747	-0.057546	0.338708	-0.905924	-0.254125
12932		-0.145311	0.217038	-0.965287	0.928268	0.367501	-0.057108	0.342350	-0.904344	-0.254872
12933		-0.145966	0.217466	-0.965092	0.926926	0.370951	-0.056607	0.345692	-0.902831	-0.255721
12934		-0.146778	0.217647	-0.964928	0.925356	0.374910	-0.056195	0.349530	-0.901150	-0.256430
12935		-0.147372	0.217688	-0.964828	0.923915	0.378518	-0.055720	0.353076	-0.899631	-0.256908
12936		-0.148315	0.217319	-0.964767	0.921957	0.383311	-0.055391	0.357768	-0.897689	-0.257210
12937		-0.148977	0.216536	-0.964841	0.919884	0.388330	-0.054884	0.362793	-0.895719	-0.257041
12938		-0.149772	0.215312	-0.964992	0.917922	0.392961	-0.054788	0.367407	-0.893992	-0.256494
12939		-0.150256	0.214206	-0.965163	0.916559	0.396130	-0.054773	0.370597	-0.892859	-0.255853
12940		-0.151053	0.213514	-0.965192	0.915154	0.399352	-0.054880	0.373734	-0.891588	-0.255721
12941		-0.151719	0.213476	-0.965095	0.913335	0.403570	-0.054314	0.377889	-0.889696	-0.256205
12942		-0.152693	0.213828	-0.964864	0.911030	0.408845	-0.053567	0.383026	-0.887200	-0.257231
12943		-0.153343	0.214676	-0.964573	0.909075	0.413306	-0.052535	0.387386	-0.884925	-0.258534
12944		-0.154075	0.215371	-0.964301	0.907084	0.417772	-0.051626	0.391739	-0.882656	-0.259728
12945		-0.154515	0.216029	-0.964083	0.905923	0.420360	-0.051000	0.394245	-0.881265	-0.260657
12946		-0.155169	0.215979	-0.963989	0.904943	0.422464	-0.051013	0.396233	-0.880271	-0.261002
12947		-0.155393	0.215582	-0.964042	0.904692	0.422973	-0.051240	0.396717	-0.880124	-0.260762
12948		-0.155950	0.214653	-0.964160	0.904283	0.423764	-0.051922	0.397431	-0.879970	-0.260193
12949		-0.156115	0.213824	-0.964317	0.904581	0.423040	-0.052641	0.396689	-0.880521	-0.259464
12950		-0.156640	0.213079	-0.964397	0.904795	0.422459	-0.053619	0.395993	-0.880980	-0.258966
12951		-0.157019	0.213007	-0.964351	0.905499	0.420836	-0.054481	0.394228	-0.881774	-0.258957
12952		-0.157942	0.213385	-0.964117	0.905495	0.420750	-0.055215	0.393870	-0.881724	-0.259673
12953		-0.158527	0.214254	-0.963828	0.905665	0.420342	-0.055521	0.393242	-0.881707	-0.260679
12954		-0.159228	0.215195	-0.963503	0.905246	0.421246	-0.055516	0.393925	-0.881046	-0.261879
12955		-0.159523	0.216138	-0.963243	0.905020	0.421766	-0.055242	0.394323	-0.880567	-0.262891
12956		-0.159764	0.216543	-0.963112	0.904701	0.422470	-0.055088	0.394957	-0.880130	-0.263402
12957		-0.159763	0.216828	-0.963048	0.904874	0.422102	-0.055078	0.394562	-0.880236	-0.263638
12958		-0.160146	0.216783	-0.962995	0.904968	0.421839	-0.055535	0.394190	-0.880373	-0.263737
12959		-0.160514	0.216932	-0.962900	0.905404	0.420825	-0.056121	0.393038	-0.880822	-0.263959
12960		-0.161583	0.216853	-0.962739	0.905449	0.420580	-0.057234	0.392497	-0.880958	-0.264308
12961		-0.162747	0.217100	-0.962487	0.905970	0.419264	-0.058620	0.390810	-0.881524	-0.264920
12962		-0.164502	0.217408	-0.962119	0.906143	0.418647	-0.060330	0.389672	-0.881742	-0.265871
12963		-0.166118	0.217952	-0.961718	0.906704	0.417174	-0.062072	0.387675	-0.882305	-0.266919
12964		-0.167521	0.218111	-0.961439	0.906936	0.416447	-0.063550	0.386528	-0.882609	-0.267576
12965		-0.168164	0.218132	-0.961322	0.907101	0.415973	-0.064292	0.385860	-0.882828	-0.267819
12966		-0.168696	0.217771	-0.961310	0.906829	0.416491	-0.064785	0.386269	-0.882673	-0.267742
12967		-0.168908	0.217515	-0.961331	0.906693	0.416750	-0.065012	0.386494	-0.882613	-0.267612
12968		-0.169541	0.217000	-0.961336	0.905933	0.418350	-0.065337	0.387997	-0.881983	-0.267515
12969		-0.170131	0.216421	-0.961362	0.905111	0.420082	-0.065608	0.389652	-0.881302	-0.267354
12970		-0.171330	0.215801	-0.961289	0.903765	0.422888	-0.066143	0.392244	-0.880111	-0.267487
12971		-0.172575	0.215428	-0.961150	0.902761	0.424915	-0.066852	0.394005	-0.879226	-0.267810
12972		-0.174224	0.214988	-0.960951	0.901611	0.427186	-0.067893	0.395908	-0.878232	-0.268262
12973		-0.175714	0.214987	-0.960680	0.900916	0.428490	-0.068892	0.396831	-0.877597	-0.268977
12974		-0.177578	0.215213	-0.960286	0.899727	0.430831	-0.069824	0.398694	-0.876395	-0.270139
12975		-0.179243	0.215865	-0.959830	0.898982	0.432246	-0.070668	0.399628	-0.875537	-0.271536
12976		-0.180860	0.216093	-0.959476	0.898401	0.433273	-0.071765	0.400207	-0.874973	-0.272500
12977		-0.181952	0.216088	-0.959270	0.898273	0.433373	-0.072759	0.400000	-0.874925	-0.272959
12978		-0.182971	0.215714	-0.959161	0.898135	0.433476	-0.073841	0.399844	-0.874966	-0.273054
12979		-0.183549	0.214952	-0.959221	0.898498	0.432522	-0.075005	0.398762	-0.875625	-0.272523
12980		-0.184280	0.213666	-0.959368	0.898339	0.432643	-0.076201	0.398783	-0.875881	-0.271672
12981		-0.184914	0.212375	-0.959533	0.898181	0.432777	-0.077303	0.398846	-0.876129	-0.270777
12982		-0.185905	0.210808	-0.959687	0.897484	0.434002	-0.078521	0.399953	-0.875901	-0.269880
12983		-0.186875	0.209321	-0.959824	0.896930	0.434915	-0.079782	0.400742	-0.875804	-0.269021
12984		-0.188333	0.207853	-0.959858	0.896159	0.436207	-0.081376	0.401783	-0.875512	-0.268422
12985		-0.190112	0.207113	-0.959668	0.895855	0.436474	-0.083272	0.401623	-0.875554	-0.268522
12986		-0.192363	0.206618	-0.959326	0.895470	0.436838	-0.085473	0.401410	-0.875489	-0.269052
12987		-0.194088	0.206165	-0.959076	0.895841	0.435645	-0.087644	0.399748	-0.876190	-0.269245
12988		-0.195561	0.205588	-0.958900	0.896335	0.434207	-0.089707	0.397919	-0.877039	-0.269190
12989		-0.196337	0.205032	-0.958861	0.897345	0.431758	-0.091418	0.395252	-0.878377	-0.268754
12990		-0.196693	0.203932	-0.959022	0.898165	0.429747	-0.092827	0.393207	-0.879619	-0.267692
12991		-0.196522	0.202672	-0.959324	0.899213	0.427308	-0.093933	0.390889	-0.881097	-0.266220
12992		-0.196557	0.200978	-0.959673	0.899885	0.425614	-0.095178	0.389322	-0.882304	-0.264515
12993		-0.196728	0.199494	-0.959948	0.900551	0.423914	-0.096459	0.387692	-0.883459	-0.263050
12994		-0.197594	0.198079	-0.960063	0.900162	0.424458	-0.097692	0.388156	-0.883516	-0.262174
12995		-0.198770	0.196658	-0.960113	0.899343	0.425900	-0.098953	0.389452	-0.883139	-0.261519
12996		-0.200424	0.195035	-0.960100	0.898113	0.428124	-0.100515	0.391438	-0.882424	-0.260969
12997		-0.202174	0.193360	-0.960072	0.896743	0.430611	-0.102112	0.393673	-0.881582	-0.260452
12998		-0.203752	0.190764	-0.960257	0.894552	0.434832	-0.103427	0.397820	-0.880074	-0.259246
12999		-0.205338	0.187865	-0.960491	0.891753	0.440285	-0.104527	0.403253	-0.877984	-0.257936
13000		-0.207311	0.184934	-0.960636	0.888393	0.446745	-0.105716	0.409609	-0.875339	-0.256910
13001		-0.209694	0.181989	-0.960681	0.884772	0.453525	-0.107210	0.416182	-0.872465	-0.256120
13002		-0.212877	0.178847	-0.960571	0.880671	0.460936	-0.109349	0.423205	-0.869225	-0.255628
13003		-0.216685	0.175947	-0.960255	0.876547	0.468097	-0.112027	0.429782	-0.865984	-0.255655
13004		-0.221040	0.173357	-0.959734	0.872177	0.475483	-0.114988	0.436404	-0.862475	-0.256299
13005		-0.225570	0.170967	-0.959108	0.867447	0.483372	-0.117849	0.443457	-0.858558	-0.257339
13006		-0.229898	0.168401	-0.958534	0.862203	0.492060	-0.120345	0.451390	-0.854118	-0.258320
13007		-0.233829	0.165540	-0.958082	0.856631	0.501182	-0.122473	0.459899	-0.849360	-0.258998
13008		-0.237480	0.162625	-0.957683	0.851054	0.510125	-0.124414	0.468305	-0.844586	-0.259547
13009		-0.240934	0.159708	-0.957311	0.845705	0.518478	-0.126348	0.476166	-0.840044	-0.259985
13010		-0.244289	0.156623	-0.956970	0.839951	0.527322	-0.128113	0.484566	-0.835105	-0.260375
13011		-0.247224	0.153389	-0.956740	0.833561	0.537086	-0.129286	0.494021	-0.829464	-0.260639
13012		-0.249455	0.149990	-0.956700	0.826870	0.547206	-0.129812	0.504042	-0.823449	-0.260525
13013		-0.251350	0.147027	-0.956664	0.819835	0.557720	-0.129686	0.514483	-0.816904	-0.260721
13014		-0.253224	0.144515	-0.956553	0.812877	0.567880	-0.129395	0.524507	-0.810326	-0.261274
13015		-0.254955	0.142219	-0.956437	0.806385	0.577119	-0.129140	0.533611	-0.804182	-0.261822
13016		-0.256878	0.140212	-0.956219	0.800337	0.585475	-0.129153	0.541733	-0.798473	-0.262613
13017		-0.258863	0.138590	-0.955920	0.794386	0.593542	-0.129067	0.549491	-0.792780	-0.263741
13018		-0.260619	0.137346	-0.955622	0.789267	0.600354	-0.128965	0.555999	-0.787852	-0.264866
13019		-0.262173	0.136623	-0.955301	0.785418	0.605379	-0.128972	0.560699	-0.784124	-0.266020
13020		-0.263751	0.136167	-0.954931	0.782104	0.609631	-0.129087	0.564579	-0.780902	-0.267287
13021		-0.264850	0.135738	-0.954688	0.779062	0.613555	-0.128892	0.568258	-0.777898	-0.268249
13022		-0.265629	0.135164	-0.954553	0.776239	0.617179	-0.128616	0.571746	-0.775126	-0.268860
13023		-0.266183	0.134578	-0.954482	0.773196	0.621104	-0.128053	0.575600	-0.772087	-0.269382
13024		-0.266724	0.133927	-0.954422	0.770107	0.625042	-0.127508	0.579477	-0.769016	-0.269852
13025		-0.267195	0.133213	-0.954390	0.766897	0.629100	-0.126894	0.583503	-0.765825	-0.270253
13026		-0.268082	0.132551	-0.954234	0.763572	0.633198	-0.126562	0.587443	-0.762555	-0.270961
13027		-0.269071	0.132206	-0.954003	0.760445	0.637022	-0.126200	0.591037	-0.759424	-0.271939
13028		-0.270253	0.131730	-0.953735	0.757089	0.641048	-0.125990	0.594793	-0.756112	-0.272977
13029		-0.271079	0.130991	-0.953602	0.754210	0.644456	-0.125873	0.598066	-0.753338	-0.273493
13030		-0.271669	0.130142	-0.953551	0.751582	0.647542	-0.125750	0.601099	-0.750834	-0.273730
13031		-0.271985	0.129200	-0.953589	0.748409	0.651309	-0.125218	0.604903	-0.747732	-0.273841
13032		-0.272233	0.128000	-0.953680	0.744439	0.655989	-0.124460	0.609672	-0.743838	-0.273870
13033		-0.272594	0.126897	-0.953724	0.739810	0.661393	-0.123451	0.615121	-0.739227	-0.274171
13034		-0.273301	0.125826	-0.953664	0.735241	0.666598	-0.122755	0.620264	-0.734721	-0.274694
13035		-0.273760	0.124627	-0.953689	0.731112	0.671233	-0.122152	0.624924	-0.730694	-0.274873
13036		-0.274222	0.123034	-0.953763	0.727197	0.675511	-0.121941	0.629274	-0.727013	-0.274710
13037		-0.274497	0.121287	-0.953908	0.723622	0.679355	-0.121852	0.633264	-0.723717	-0.274247
13038		-0.275002	0.118847	-0.954070	0.718895	0.684334	-0.121968	0.638407	-0.719418	-0.273632
13039		-0.274945	0.114895	-0.954570	0.713090	0.690322	-0.122302	0.644909	-0.714321	-0.271731
13040		-0.274633	0.109522	-0.955291	0.708058	0.695208	-0.123853	0.650561	-0.710416	-0.268475
13041		-0.274601	0.104361	-0.955878	0.705610	0.697202	-0.126586	0.653229	-0.709238	-0.265091
13042		-0.275306	0.099085	-0.956237	0.703201	0.699001	-0.130025	0.655527	-0.708223	-0.262115
13043		-0.275845	0.094288	-0.956567	0.701416	0.700185	-0.133250	0.657210	-0.707708	-0.259278
13044		-0.276541	0.090195	-0.956760	0.699893	0.701141	-0.136199	0.658539	-0.707295	-0.257021
13045		-0.276840	0.087565	-0.956918	0.700401	0.700171	-0.138558	0.657874	-0.708585	-0.255166
13046		-0.276989	0.086229	-0.956996	0.701859	0.698379	-0.140216	0.656256	-0.710515	-0.253964
13047		-0.276755	0.086466	-0.957043	0.703367	0.696815	-0.140443	0.654738	-0.712020	-0.253664
13048		-0.276690	0.087312	-0.956984	0.703854	0.696419	-0.139964	0.654242	-0.712304	-0.254147
13049		-0.276312	0.088140	-0.957018	0.705643	0.694648	-0.139759	0.652472	-0.713930	-0.254135
13050		-0.276510	0.088862	-0.956894	0.709727	0.690224	-0.140990	0.647943	-0.718118	-0.253922
13051		-0.276925	0.089664	-0.956699	0.715970	0.683286	-0.143204	0.640858	-0.724625	-0.253416
13052		-0.277806	0.089876	-0.956424	0.723169	0.674926	-0.146631	0.632337	-0.732391	-0.252494
13053		-0.278907	0.090664	-0.956029	0.732254	0.664163	-0.150639	0.621301	-0.742070	-0.251629
13054		-0.280603	0.091963	-0.955408	0.740516	0.654030	-0.154536	0.610654	-0.750858	-0.251623
13055		-0.282216	0.094278	-0.954707	0.748364	0.644294	-0.157595	0.600254	-0.758945	-0.252385
13056		-0.283468	0.097007	-0.954063	0.755435	0.635428	-0.159843	0.590732	-0.766043	-0.253406
13057		-0.284048	0.100545	-0.953524	0.762640	0.626432	-0.161131	0.581116	-0.772965	-0.254616
13058		-0.284463	0.104973	-0.952923	0.768509	0.619199	-0.161202	0.573126	-0.778186	-0.256812
13059		-0.284314	0.110023	-0.952397	0.773820	0.612809	-0.160211	0.566011	-0.782534	-0.259369
13060		-0.283958	0.115125	-0.951900	0.778554	0.607149	-0.158818	0.559662	-0.786204	-0.262036
13061		-0.283598	0.120714	-0.951315	0.783166	0.601633	-0.157128	0.553375	-0.789599	-0.265161
13062		-0.283401	0.126122	-0.950672	0.786664	0.597546	-0.155235	0.548492	-0.791853	-0.268561
13063		-0.283155	0.131225	-0.950054	0.790008	0.593578	-0.153468	0.543792	-0.794006	-0.271744
13064		-0.283236	0.135660	-0.949407	0.792048	0.591283	-0.151803	0.540775	-0.794972	-0.274922
13065		-0.283434	0.139483	-0.948794	0.793885	0.589137	-0.150548	0.537970	-0.795904	-0.277714
13066		-0.283711	0.142185	-0.948310	0.795627	0.586913	-0.150033	0.535243	-0.797067	-0.279640
13067		-0.283962	0.144173	-0.947934	0.797730	0.584023	-0.150142	0.531970	-0.798831	-0.280851
13068		-0.284206	0.145875	-0.947601	0.799018	0.582297	-0.150003	0.529904	-0.799781	-0.282049
13069		-0.284345	0.147200	-0.947354	0.799563	0.581650	-0.149609	0.529006	-0.800010	-0.283085
13070		-0.284820	0.148303	-0.947039	0.799495	0.581813	-0.149337	0.528853	-0.799687	-0.284280
13071		-0.285641	0.149922	-0.946537	0.799407	0.582005	-0.149057	0.528542	-0.799246	-0.286093
13072		-0.286918	0.151258	-0.945938	0.797883	0.584212	-0.148594	0.530152	-0.797382	-0.288307
13073		-0.288232	0.152109	-0.945402	0.795946	0.586938	-0.148232	0.532345	-0.795215	-0.290245
13074		-0.289562	0.152359	-0.944955	0.793756	0.589928	-0.148113	0.534889	-0.792952	-0.291756
13075		-0.291046	0.152789	-0.944430	0.791777	0.592575	-0.148136	0.537012	-0.790892	-0.293441
13076		-0.292750	0.152722	-0.943914	0.788904	0.596383	-0.148182	0.540303	-0.788038	-0.295074
13077		-0.294235	0.152825	-0.943435	0.786316	0.599819	-0.148070	0.543262	-0.785406	-0.296656
13078		-0.295872	0.152516	-0.942973	0.783096	0.604031	-0.148013	0.547010	-0.782231	-0.298150
13079		-0.297014	0.152193	-0.942666	0.780492	0.607432	-0.147847	0.550105	-0.779656	-0.299202
13080		-0.298258	0.151720	-0.942350	0.777574	0.611198	-0.147702	0.553553	-0.776800	-0.300268
13081		-0.299380	0.152114	-0.941930	0.775751	0.613565	-0.147477	0.555502	-0.774855	-0.301691
13082		-0.300397	0.152280	-0.941580	0.773538	0.616444	-0.147090	0.558032	-0.772533	-0.302973
13083		-0.300886	0.153126	-0.941286	0.772834	0.617444	-0.146596	0.558744	-0.771567	-0.304121
13084		-0.301442	0.154437	-0.940894	0.771727	0.619054	-0.145634	0.559973	-0.770014	-0.305792
13085		-0.301255	0.156364	-0.940636	0.771263	0.620028	-0.143942	0.560713	-0.768841	-0.307384
13086		-0.300908	0.157968	-0.940479	0.770526	0.621353	-0.142165	0.561912	-0.767442	-0.308689
13087		-0.300397	0.160172	-0.940269	0.771689	0.620199	-0.140890	0.560587	-0.767918	-0.309909
13088		-0.299584	0.162036	-0.940209	0.772970	0.618886	-0.139637	0.559256	-0.768586	-0.310657
13089		-0.298156	0.163892	-0.940342	0.775112	0.616499	-0.138317	0.557050	-0.770110	-0.310847
13090		-0.296612	0.165385	-0.940568	0.777244	0.614074	-0.137132	0.554899	-0.771726	-0.310686
13091		-0.294384	0.167020	-0.940980	0.780205	0.610626	-0.135703	0.551922	-0.774106	-0.310068
13092		-0.292180	0.168069	-0.941480	0.781766	0.609027	-0.133893	0.550883	-0.775138	-0.309336
13093		-0.289437	0.169208	-0.942122	0.783828	0.606826	-0.131818	0.549400	-0.776615	-0.308268
13094		-0.287152	0.169685	-0.942736	0.785330	0.605215	-0.130273	0.548453	-0.777767	-0.307048
13095		-0.284616	0.170448	-0.943367	0.788363	0.601496	-0.129173	0.545415	-0.780480	-0.305570
13096		-0.282543	0.171058	-0.943879	0.790906	0.598333	-0.128317	0.542804	-0.782775	-0.304346
13097		-0.280302	0.172206	-0.944339	0.795246	0.592625	-0.127979	0.537600	-0.786855	-0.303060
13098		-0.278282	0.173190	-0.944756	0.800091	0.586009	-0.128244	0.531425	-0.791579	-0.301644
13099		-0.276003	0.174449	-0.945193	0.806040	0.577688	-0.128748	0.523567	-0.797398	-0.300056
13100		-0.274042	0.175262	-0.945613	0.812078	0.568908	-0.129900	0.515200	-0.803509	-0.298231
13101		-0.271098	0.175506	-0.946416	0.820619	0.556033	-0.131951	0.503081	-0.812419	-0.294764
13102		-0.268065	0.175415	-0.947297	0.828464	0.543841	-0.133733	0.491720	-0.820650	-0.291109
13103		-0.264745	0.175940	-0.948132	0.837520	0.529303	-0.135639	0.477985	-0.829990	-0.287484
13104		-0.261692	0.176668	-0.948844	0.846201	0.514811	-0.137529	0.464178	-0.838903	-0.284218
13105		-0.258360	0.178434	-0.949427	0.854959	0.499801	-0.138721	0.449772	-0.847562	-0.281682
13106		-0.255277	0.180481	-0.949874	0.862682	0.486133	-0.139477	0.436592	-0.855045	-0.279796
13107		-0.252202	0.183266	-0.950162	0.870522	0.471776	-0.140068	0.422594	-0.862462	-0.278520
13108		-0.249343	0.185700	-0.950444	0.877130	0.459279	-0.140375	0.410451	-0.868665	-0.277401
13109		-0.246463	0.188204	-0.950702	0.883122	0.447668	-0.140321	0.399190	-0.874170	-0.276541
13110		-0.243945	0.189497	-0.951095	0.888561	0.436579	-0.140921	0.388524	-0.879483	-0.274880
13111		-0.240911	0.189196	-0.951928	0.894131	0.424739	-0.141867	0.377480	-0.885326	-0.271490
13112		-0.237871	0.187643	-0.952999	0.898409	0.415415	-0.142450	0.369161	-0.890068	-0.267395
13113		-0.234512	0.185542	-0.954242	0.902328	0.406756	-0.142664	0.361674	-0.894496	-0.262809
13114		-0.231336	0.183739	-0.955366	0.905925	0.398672	-0.142690	0.354660	-0.898499	-0.258681
13115		-0.228306	0.182819	-0.956271	0.909968	0.389306	-0.142825	0.346171	-0.902784	-0.255240
13116		-0.225501	0.182718	-0.956955	0.913957	0.379840	-0.142843	0.337390	-0.906827	-0.252650
13117		-0.222721	0.183594	-0.957439	0.918283	0.369276	-0.142802	0.327342	-0.911004	-0.250837
13118		-0.219955	0.184515	-0.957901	0.922176	0.359566	-0.142490	0.318137	-0.914695	-0.249244
13119		-0.217428	0.186576	-0.958079	0.925902	0.350080	-0.141951	0.308919	-0.917951	-0.248868
13120		-0.215166	0.189231	-0.958069	0.929098	0.341841	-0.141141	0.300799	-0.920509	-0.249367
13121		-0.213207	0.191946	-0.957966	0.932245	0.333355	-0.140689	0.292338	-0.923055	-0.250014
13122		-0.211665	0.194433	-0.957807	0.935343	0.324501	-0.140828	0.283428	-0.925686	-0.250547
13123		-0.210377	0.196577	-0.957653	0.938268	0.315729	-0.141309	0.274581	-0.928263	-0.250865
13124		-0.209304	0.198111	-0.957572	0.940988	0.307148	-0.142134	0.265958	-0.930813	-0.250707
13125		-0.208548	0.199351	-0.957479	0.943630	0.298318	-0.143421	0.257042	-0.933416	-0.250327
13126		-0.207967	0.200110	-0.957448	0.946151	0.289425	-0.145023	0.248089	-0.936050	-0.249525
13127		-0.207653	0.201224	-0.957282	0.948591	0.280384	-0.146830	0.238861	-0.938559	-0.249102
13128		-0.207455	0.202561	-0.957043	0.950731	0.272145	-0.148487	0.230377	-0.940694	-0.249039
13129		-0.207406	0.204239	-0.956697	0.952497	0.265104	-0.149900	0.223009	-0.942341	-0.249521
13130		-0.207152	0.205845	-0.956408	0.954042	0.258899	-0.150917	0.216548	-0.943716	-0.250016
13131		-0.206833	0.207110	-0.956204	0.955550	0.252646	-0.151969	0.210107	-0.945132	-0.250160
