// Start Time: Unknown
// Update Rate: 100.0Hz
// Filter Profile: human (46.1)
// Option Flags: AHS Disabled ICC Disabled 
// Firmware Version: 4.0.2
PacketCounter	SampleTimeFine	Mat[1][1]	Mat[2][1]	Mat[3][1]	Mat[1][2]	Mat[2][2]	Mat[3][2]	Mat[1][3]	Mat[2][3]	Mat[3][3]
16630		0.239067	0.015645	-0.970877	-0.676095	-0.714990	-0.178002	-0.696952	0.698960	-0.160353
16631		0.239276	0.015797	-0.970823	-0.674651	-0.716370	-0.177936	-0.698279	0.697542	-0.160753
16632		0.239449	0.015900	-0.970779	-0.673410	-0.717556	-0.177854	-0.699416	0.696319	-0.161111
16633		0.239564	0.015925	-0.970750	-0.672360	-0.718574	-0.177715	-0.700386	0.695268	-0.161437
16634		0.239610	0.015944	-0.970738	-0.671423	-0.719492	-0.177547	-0.701269	0.694318	-0.161692
16635		0.239585	0.015886	-0.970745	-0.670546	-0.720374	-0.177283	-0.702117	0.693403	-0.161939
16636		0.239520	0.015729	-0.970764	-0.669685	-0.721264	-0.176920	-0.702960	0.692482	-0.162223
16637		0.239487	0.015541	-0.970775	-0.668842	-0.722133	-0.176562	-0.703773	0.691580	-0.162547
16638		0.239470	0.015321	-0.970783	-0.668036	-0.722968	-0.176199	-0.704544	0.690712	-0.162894
16639		0.239477	0.015056	-0.970785	-0.667251	-0.723783	-0.175825	-0.705285	0.689863	-0.163284
16640		0.239471	0.014809	-0.970791	-0.666444	-0.724617	-0.175450	-0.706049	0.688993	-0.163655
16641		0.239466	0.014566	-0.970795	-0.665683	-0.725404	-0.175088	-0.706769	0.688169	-0.164013
16642		0.239420	0.014359	-0.970810	-0.664975	-0.726137	-0.174735	-0.707450	0.687400	-0.164304
16643		0.239420	0.014128	-0.970813	-0.664313	-0.726822	-0.174408	-0.708073	0.686680	-0.164631
16644		0.239372	0.013949	-0.970828	-0.663650	-0.727505	-0.174086	-0.708710	0.685961	-0.164887
16645		0.239392	0.013772	-0.970825	-0.662925	-0.728234	-0.173799	-0.709382	0.685190	-0.165204
16646		0.239383	0.013709	-0.970828	-0.662205	-0.728942	-0.173577	-0.710057	0.684439	-0.165418
16647		0.239380	0.013695	-0.970829	-0.661561	-0.729565	-0.173414	-0.710658	0.683774	-0.165583
16648		0.239354	0.013754	-0.970835	-0.661029	-0.730070	-0.173316	-0.711161	0.683234	-0.165653
16649		0.239364	0.013876	-0.970831	-0.660639	-0.730421	-0.173324	-0.711520	0.682857	-0.165669
16650		0.239323	0.014116	-0.970837	-0.660326	-0.730686	-0.173403	-0.711825	0.682568	-0.165549
16651		0.239271	0.014426	-0.970846	-0.660026	-0.730927	-0.173529	-0.712120	0.682303	-0.165368
16652		0.239236	0.014806	-0.970849	-0.659759	-0.731121	-0.173728	-0.712380	0.682088	-0.165141
16653		0.239186	0.015177	-0.970855	-0.659503	-0.731308	-0.173912	-0.712633	0.681879	-0.164909
16654		0.239210	0.015551	-0.970843	-0.659197	-0.731529	-0.174140	-0.712908	0.681633	-0.164738
16655		0.239226	0.015895	-0.970834	-0.658848	-0.731798	-0.174330	-0.713225	0.681337	-0.164592
16656		0.239243	0.016230	-0.970824	-0.658425	-0.732138	-0.174497	-0.713610	0.680963	-0.164472
16657		0.239288	0.016502	-0.970808	-0.657980	-0.732506	-0.174632	-0.714005	0.680560	-0.164422
16658		0.239340	0.016760	-0.970791	-0.657551	-0.732860	-0.174765	-0.714383	0.680173	-0.164382
16659		0.239393	0.016930	-0.970775	-0.657128	-0.733223	-0.174835	-0.714754	0.679778	-0.164404
16660		0.239461	0.017094	-0.970756	-0.656782	-0.733511	-0.174928	-0.715050	0.679463	-0.164420
16661		0.239498	0.017236	-0.970744	-0.656543	-0.733705	-0.175007	-0.715256	0.679249	-0.164405
16662		0.239589	0.017279	-0.970721	-0.656394	-0.733824	-0.175071	-0.715363	0.679120	-0.164475
16663		0.239662	0.017275	-0.970703	-0.656297	-0.733904	-0.175098	-0.715427	0.679034	-0.164551
16664		0.239747	0.017289	-0.970681	-0.656218	-0.733962	-0.175151	-0.715472	0.678970	-0.164620
16665		0.239804	0.017268	-0.970668	-0.656170	-0.734002	-0.175165	-0.715497	0.678928	-0.164686
16666		0.239815	0.017273	-0.970665	-0.656185	-0.733984	-0.175180	-0.715479	0.678947	-0.164686
16667		0.239883	0.017280	-0.970648	-0.656225	-0.733933	-0.175243	-0.715419	0.679002	-0.164719
16668		0.239987	0.017298	-0.970622	-0.656302	-0.733839	-0.175349	-0.715314	0.679103	-0.164759
16669		0.240103	0.017357	-0.970592	-0.656366	-0.733749	-0.175491	-0.715217	0.679199	-0.164783
16670		0.240272	0.017413	-0.970549	-0.656393	-0.733684	-0.175662	-0.715135	0.679268	-0.164854
16671		0.240407	0.017504	-0.970514	-0.656327	-0.733706	-0.175812	-0.715150	0.679241	-0.164900
16672		0.240533	0.017596	-0.970481	-0.656190	-0.733798	-0.175941	-0.715233	0.679140	-0.164957
16673		0.240662	0.017724	-0.970447	-0.655967	-0.733964	-0.176079	-0.715395	0.678957	-0.165011
16674		0.240776	0.017857	-0.970416	-0.655705	-0.734169	-0.176201	-0.715596	0.678731	-0.165061
16675		0.240910	0.018008	-0.970380	-0.655446	-0.734365	-0.176351	-0.715789	0.678516	-0.165112
16676		0.241077	0.018177	-0.970336	-0.655201	-0.734536	-0.176543	-0.715956	0.678326	-0.165171
16677		0.241212	0.018314	-0.970300	-0.655090	-0.734594	-0.176718	-0.716013	0.678260	-0.165195
16678		0.241332	0.018450	-0.970267	-0.655131	-0.734510	-0.176916	-0.715935	0.678347	-0.165174
16679		0.241418	0.018535	-0.970244	-0.655336	-0.734285	-0.177089	-0.715718	0.678589	-0.165123
16680		0.241497	0.018570	-0.970224	-0.655659	-0.733958	-0.177247	-0.715395	0.678941	-0.165073
16681		0.241553	0.018539	-0.970211	-0.656088	-0.733547	-0.177362	-0.714983	0.679386	-0.165027
16682		0.241595	0.018449	-0.970202	-0.656619	-0.733051	-0.177448	-0.714481	0.679924	-0.164988
16683		0.241657	0.018322	-0.970189	-0.657217	-0.732494	-0.177534	-0.713910	0.680527	-0.164971
16684		0.241690	0.018170	-0.970183	-0.657807	-0.731953	-0.177580	-0.713355	0.681113	-0.164953
16685		0.241690	0.017948	-0.970188	-0.658373	-0.731452	-0.177543	-0.712833	0.681656	-0.164968
16686		0.241682	0.017749	-0.970193	-0.658873	-0.731013	-0.177503	-0.712374	0.682133	-0.164978
16687		0.241705	0.017535	-0.970191	-0.659320	-0.730619	-0.177463	-0.711952	0.682560	-0.165033
16688		0.241719	0.017329	-0.970191	-0.659803	-0.730191	-0.177430	-0.711500	0.683023	-0.165068
16689		0.241772	0.017146	-0.970182	-0.660266	-0.729770	-0.177437	-0.711052	0.683477	-0.165117
16690		0.241835	0.016981	-0.970169	-0.660687	-0.729384	-0.177457	-0.710639	0.683894	-0.165171
16691		0.241895	0.016904	-0.970155	-0.661057	-0.729032	-0.177528	-0.710275	0.684271	-0.165175
16692		0.241963	0.016806	-0.970140	-0.661337	-0.728768	-0.177569	-0.709991	0.684555	-0.165221
16693		0.242102	0.016794	-0.970105	-0.661565	-0.728526	-0.177714	-0.709731	0.684813	-0.165268
16694		0.242236	0.016864	-0.970071	-0.661715	-0.728345	-0.177898	-0.709546	0.685003	-0.165272
16695		0.242375	0.016934	-0.970035	-0.661817	-0.728208	-0.178075	-0.709403	0.685147	-0.165292
16696		0.242510	0.017077	-0.969999	-0.661795	-0.728180	-0.178275	-0.709378	0.685173	-0.165289
16697		0.242623	0.017266	-0.969967	-0.661676	-0.728239	-0.178472	-0.709450	0.685105	-0.165263
16698		0.242743	0.017467	-0.969933	-0.661502	-0.728349	-0.178669	-0.709571	0.684984	-0.165247
16699		0.242808	0.017665	-0.969914	-0.661337	-0.728460	-0.178827	-0.709702	0.684861	-0.165193
16700		0.242893	0.017776	-0.969890	-0.661254	-0.728505	-0.178952	-0.709750	0.684810	-0.165194
16701		0.242921	0.017802	-0.969883	-0.661246	-0.728503	-0.178990	-0.709749	0.684811	-0.165197
16702		0.242938	0.017806	-0.969878	-0.661388	-0.728362	-0.179038	-0.709611	0.684961	-0.165170
16703		0.242959	0.017713	-0.969875	-0.661619	-0.728153	-0.179038	-0.709388	0.685186	-0.165192
16704		0.242989	0.017607	-0.969869	-0.661869	-0.727925	-0.179038	-0.709144	0.685430	-0.165225
16705		0.243024	0.017481	-0.969863	-0.662041	-0.727776	-0.179009	-0.708972	0.685592	-0.165294
16706		0.243067	0.017356	-0.969854	-0.662132	-0.727703	-0.178968	-0.708872	0.685673	-0.165389
16707		0.243088	0.017242	-0.969851	-0.662127	-0.727726	-0.178896	-0.708870	0.685651	-0.165485
16708		0.243075	0.017110	-0.969857	-0.662073	-0.727804	-0.178775	-0.708924	0.685572	-0.165583
16709		0.243041	0.016986	-0.969867	-0.662046	-0.727860	-0.178650	-0.708962	0.685516	-0.165654
16710		0.242988	0.016830	-0.969883	-0.662059	-0.727884	-0.178498	-0.708967	0.685493	-0.165724
16711		0.242930	0.016604	-0.969902	-0.662072	-0.727924	-0.178290	-0.708975	0.685456	-0.165841
16712		0.242874	0.016336	-0.969920	-0.662051	-0.728004	-0.178043	-0.709014	0.685378	-0.165998
16713		0.242887	0.016013	-0.969923	-0.662027	-0.728084	-0.177804	-0.709032	0.685301	-0.166241
16714		0.242915	0.015681	-0.969921	-0.662094	-0.728075	-0.177591	-0.708960	0.685318	-0.166478
16715		0.242953	0.015406	-0.969916	-0.662266	-0.727952	-0.177453	-0.708785	0.685456	-0.166655
16716		0.242945	0.015139	-0.969922	-0.662503	-0.727773	-0.177302	-0.708567	0.685651	-0.166779
16717		0.242907	0.014885	-0.969935	-0.662748	-0.727589	-0.177142	-0.708351	0.685852	-0.166871
16718		0.242869	0.014704	-0.969948	-0.662932	-0.727451	-0.177022	-0.708192	0.686002	-0.166928
16719		0.242822	0.014576	-0.969961	-0.663042	-0.727376	-0.176918	-0.708105	0.686085	-0.166958
16720		0.242774	0.014522	-0.969974	-0.663115	-0.727323	-0.176860	-0.708053	0.686142	-0.166946
16721		0.242751	0.014552	-0.969979	-0.663174	-0.727265	-0.176879	-0.708006	0.686203	-0.166894
16722		0.242711	0.014640	-0.969988	-0.663256	-0.727176	-0.176935	-0.707943	0.686295	-0.166784
16723		0.242665	0.014691	-0.969999	-0.663375	-0.727060	-0.176969	-0.707847	0.686417	-0.166686
16724		0.242653	0.014727	-0.970001	-0.663491	-0.726942	-0.177014	-0.707742	0.686540	-0.166623
16725		0.242629	0.014669	-0.970008	-0.663461	-0.726987	-0.176946	-0.707779	0.686495	-0.166655
16726		0.242766	0.014452	-0.969977	-0.663348	-0.727112	-0.176856	-0.707838	0.686367	-0.166931
16727		0.242890	0.014159	-0.969951	-0.663244	-0.727244	-0.176702	-0.707893	0.686233	-0.167249
16728		0.242949	0.013877	-0.969940	-0.663075	-0.727448	-0.176494	-0.708030	0.686022	-0.167532
16729		0.242968	0.013538	-0.969940	-0.663106	-0.727477	-0.176261	-0.707995	0.685999	-0.167776
16730		0.242987	0.013007	-0.969942	-0.663481	-0.727207	-0.175965	-0.707637	0.686295	-0.168072
16731		0.242979	0.012327	-0.969953	-0.664240	-0.726594	-0.175630	-0.706927	0.686956	-0.168359
16732		0.242918	0.011417	-0.969980	-0.665413	-0.725628	-0.175184	-0.705844	0.687993	-0.168671
16733		0.242792	0.010343	-0.970023	-0.666928	-0.724365	-0.174652	-0.704457	0.689340	-0.168972
16734		0.242797	0.008952	-0.970036	-0.668486	-0.723085	-0.173994	-0.702976	0.690701	-0.169579
16735		0.242824	0.007257	-0.970043	-0.670237	-0.721660	-0.173175	-0.701298	0.692210	-0.170372
16736		0.242450	0.005567	-0.970148	-0.672006	-0.720276	-0.172075	-0.699732	0.693665	-0.170890
16737		0.241878	0.003713	-0.970300	-0.673919	-0.718804	-0.170746	-0.698089	0.695203	-0.171361
16738		0.241196	0.001449	-0.970475	-0.676096	-0.717145	-0.169104	-0.696217	0.696922	-0.171993
16739		0.240515	-0.001335	-0.970645	-0.678317	-0.715517	-0.167096	-0.694290	0.698594	-0.172998
16740		0.239677	-0.004627	-0.970842	-0.680440	-0.714083	-0.164580	-0.692500	0.700046	-0.174298
16741		0.238725	-0.008497	-0.971050	-0.682063	-0.713251	-0.161438	-0.691231	0.700857	-0.176066
16742		0.237716	-0.013142	-0.971246	-0.683841	-0.712378	-0.157733	-0.689821	0.701673	-0.178330
16743		0.236458	-0.018473	-0.971466	-0.686270	-0.710961	-0.153521	-0.687838	0.702989	-0.180790
16744		0.234605	-0.024393	-0.971785	-0.688957	-0.709423	-0.148518	-0.685784	0.704361	-0.183240
16745		0.232056	-0.030909	-0.972211	-0.691756	-0.707910	-0.142608	-0.683830	0.705626	-0.185656
16746		0.228975	-0.038394	-0.972675	-0.694450	-0.706651	-0.135585	-0.682136	0.706520	-0.188468
16747		0.225005	-0.046641	-0.973241	-0.696204	-0.706502	-0.127098	-0.681669	0.706172	-0.191438
16748		0.219819	-0.055470	-0.973962	-0.695827	-0.708667	-0.116685	-0.683743	0.703359	-0.194376
16749		0.213930	-0.064872	-0.974692	-0.692756	-0.713552	-0.104558	-0.688711	0.697592	-0.197591
16750		0.206364	-0.074601	-0.975627	-0.688403	-0.719650	-0.090583	-0.695353	0.690318	-0.199865
16751		0.196627	-0.084527	-0.976828	-0.685029	-0.724625	-0.075187	-0.701479	0.683940	-0.200384
16752		0.184553	-0.094908	-0.978229	-0.683637	-0.727483	-0.058394	-0.706103	0.679530	-0.199141
16753		0.171053	-0.106073	-0.979535	-0.683938	-0.728412	-0.040554	-0.709204	0.676878	-0.197144
16754		0.156580	-0.118076	-0.980582	-0.682867	-0.730238	-0.021110	-0.713565	0.672912	-0.194971
16755		0.141612	-0.130481	-0.981285	-0.676494	-0.736448	0.000299	-0.722705	0.663791	-0.192559
16756		0.126539	-0.143137	-0.981580	-0.667707	-0.744086	0.022428	-0.733591	0.652570	-0.189729
16757		0.112184	-0.155200	-0.981493	-0.660191	-0.749859	0.043113	-0.742672	0.643136	-0.186584
16758		0.098995	-0.166315	-0.981091	-0.659813	-0.748999	0.060394	-0.744881	0.641358	-0.183884
16759		0.088096	-0.176461	-0.980357	-0.666919	-0.741493	0.073536	-0.739904	0.647341	-0.183008
16761		0.071365	-0.193654	-0.978471	-0.680821	-0.726380	0.094106	-0.728965	0.659447	-0.183682
16762		0.066211	-0.201097	-0.977331	-0.686227	-0.720241	0.101709	-0.724368	0.663937	-0.185686
16763		0.062397	-0.206719	-0.976409	-0.690614	-0.715221	0.107289	-0.720527	0.667627	-0.187390
16764		0.061239	-0.210656	-0.975640	-0.693889	-0.711616	0.110095	-0.717473	0.670244	-0.189750
16765		0.061436	-0.212564	-0.975214	-0.697688	-0.707854	0.110336	-0.713762	0.673617	-0.191791
16767		0.063444	-0.210631	-0.975505	-0.710492	-0.695968	0.104065	-0.700840	0.686486	-0.193806
16768		0.064681	-0.206443	-0.976318	-0.717710	-0.689380	0.098222	-0.693331	0.694361	-0.192756
16770		0.067057	-0.187629	-0.979948	-0.739605	-0.668576	0.077401	-0.669693	0.719584	-0.183604
16771		0.067865	-0.174342	-0.982344	-0.753603	-0.654202	0.064042	-0.653817	0.735951	-0.175782
16772		0.068459	-0.160949	-0.984586	-0.768150	-0.638241	0.050922	-0.636599	0.752823	-0.167327
16773		0.069226	-0.148108	-0.986545	-0.783517	-0.620199	0.038130	-0.617502	0.770336	-0.158979
16774		0.069071	-0.134835	-0.988458	-0.799006	-0.600756	0.026116	-0.597343	0.787980	-0.149229
16776		0.065462	-0.107118	-0.992089	-0.824758	-0.565447	0.006632	-0.561684	0.817799	-0.125362
16777		0.061213	-0.093295	-0.993755	-0.835447	-0.549571	0.000133	-0.546151	0.830222	-0.111584
16779		0.049523	-0.066639	-0.996547	-0.857633	-0.514196	-0.008236	-0.511871	0.855080	-0.082616
16780		0.043168	-0.053211	-0.997650	-0.868995	-0.494694	-0.011216	-0.492934	0.867437	-0.067595
16781		0.037512	-0.040423	-0.998478	-0.878567	-0.477422	-0.013679	-0.476143	0.877744	-0.053423
16782		0.032433	-0.028176	-0.999077	-0.884488	-0.466304	-0.015563	-0.465435	0.884176	-0.040045
16783		0.026877	-0.015136	-0.999524	-0.886802	-0.461842	-0.016852	-0.461367	0.886833	-0.025836
16784		0.020778	-0.001982	-0.999782	-0.886601	-0.462203	-0.017510	-0.462068	0.886772	-0.011360
16785		0.013497	0.010974	-0.999849	-0.883203	-0.468680	-0.017066	-0.468796	0.883300	0.003367
16786		0.004151	0.025796	-0.999659	-0.876247	-0.481594	-0.016066	-0.481844	0.876015	0.020605
16787		-0.006524	0.041638	-0.999111	-0.865163	-0.501259	-0.015240	-0.501448	0.864295	0.039294
16788		-0.017535	0.058018	-0.998162	-0.850445	-0.525832	-0.015624	-0.525771	0.848608	0.058562
16789		-0.027716	0.074062	-0.996868	-0.834679	-0.550452	-0.017689	-0.550039	0.831575	0.077074
16790		-0.036016	0.089368	-0.995347	-0.822313	-0.568636	-0.021300	-0.567894	0.817720	0.093969
16791		-0.042928	0.103991	-0.993651	-0.814291	-0.579896	-0.025510	-0.578867	0.808026	0.109572
16792		-0.048909	0.117510	-0.991867	-0.808802	-0.587331	-0.029702	-0.586044	0.800771	0.123768
16793		-0.054462	0.130883	-0.989901	-0.805106	-0.592155	-0.033998	-0.590625	0.795124	0.137625
16794		-0.059779	0.143511	-0.987842	-0.801668	-0.596550	-0.038152	-0.594773	0.789641	0.150709
16795		-0.065433	0.155075	-0.985733	-0.798168	-0.600999	-0.041566	-0.598870	0.784061	0.163101
16796		-0.071630	0.165544	-0.983598	-0.796419	-0.603177	-0.043518	-0.600488	0.780239	0.175048
16797		-0.078140	0.174012	-0.981638	-0.796813	-0.602665	-0.043405	-0.599152	0.778791	0.185747
16798		-0.085412	0.181200	-0.979730	-0.798591	-0.600446	-0.041431	-0.595782	0.778866	0.195990
16799		-0.095933	0.189114	-0.977258	-0.799646	-0.599300	-0.037476	-0.592758	0.777866	0.208717
16800		-0.109259	0.195996	-0.974499	-0.799320	-0.600101	-0.031077	-0.590889	0.775541	0.222230
16801		-0.122665	0.198464	-0.972402	-0.798080	-0.602142	-0.022220	-0.589934	0.773329	0.232252
16802		-0.136107	0.197831	-0.970741	-0.796210	-0.604908	-0.011640	-0.589512	0.771329	0.239847
16803		-0.149641	0.197458	-0.968823	-0.787494	-0.616310	-0.003978	-0.597881	0.762347	0.247722
16804		-0.160132	0.195377	-0.967567	-0.777303	-0.629125	0.001607	-0.608406	0.752350	0.252610
16805		-0.170719	0.194496	-0.965933	-0.777997	-0.628171	0.011017	-0.604628	0.753374	0.258558
16806		-0.177632	0.187839	-0.966004	-0.791028	-0.611201	0.026609	-0.585424	0.768863	0.257155
16807		-0.181495	0.174135	-0.967852	-0.804512	-0.592282	0.044302	-0.565527	0.786689	0.247590
16808		-0.183605	0.157473	-0.970305	-0.818375	-0.571315	0.062137	-0.544565	0.805482	0.233769
16809		-0.193106	0.145117	-0.970387	-0.817191	-0.571173	0.077204	-0.543055	0.807900	0.228885
16810		-0.207081	0.137125	-0.968666	-0.792481	-0.604099	0.083900	-0.573665	0.785023	0.233767
16811		-0.209628	0.134455	-0.968493	-0.772731	-0.629693	0.079836	-0.599119	0.765120	0.235899
16812		-0.200509	0.140242	-0.969602	-0.762630	-0.643599	0.064619	-0.614972	0.752405	0.236000
16813		-0.184752	0.144285	-0.972136	-0.757998	-0.650524	0.047504	-0.625544	0.745654	0.229553
16814		-0.168345	0.151495	-0.974017	-0.756541	-0.653296	0.029146	-0.631906	0.741791	0.224591
16815		-0.148585	0.161862	-0.975563	-0.758525	-0.651602	0.007417	-0.634478	0.741091	0.219595
16816		-0.128065	0.174887	-0.976224	-0.759901	-0.649824	-0.016727	-0.637299	0.739691	0.216117
16817		-0.106658	0.186323	-0.976682	-0.762256	-0.646038	-0.040004	-0.638427	0.740215	0.210931
16818		-0.084723	0.194447	-0.977247	-0.763582	-0.642757	-0.061692	-0.640129	0.740982	0.202932
16819		-0.065062	0.200241	-0.977584	-0.760692	-0.644003	-0.081286	-0.645844	0.738352	0.194222
16820		-0.051667	0.205127	-0.977371	-0.754864	-0.648779	-0.096258	-0.653843	0.732809	0.188364
16821		-0.044370	0.207679	-0.977190	-0.753149	-0.649600	-0.103860	-0.656352	0.731361	0.185235
16822		-0.038526	0.203069	-0.978406	-0.760272	-0.641359	-0.103178	-0.648462	0.739880	0.179097
16823		-0.030724	0.188968	-0.981503	-0.775466	-0.624067	-0.095877	-0.630641	0.758176	0.165712
16824		-0.021636	0.167937	-0.985560	-0.789956	-0.607088	-0.086105	-0.612782	0.776686	0.145798
16825		-0.016296	0.146079	-0.989139	-0.796199	-0.600301	-0.075537	-0.604815	0.786321	0.126090
16826		-0.014598	0.124041	-0.992170	-0.801886	-0.594200	-0.062488	-0.597298	0.794695	0.108141
16827		-0.012453	0.098356	-0.995073	-0.812949	-0.580419	-0.047196	-0.582202	0.808356	0.087187
16828		-0.009142	0.070497	-0.997470	-0.828631	-0.558885	-0.031905	-0.559720	0.826243	0.063526
16829		-0.006377	0.043881	-0.999016	-0.843978	-0.536070	-0.018159	-0.536340	0.843032	0.040453
16830		-0.002680	0.019523	-0.999806	-0.853712	-0.520686	-0.007879	-0.520739	0.853525	0.018063
16831		0.002282	-0.001562	-0.999996	-0.855282	-0.518162	-0.001142	-0.518158	0.855281	-0.002519
16832		0.007745	-0.016527	-0.999833	-0.849379	-0.527779	0.002145	-0.527727	0.849221	-0.018125
16833		0.011752	-0.024015	-0.999643	-0.838703	-0.544580	0.003223	-0.544462	0.838365	-0.026541
16834		0.017700	-0.029867	-0.999397	-0.829212	-0.558930	0.002018	-0.558654	0.828676	-0.034659
16835		0.029472	-0.038113	-0.998839	-0.821992	-0.569494	-0.002524	-0.568736	0.821112	-0.048113
16836		0.045755	-0.048292	-0.997785	-0.817986	-0.575157	-0.009673	-0.573416	0.816616	-0.065819
16837		0.063525	-0.058199	-0.996282	-0.815639	-0.578275	-0.018226	-0.575064	0.813764	-0.084204
16838		0.082287	-0.067747	-0.994303	-0.814102	-0.580054	-0.027852	-0.574863	0.811756	-0.102884
16839		0.101029	-0.076072	-0.991971	-0.813315	-0.580561	-0.038311	-0.572985	0.810655	-0.120524
16840		0.116783	-0.080950	-0.989853	-0.812840	-0.580471	-0.048428	-0.570660	0.810248	-0.133588
16841		0.130021	-0.083682	-0.987974	-0.812674	-0.579841	-0.057838	-0.568028	0.810421	-0.143397
16842		0.141357	-0.087687	-0.986068	-0.812861	-0.578814	-0.065055	-0.565045	0.810732	-0.153096
16843		0.150319	-0.093779	-0.984180	-0.816006	-0.573794	-0.069958	-0.558156	0.813613	-0.162777
16844		0.155711	-0.101764	-0.982547	-0.829370	-0.553767	-0.074081	-0.536563	0.826430	-0.170628
16845		0.157323	-0.110807	-0.981311	-0.843504	-0.531835	-0.075176	-0.513566	0.839567	-0.177136
16846		0.151158	-0.112118	-0.982131	-0.842304	-0.534619	-0.068607	-0.517374	0.837623	-0.175249
16847		0.140603	-0.112033	-0.983707	-0.835935	-0.545826	-0.057319	-0.530512	0.830375	-0.170397
16848		0.129393	-0.123696	-0.983848	-0.831490	-0.554120	-0.039687	-0.540261	0.823195	-0.174551
16849		0.124991	-0.137869	-0.982532	-0.828580	-0.559222	-0.026936	-0.545740	0.817474	-0.184133
16850		0.127098	-0.137699	-0.982286	-0.844857	-0.533880	-0.034476	-0.519675	0.834273	-0.184191
16851		0.136991	-0.149592	-0.979212	-0.849012	-0.526986	-0.038270	-0.510306	0.836605	-0.199198
16852		0.142980	-0.157343	-0.977139	-0.854014	-0.518595	-0.041458	-0.500216	0.840418	-0.208522
16853		0.145044	-0.156487	-0.976972	-0.860459	-0.507397	-0.046474	-0.488440	0.847384	-0.208245
16854		0.138949	-0.149249	-0.978988	-0.855553	-0.515945	-0.042773	-0.498720	0.843520	-0.199381
16855		0.127842	-0.139314	-0.981961	-0.851646	-0.522832	-0.036700	-0.508288	0.840975	-0.185486
16856		0.115575	-0.127141	-0.985128	-0.849330	-0.526913	-0.031639	-0.515054	0.840356	-0.168883
16857		0.110325	-0.116047	-0.987097	-0.852925	-0.520919	-0.034088	-0.510242	0.845681	-0.156450
16858		0.104771	-0.101238	-0.989330	-0.855619	-0.516226	-0.037786	-0.506892	0.850448	-0.140707
16859		0.097628	-0.086701	-0.991439	-0.861391	-0.506321	-0.040544	-0.498472	0.857975	-0.124115
16860		0.089332	-0.074717	-0.993195	-0.872049	-0.487635	-0.041751	-0.481197	0.869845	-0.108718
16861		0.079564	-0.064765	-0.994724	-0.880521	-0.472344	-0.039676	-0.467282	0.879031	-0.094609
16863		0.051397	-0.041127	-0.997831	-0.883384	-0.467916	-0.026216	-0.465823	0.882815	-0.060381
16864		0.036857	-0.028261	-0.998921	-0.884837	-0.465493	-0.019478	-0.464440	0.884600	-0.042163
16865		0.025604	-0.018222	-0.999506	-0.888237	-0.459160	-0.014383	-0.458671	0.888167	-0.027941
16866		0.016461	-0.008556	-0.999828	-0.889125	-0.457539	-0.010723	-0.457369	0.889148	-0.015139
16867		0.008602	0.002631	-0.999960	-0.887088	-0.461516	-0.008846	-0.461521	0.887128	-0.001636
16868		0.001711	0.015278	-0.999882	-0.882912	-0.469458	-0.008684	-0.469535	0.882823	0.012686
16869		-0.005417	0.028998	-0.999565	-0.875951	-0.482311	-0.009245	-0.482369	0.875520	0.028014
16870		-0.014511	0.044426	-0.998907	-0.867543	-0.497271	-0.009513	-0.497150	0.866457	0.045758
16871		-0.025392	0.060793	-0.997827	-0.859980	-0.510244	-0.009203	-0.509695	0.857878	0.065236
16872		-0.036315	0.077133	-0.996359	-0.854284	-0.519727	-0.009098	-0.518536	0.850843	0.084768
16873		-0.044460	0.091605	-0.994802	-0.852338	-0.522894	-0.010057	-0.521098	0.847461	0.101327
16874		-0.048552	0.103374	-0.993457	-0.854397	-0.519475	-0.012298	-0.517348	0.848209	0.113544
16875		-0.050979	0.114775	-0.992083	-0.859007	-0.511742	-0.015063	-0.509419	0.851438	0.124680
16876		-0.054123	0.128516	-0.990229	-0.863792	-0.503522	-0.018137	-0.500934	0.854370	0.138263
16877		-0.058636	0.143322	-0.987938	-0.864917	-0.501458	-0.021413	-0.498478	0.853229	0.153365
16878		-0.065676	0.159592	-0.984996	-0.864276	-0.502456	-0.023782	-0.498712	0.849746	0.170931
16879		-0.074040	0.175627	-0.981669	-0.863811	-0.503202	-0.024875	-0.498346	0.846134	0.188965
16880		-0.084704	0.189666	-0.978188	-0.861964	-0.506422	-0.023553	-0.499843	0.841168	0.206381
16881		-0.097631	0.200760	-0.974763	-0.857930	-0.513385	-0.019806	-0.504405	0.834345	0.222360
16882		-0.112818	0.208946	-0.971398	-0.852491	-0.522571	-0.013396	-0.510423	0.826596	0.237080
16883		-0.130384	0.215688	-0.967718	-0.846504	-0.532362	-0.004602	-0.516169	0.818577	0.251992
16884		-0.148553	0.220086	-0.964103	-0.838042	-0.545586	0.004583	-0.524992	0.808640	0.265490
16885		-0.166572	0.221698	-0.960783	-0.823944	-0.566542	0.012120	-0.541637	0.793650	0.277037
16886		-0.189214	0.226071	-0.955558	-0.806960	-0.590263	0.020142	-0.559476	0.774908	0.294116
16887		-0.210847	0.231979	-0.949594	-0.791810	-0.610182	0.026750	-0.573220	0.757538	0.312338
16889		-0.239221	0.228782	-0.943627	-0.763176	-0.645127	0.037064	-0.600280	0.729020	0.328929
16890		-0.244166	0.220119	-0.944421	-0.770637	-0.635216	0.051185	-0.588644	0.740303	0.324730
16891		-0.242570	0.203797	-0.948486	-0.786505	-0.613686	0.069285	-0.567953	0.762795	0.309149
16892		-0.247936	0.189764	-0.950009	-0.785421	-0.613447	0.082445	-0.567135	0.766598	0.301140
16893		-0.258934	0.183336	-0.948336	-0.765510	-0.637686	0.085735	-0.589022	0.748161	0.305464
16894		-0.266733	0.187353	-0.945385	-0.738913	-0.669525	0.075795	-0.618758	0.718774	0.317022
16895		-0.263860	0.193264	-0.945001	-0.726441	-0.684347	0.062877	-0.634557	0.703078	0.320967
16896		-0.252384	0.202178	-0.946270	-0.717889	-0.694827	0.043016	-0.648797	0.690173	0.320504
16897		-0.236101	0.212133	-0.948291	-0.715422	-0.698349	0.021902	-0.657592	0.683599	0.316645
16898		-0.216764	0.223633	-0.950264	-0.716975	-0.697099	-0.000505	-0.662541	0.681206	0.311445
16899		-0.196949	0.235420	-0.951729	-0.721071	-0.692509	-0.022082	-0.664280	0.681916	0.306144
16900		-0.176858	0.244335	-0.953426	-0.727373	-0.685038	-0.040629	-0.663060	0.686311	0.298877
16901		-0.157807	0.251179	-0.954990	-0.730818	-0.680094	-0.058112	-0.664080	0.688753	0.290890
16902		-0.141548	0.255820	-0.956305	-0.730399	-0.679050	-0.073541	-0.668192	0.688075	0.282969
16903		-0.128159	0.256503	-0.958009	-0.728929	-0.679368	-0.084384	-0.672486	0.687506	0.274040
16904		-0.119087	0.254252	-0.959778	-0.728956	-0.678705	-0.089347	-0.674123	0.688996	0.266163
16905		-0.113003	0.249006	-0.961887	-0.731722	-0.675771	-0.088975	-0.672170	0.693780	0.258568
16906		-0.107630	0.240137	-0.964754	-0.737172	-0.670385	-0.084625	-0.667078	0.702082	0.249176
16907		-0.103456	0.229228	-0.967859	-0.747241	-0.660138	-0.076473	-0.656451	0.715313	0.239583
16908		-0.102048	0.218259	-0.970541	-0.759678	-0.646980	-0.065618	-0.642243	0.730602	0.231830
16909		-0.102662	0.207031	-0.972933	-0.773174	-0.631985	-0.052897	-0.625830	0.746816	0.224952
16910		-0.102516	0.193186	-0.975792	-0.788714	-0.613547	-0.038608	-0.606152	0.765663	0.215267
16911		-0.097730	0.174691	-0.979761	-0.807072	-0.589937	-0.024681	-0.582309	0.788326	0.198643
16912		-0.088159	0.151047	-0.984588	-0.828530	-0.559822	-0.011697	-0.552961	0.814729	0.174501
16913		-0.074983	0.124209	-0.989419	-0.850184	-0.526483	-0.001663	-0.521118	0.841064	0.145078
16914		-0.061367	0.096089	-0.993479	-0.866830	-0.498575	0.005322	-0.494813	0.861504	0.113889
16915		-0.048374	0.069927	-0.996379	-0.877928	-0.478708	0.009027	-0.476343	0.875185	0.084548
16916		-0.035010	0.045656	-0.998344	-0.883943	-0.467496	0.009619	-0.466283	0.882815	0.056724
16917		-0.021466	0.026476	-0.999419	-0.885001	-0.465542	0.006676	-0.465094	0.884630	0.033424
16918		-0.011003	0.012465	-0.999862	-0.878977	-0.476849	0.003728	-0.476737	0.878897	0.016203
16919		-0.002771	0.000598	-0.999996	-0.863762	-0.503895	0.002092	-0.503892	0.863765	0.001913
16920		0.005598	-0.012534	-0.999906	-0.843101	-0.537751	0.002021	-0.537726	0.843010	-0.013578
16921		0.015022	-0.027559	-0.999507	-0.822944	-0.568113	0.003296	-0.567924	0.822489	-0.031213
16922		0.025095	-0.042810	-0.998768	-0.808469	-0.588518	0.004912	-0.588003	0.807350	-0.049380
16923		0.034036	-0.055444	-0.997882	-0.799027	-0.601264	0.006154	-0.600331	0.797125	-0.064766
16924		0.044621	-0.067084	-0.996749	-0.797806	-0.602895	0.004862	-0.601261	0.794995	-0.080422
16925		0.058945	-0.079748	-0.995071	-0.801786	-0.597611	0.000399	-0.594697	0.797811	-0.099167
16926		0.075603	-0.093337	-0.992760	-0.806786	-0.590815	-0.005893	-0.585987	0.801390	-0.119970
16927		0.093051	-0.107489	-0.989842	-0.812262	-0.583148	-0.013032	-0.575823	0.805224	-0.141572
16928		0.107068	-0.116584	-0.987393	-0.812659	-0.582418	-0.019354	-0.572819	0.804486	-0.157101
16929		0.116091	-0.120037	-0.985958	-0.809651	-0.586423	-0.023937	-0.575316	0.801061	-0.165267
16930		0.122562	-0.121372	-0.985011	-0.803189	-0.595129	-0.026608	-0.582980	0.794412	-0.170425
16931		0.131210	-0.123820	-0.983592	-0.788789	-0.614029	-0.027926	-0.600496	0.779510	-0.178235
16932		0.149275	-0.128837	-0.980366	-0.789955	-0.611867	-0.039872	-0.594717	0.780397	-0.193112
16933		0.143517	-0.120256	-0.982314	-0.815518	-0.576692	-0.048549	-0.560655	0.808062	-0.180836
16934		0.127174	-0.120197	-0.984571	-0.821768	-0.568637	-0.036725	-0.555449	0.813759	-0.171090
16935		0.104676	-0.125309	-0.986580	-0.790712	-0.612158	-0.006142	-0.603173	0.780743	-0.163162
16936		0.079658	-0.126470	-0.988767	-0.768786	-0.639199	0.019822	-0.634526	0.758571	-0.148146
16937		0.062286	-0.129735	-0.989590	-0.763866	-0.644348	0.036395	-0.642362	0.753647	-0.139234
16938		0.053931	-0.134238	-0.989480	-0.759951	-0.648313	0.046533	-0.647739	0.749447	-0.136979
16939		0.052380	-0.136074	-0.989313	-0.763949	-0.643484	0.048060	-0.643147	0.753267	-0.137659
16940		0.055929	-0.136121	-0.989112	-0.774435	-0.631185	0.043073	-0.630176	0.763595	-0.140718
16941		0.064166	-0.134054	-0.988894	-0.787211	-0.615832	0.032403	-0.613337	0.776389	-0.145044
16942		0.075642	-0.130413	-0.988570	-0.801701	-0.597470	0.017475	-0.592920	0.791216	-0.149746
16943		0.090700	-0.125762	-0.987906	-0.815207	-0.579169	-0.001115	-0.572024	0.805448	-0.155053
16944		0.105054	-0.120542	-0.987134	-0.825411	-0.564214	-0.018945	-0.554671	0.816782	-0.158769
16945		0.114739	-0.115746	-0.986629	-0.829661	-0.557401	-0.031093	-0.546349	0.822136	-0.159986
16946		0.119746	-0.112762	-0.986380	-0.827867	-0.559734	-0.036515	-0.547993	0.820964	-0.160378
16947		0.120110	-0.112707	-0.986342	-0.819646	-0.571832	-0.034469	-0.560137	0.812592	-0.161063
16948		0.116355	-0.116225	-0.986384	-0.804822	-0.592987	-0.025066	-0.582000	0.796780	-0.162538
16949		0.107336	-0.121215	-0.986806	-0.786165	-0.617942	-0.009607	-0.608625	0.776823	-0.161623
16950		0.092687	-0.125608	-0.987741	-0.772502	-0.634959	0.008256	-0.628211	0.762267	-0.155885
16951		0.074824	-0.131437	-0.988497	-0.764593	-0.643916	0.027744	-0.640156	0.753721	-0.148676
16952		0.055906	-0.141019	-0.988427	-0.760017	-0.648018	0.049466	-0.647495	0.748455	-0.143405
16953		0.037192	-0.153447	-0.987457	-0.756938	-0.649462	0.072414	-0.652427	0.744751	-0.140305
16954		0.021018	-0.165935	-0.985913	-0.756239	-0.647669	0.092885	-0.653958	0.743633	-0.139099
16955		0.009390	-0.178346	-0.983923	-0.760710	-0.639920	0.108732	-0.649024	0.747459	-0.141679
16956		0.001030	-0.189446	-0.981891	-0.766670	-0.630564	0.120856	-0.642041	0.752661	-0.145892
16957		-0.003450	-0.200999	-0.979585	-0.769832	-0.624682	0.130888	-0.638238	0.754567	-0.152580
16958		-0.004766	-0.212208	-0.977213	-0.769370	-0.623466	0.139142	-0.638786	0.752501	-0.160295
16959		-0.005454	-0.219942	-0.975498	-0.769944	-0.621548	0.144444	-0.638088	0.751866	-0.165953
16960		-0.004083	-0.226413	-0.974023	-0.772970	-0.617245	0.146719	-0.634430	0.753489	-0.172491
16961		0.000018	-0.231312	-0.972880	-0.774820	-0.615041	0.146218	-0.632182	0.753804	-0.179237
16962		0.005284	-0.230969	-0.972947	-0.774274	-0.616671	0.142187	-0.632829	0.752576	-0.182091
16963		0.010456	-0.224592	-0.974397	-0.771299	-0.621972	0.135084	-0.636387	0.750139	-0.179731
16964		0.016170	-0.215126	-0.976452	-0.766743	-0.629471	0.125984	-0.641751	0.746650	-0.175125
16965		0.023621	-0.205736	-0.978322	-0.762116	-0.637043	0.115566	-0.647009	0.742865	-0.171842
16966		0.032127	-0.196313	-0.980015	-0.757279	-0.644706	0.104320	-0.652301	0.738793	-0.169376
16967		0.040247	-0.186489	-0.981632	-0.751226	-0.653413	0.093334	-0.658817	0.733671	-0.166394
16968		0.046546	-0.176764	-0.983152	-0.741527	-0.665573	0.084560	-0.669307	0.725097	-0.162055
16969		0.049637	-0.168243	-0.984495	-0.729655	-0.679204	0.079283	-0.682012	0.714406	-0.156472
16970		0.048652	-0.160977	-0.985758	-0.715899	-0.693836	0.077972	-0.696507	0.701910	-0.148999
16971		0.043624	-0.154555	-0.987021	-0.699048	-0.710545	0.080366	-0.713743	0.686469	-0.139039
16972		0.035949	-0.148413	-0.988272	-0.681472	-0.726963	0.084382	-0.730960	0.670447	-0.127272
16973		0.027381	-0.143665	-0.989247	-0.666159	-0.740469	0.089098	-0.745307	0.656556	-0.115978
16974		0.018974	-0.140309	-0.989926	-0.652352	-0.752053	0.094090	-0.757678	0.643995	-0.105800
16975		0.011907	-0.138968	-0.990225	-0.639793	-0.762111	0.099261	-0.768455	0.632357	-0.097985
16976		0.005461	-0.137611	-0.990471	-0.630044	-0.769637	0.103456	-0.776540	0.623475	-0.090905
16977		0.000961	-0.135696	-0.990750	-0.625265	-0.773276	0.105304	-0.780412	0.619380	-0.085589
16978		-0.001928	-0.133345	-0.991068	-0.616522	-0.780147	0.106165	-0.787335	0.611220	-0.080706
16979		-0.004550	-0.129836	-0.991525	-0.605870	-0.788467	0.106027	-0.795551	0.601217	-0.075076
16980		-0.005328	-0.124897	-0.992155	-0.599044	-0.794041	0.103175	-0.800698	0.594895	-0.070588
16981		-0.002210	-0.120275	-0.992738	-0.599210	-0.794620	0.097606	-0.800589	0.595074	-0.070314
16982		0.003138	-0.116992	-0.993128	-0.602958	-0.792513	0.091454	-0.797767	0.598528	-0.073028
16983		0.005276	-0.113422	-0.993533	-0.609934	-0.787697	0.086685	-0.792435	0.605532	-0.073336
16984		0.003925	-0.111248	-0.993785	-0.623328	-0.777375	0.084560	-0.781950	0.619122	-0.072395
16985		0.000340	-0.111301	-0.993787	-0.640666	-0.763073	0.085242	-0.767820	0.636656	-0.071567
16986		-0.004795	-0.113788	-0.993493	-0.660558	-0.745532	0.088577	-0.750760	0.656685	-0.071588
16987		-0.010436	-0.118793	-0.992864	-0.679338	-0.727752	0.094214	-0.733751	0.675474	-0.073105
16988		-0.015250	-0.126625	-0.991833	-0.694383	-0.712394	0.101626	-0.719444	0.690262	-0.077063
16989		-0.021657	-0.134812	-0.990634	-0.702802	-0.702674	0.110989	-0.711055	0.698624	-0.079529
16990		-0.031223	-0.142298	-0.989331	-0.703131	-0.700355	0.122924	-0.710375	0.699468	-0.078186
16991		-0.042751	-0.149907	-0.987775	-0.700672	-0.700284	0.136602	-0.712201	0.697947	-0.075097
16992		-0.053397	-0.160161	-0.985646	-0.700763	-0.697176	0.151250	-0.711393	0.698780	-0.075008
16993		-0.059161	-0.177359	-0.982366	-0.708281	-0.686013	0.166509	-0.703448	0.705642	-0.085035
16994		-0.065321	-0.197993	-0.978024	-0.707560	-0.681923	0.185307	-0.703627	0.704116	-0.095548
16995		-0.079978	-0.212063	-0.973978	-0.681750	-0.701200	0.208654	-0.727201	0.680697	-0.088493
16996		-0.094776	-0.226341	-0.969426	-0.643063	-0.729450	0.233180	-0.759926	0.645502	-0.076417
16997		-0.122289	-0.228797	-0.965762	-0.594074	-0.762622	0.255896	-0.795060	0.605028	-0.042662
16998		-0.142452	-0.235521	-0.961372	-0.547602	-0.790340	0.274763	-0.824523	0.565591	-0.016386
16999		-0.155617	-0.247841	-0.956221	-0.516514	-0.804723	0.292633	-0.842019	0.539440	-0.002785
17000		-0.166893	-0.256492	-0.952029	-0.509806	-0.804032	0.305990	-0.843946	0.536418	0.003426
17001		-0.168373	-0.273710	-0.946960	-0.516173	-0.793950	0.321261	-0.839771	0.542887	-0.007602
17002		-0.171627	-0.306622	-0.936230	-0.527731	-0.773865	0.350188	-0.831892	0.554180	-0.028997
17003		-0.203580	-0.325206	-0.923470	-0.539532	-0.749814	0.382993	-0.816982	0.576212	-0.022812
17004		-0.249070	-0.328725	-0.910991	-0.508200	-0.756368	0.411875	-0.824437	0.565551	0.021331
17005		-0.279710	-0.334160	-0.900055	-0.484929	-0.759931	0.432838	-0.828617	0.557532	0.050516
17006		-0.297115	-0.341890	-0.891535	-0.485905	-0.749623	0.449402	-0.821961	0.566725	0.056598
17007		-0.308521	-0.349159	-0.884818	-0.488982	-0.739664	0.462379	-0.815911	0.575314	0.057470
17008		-0.313530	-0.356411	-0.880154	-0.489660	-0.733469	0.471440	-0.813592	0.578787	0.055444
17009		-0.317351	-0.360981	-0.876916	-0.490871	-0.728661	0.477596	-0.811378	0.582018	0.054046
17010		-0.321277	-0.364419	-0.874059	-0.493391	-0.723404	0.482962	-0.808298	0.586418	0.052612
17012		-0.331298	-0.369554	-0.868142	-0.488044	-0.720335	0.492881	-0.807499	0.586982	0.058287
17013		-0.336274	-0.372428	-0.864995	-0.477420	-0.724301	0.497452	-0.811782	0.580246	0.065759
17014		-0.340397	-0.376356	-0.861676	-0.465382	-0.728853	0.502187	-0.817037	0.571952	0.072950
17015		-0.342075	-0.382228	-0.858421	-0.455802	-0.731369	0.507290	-0.821723	0.564801	0.075963
17016		-0.341853	-0.389181	-0.855380	-0.448356	-0.732400	0.512413	-0.825901	0.558685	0.075881
17017		-0.340255	-0.396444	-0.852677	-0.443238	-0.732110	0.517258	-0.829317	0.553938	0.073385
17018		-0.338809	-0.402909	-0.850219	-0.437577	-0.732506	0.521499	-0.832907	0.548725	0.071876
17019		-0.337361	-0.407849	-0.848438	-0.428994	-0.735643	0.524207	-0.837945	0.540822	0.073212
17020		-0.333872	-0.411715	-0.847950	-0.424161	-0.737729	0.525208	-0.841794	0.535020	0.071673
17021		-0.327538	-0.413799	-0.849405	-0.429081	-0.735802	0.523914	-0.841789	0.536065	0.063450
17022		-0.318020	-0.413202	-0.853304	-0.439940	-0.732948	0.518884	-0.839831	0.540418	0.051308
17023		-0.306267	-0.408035	-0.860063	-0.450886	-0.733529	0.508564	-0.838393	0.543547	0.040678
17024		-0.292039	-0.397633	-0.869828	-0.462752	-0.737184	0.492363	-0.837003	0.546304	0.031281
17025		-0.274394	-0.383099	-0.882011	-0.474038	-0.744138	0.470688	-0.836658	0.547261	0.022584
17026		-0.252775	-0.365604	-0.895789	-0.490706	-0.749498	0.444366	-0.833854	0.551894	0.010050
17027		-0.229078	-0.345145	-0.910164	-0.509091	-0.754475	0.414239	-0.829669	0.558249	-0.002877
17028		-0.202884	-0.322723	-0.924493	-0.527844	-0.759167	0.380849	-0.824754	0.565256	-0.016325
17029		-0.174898	-0.298471	-0.938257	-0.548086	-0.762132	0.344611	-0.817932	0.574517	-0.030293
17030		-0.145520	-0.272643	-0.951047	-0.570557	-0.762199	0.305806	-0.808263	0.587127	-0.044643
17031		-0.114617	-0.246599	-0.962316	-0.594865	-0.758785	0.265295	-0.795612	0.602855	-0.059723
17032		-0.079754	-0.221605	-0.971870	-0.626298	-0.747363	0.221809	-0.775494	0.626370	-0.079185
17033		-0.044535	-0.196420	-0.979508	-0.661782	-0.728693	0.176213	-0.748372	0.656069	-0.097535
17034		-0.018958	-0.166766	-0.985814	-0.695483	-0.706158	0.132833	-0.718293	0.688135	-0.102595
17035		-0.008805	-0.133161	-0.991055	-0.726465	-0.680202	0.097848	-0.687147	0.720828	-0.090748
17036		-0.009897	-0.100664	-0.994871	-0.747167	-0.660474	0.074262	-0.664562	0.744070	-0.068676
17037		-0.015994	-0.078939	-0.996751	-0.749978	-0.658342	0.064172	-0.661269	0.748568	-0.048673
17038		-0.006970	-0.086145	-0.996258	-0.742748	-0.666616	0.062838	-0.669534	0.740407	-0.059338
17039		0.015788	-0.117710	-0.992923	-0.740112	-0.669082	0.067551	-0.672298	0.733807	-0.097682
17040		0.033922	-0.144477	-0.988927	-0.768585	-0.636273	0.066592	-0.638848	0.757815	-0.132626
17041		0.037882	-0.160372	-0.986329	-0.792408	-0.606175	0.068127	-0.608814	0.778995	-0.150043
17042		0.032541	-0.169713	-0.984956	-0.805129	-0.588367	0.074778	-0.592207	0.790583	-0.155787
17043		0.019736	-0.169514	-0.985330	-0.803337	-0.589383	0.085305	-0.595197	0.789869	-0.147809
17044		0.006124	-0.161480	-0.986857	-0.788815	-0.607326	0.094483	-0.614601	0.777869	-0.131097
17045		0.001231	-0.150545	-0.988602	-0.776094	-0.623574	0.093992	-0.630616	0.767132	-0.117605
17046		0.007154	-0.137849	-0.990427	-0.773306	-0.628718	0.081920	-0.633992	0.765318	-0.111098
17047		0.027417	-0.134036	-0.990597	-0.777864	-0.625260	0.063074	-0.627835	0.768820	-0.121404
17048		0.047861	-0.126257	-0.990842	-0.776642	-0.628502	0.042572	-0.628122	0.767492	-0.128138
17049		0.064995	-0.114903	-0.991248	-0.788759	-0.614394	0.019501	-0.611257	0.780588	-0.130563
17050		0.085148	-0.107979	-0.990500	-0.805413	-0.592696	-0.004624	-0.586566	0.798155	-0.137434
17051		0.104637	-0.098275	-0.989643	-0.803052	-0.595351	-0.025788	-0.586651	0.797433	-0.141215
17052		0.124281	-0.086029	-0.988511	-0.781670	-0.622129	-0.044133	-0.611184	0.778174	-0.144565
17053		0.146934	-0.076317	-0.986198	-0.759460	-0.647492	-0.063046	-0.633744	0.758241	-0.153099
17054		0.168790	-0.065502	-0.983473	-0.748991	-0.657133	-0.084780	-0.640720	0.750923	-0.159978
17055		0.192873	-0.054447	-0.979712	-0.746332	-0.656345	-0.110452	-0.637015	0.752494	-0.167227
17056		0.220582	-0.043442	-0.974401	-0.741747	-0.656189	-0.138660	-0.633368	0.753345	-0.176966
17057		0.249837	-0.032061	-0.967757	-0.736625	-0.654983	-0.168469	-0.628463	0.754963	-0.187256
17058		0.277558	-0.021319	-0.960472	-0.746713	-0.633822	-0.201717	-0.604468	0.773185	-0.191841
