// Start Time: Unknown
// Update Rate: 100.0Hz
// Filter Profile: human (46.1)
// Option Flags: AHS Disabled ICC Disabled 
// Firmware Version: 4.0.2
PacketCounter	SampleTimeFine	Mat[1][1]	Mat[2][1]	Mat[3][1]	Mat[1][2]	Mat[2][2]	Mat[3][2]	Mat[1][3]	Mat[2][3]	Mat[3][3]
37291		0.063646	-0.069029	-0.995582	-0.054602	0.995870	-0.072540	0.996478	0.058977	0.059614
37292		0.070238	-0.090761	-0.993393	-0.053570	0.994072	-0.094610	0.996091	0.059862	0.064959
37293		0.076618	-0.111798	-0.990773	-0.053495	0.991802	-0.116051	0.995624	0.061893	0.070010
37294		0.082566	-0.132229	-0.987774	-0.054826	0.989055	-0.136984	0.995076	0.065466	0.074413
37295		0.088006	-0.151627	-0.984512	-0.056374	0.986005	-0.156897	0.994523	0.069309	0.078226
37296		0.093076	-0.170037	-0.981032	-0.058680	0.982660	-0.175887	0.993928	0.073938	0.081485
37297		0.097647	-0.187061	-0.977483	-0.061198	0.979190	-0.193501	0.993338	0.078715	0.084167
37298		0.101828	-0.202719	-0.973928	-0.064179	0.975639	-0.209786	0.992730	0.083868	0.086337
37299		0.105674	-0.216550	-0.970536	-0.067411	0.972195	-0.224260	0.992113	0.089123	0.088138
37300		0.109217	-0.228955	-0.967291	-0.070731	0.968855	-0.237312	0.991498	0.094336	0.089622
37301		0.112422	-0.239917	-0.964262	-0.073608	0.965737	-0.248865	0.990930	0.098955	0.090910
37302		0.115356	-0.250061	-0.961334	-0.076121	0.962723	-0.259557	0.990403	0.103119	0.092021
37303		0.117838	-0.259246	-0.958596	-0.077649	0.959960	-0.269160	0.989992	0.106151	0.092990
37304		0.119844	-0.267914	-0.955960	-0.078787	0.957296	-0.278166	0.989662	0.108654	0.093619
37305		0.121470	-0.276038	-0.953440	-0.079313	0.954782	-0.286531	0.989421	0.110425	0.094084
37306		0.122889	-0.283868	-0.950956	-0.078723	0.952411	-0.294476	0.989293	0.111050	0.094693
37307		0.124271	-0.290996	-0.948619	-0.076658	0.950357	-0.301572	0.989283	0.110196	0.095794
37308		0.125386	-0.297601	-0.946421	-0.074439	0.948438	-0.308098	0.989311	0.109082	0.096768
37309		0.126172	-0.303495	-0.944443	-0.071824	0.946757	-0.313834	0.989405	0.107431	0.097656
37310		0.126675	-0.308878	-0.942628	-0.070055	0.945125	-0.319110	0.989467	0.106459	0.098085
37311		0.126873	-0.313687	-0.941012	-0.068847	0.943606	-0.323834	0.989527	0.105871	0.098122
37312		0.126657	-0.318123	-0.939551	-0.069325	0.942024	-0.328306	0.989521	0.106716	0.097260
37313		0.126170	-0.321942	-0.938315	-0.071055	0.940511	-0.332250	0.989461	0.108592	0.095789
37314		0.125330	-0.325300	-0.937268	-0.074096	0.939010	-0.335813	0.989344	0.111536	0.093583
37315		0.123946	-0.327783	-0.936587	-0.078178	0.937706	-0.338520	0.989205	0.115178	0.090599
37316		0.121832	-0.329635	-0.936214	-0.083433	0.936501	-0.340594	0.989038	0.119607	0.086594
37317		0.119238	-0.330594	-0.936210	-0.089052	0.935576	-0.341712	0.988864	0.124117	0.082116
37318		0.116187	-0.330850	-0.936504	-0.094682	0.934906	-0.342032	0.988704	0.128409	0.077299
37319		0.112819	-0.330111	-0.937176	-0.099253	0.934736	-0.341199	0.988646	0.131511	0.072691
37320		0.109221	-0.328286	-0.938243	-0.102683	0.935114	-0.339144	0.988700	0.133383	0.068425
37321		0.105615	-0.324943	-0.939818	-0.104852	0.936196	-0.335474	0.988864	0.133973	0.064806
37322		0.102067	-0.320212	-0.941832	-0.105667	0.937930	-0.330337	0.989150	0.133237	0.061895
37323		0.098385	-0.313963	-0.944324	-0.103904	0.940500	-0.323518	0.989709	0.129949	0.059909
37324		0.094099	-0.306644	-0.947161	-0.100507	0.943596	-0.315475	0.990477	0.124882	0.057971
37325		0.089623	-0.298034	-0.950339	-0.094608	0.947316	-0.306008	0.991472	0.117335	0.056705
37326		0.084884	-0.288577	-0.953687	-0.087940	0.951236	-0.295663	0.992503	0.108964	0.055367
37327		0.080086	-0.278814	-0.957000	-0.079485	0.955240	-0.284953	0.993614	0.098888	0.054340
37328		0.074811	-0.269917	-0.959973	-0.070454	0.958834	-0.275087	0.994706	0.088213	0.052715
37329		0.069340	-0.262421	-0.962459	-0.062762	0.961722	-0.266742	0.995617	0.078902	0.050216
37330		0.064674	-0.256739	-0.964314	-0.055291	0.963931	-0.260345	0.996373	0.070156	0.048146
37331		0.060946	-0.252088	-0.965783	-0.048078	0.965717	-0.255105	0.996982	0.061981	0.046737
37332		0.056943	-0.247620	-0.967182	-0.040420	0.967388	-0.250052	0.997559	0.053332	0.045078
37333		0.052344	-0.242208	-0.968811	-0.032709	0.969205	-0.244074	0.998093	0.044464	0.042810
37334		0.047151	-0.235801	-0.970657	-0.025703	0.971129	-0.237165	0.998557	0.036131	0.039729
37335		0.042063	-0.228214	-0.972702	-0.017824	0.973237	-0.229110	0.998956	0.026974	0.036869
37336		0.036982	-0.219595	-0.974890	-0.009523	0.975436	-0.220079	0.999271	0.017423	0.033982
37337		0.031889	-0.209895	-0.977204	-0.002260	0.977683	-0.210072	0.999489	0.008908	0.030703
37338		0.026634	-0.199425	-0.979551	0.003202	0.979911	-0.199411	0.999640	0.002175	0.026738
37339		0.021378	-0.188357	-0.981868	0.007646	0.982095	-0.188234	0.999742	-0.003483	0.022435
37340		0.016076	-0.177592	-0.983973	0.010065	0.984079	-0.177446	0.999820	-0.007052	0.017607
37341		0.011164	-0.167540	-0.985802	0.012463	0.985810	-0.167401	0.999860	-0.010417	0.013094
37342		0.006430	-0.158651	-0.987314	0.014771	0.987242	-0.158543	0.999870	-0.013564	0.008691
37343		0.001768	-0.150562	-0.988599	0.016318	0.988473	-0.150513	0.999865	-0.015866	0.004205
37344		-0.002962	-0.143170	-0.989694	0.017029	0.989547	-0.143200	0.999851	-0.017277	-0.000493
37345		-0.007661	-0.136085	-0.990668	0.016667	0.990542	-0.136196	0.999832	-0.017555	-0.005320
37346		-0.012281	-0.129416	-0.991514	0.014739	0.991458	-0.129592	0.999816	-0.016205	-0.010269
37347		-0.017031	-0.122812	-0.992284	0.012413	0.992325	-0.123030	0.999778	-0.014413	-0.015376
37348		-0.022135	-0.116405	-0.992955	0.009930	0.993124	-0.116646	0.999706	-0.012442	-0.020827
37349		-0.027278	-0.110073	-0.993549	0.007714	0.993866	-0.110320	0.999598	-0.010673	-0.026262
37350		-0.032296	-0.104083	-0.994044	0.005971	0.994525	-0.104327	0.999461	-0.009304	-0.031498
37351		-0.036840	-0.098175	-0.994487	0.005256	0.995130	-0.098433	0.999307	-0.008853	-0.036144
37352		-0.041091	-0.092482	-0.994866	0.005745	0.995669	-0.092794	0.999139	-0.009529	-0.040382
37353		-0.044840	-0.086900	-0.995207	0.007245	0.996155	-0.087309	0.998968	-0.011125	-0.044038
37354		-0.048802	-0.081245	-0.995499	0.009395	0.996605	-0.081796	0.998764	-0.013344	-0.047873
37355		-0.052665	-0.075551	-0.995750	0.012038	0.997014	-0.076283	0.998540	-0.016004	-0.051598
37356		-0.056090	-0.069928	-0.995974	0.013809	0.997395	-0.070805	0.998330	-0.017725	-0.054978
37357		-0.059131	-0.064376	-0.996172	0.014636	0.997755	-0.065347	0.998143	-0.018444	-0.058056
37358		-0.061867	-0.059135	-0.996331	0.015086	0.998074	-0.060175	0.997970	-0.018753	-0.060856
37359		-0.064356	-0.053918	-0.996469	0.013523	0.998401	-0.054895	0.997835	-0.017008	-0.063524
37360		-0.066584	-0.049110	-0.996572	0.009959	0.998706	-0.049881	0.997731	-0.013247	-0.066008
37361		-0.068272	-0.044674	-0.996666	0.005099	0.998968	-0.045127	0.997654	-0.008163	-0.067973
37362		-0.069651	-0.040611	-0.996744	-0.000840	0.999173	-0.040651	0.997571	-0.001994	-0.069628
37363		-0.070829	-0.036777	-0.996810	-0.007029	0.999314	-0.036370	0.997464	0.004430	-0.071039
37364		-0.072279	-0.033148	-0.996833	-0.013420	0.999389	-0.032260	0.997294	0.011046	-0.072680
37365		-0.073696	-0.029821	-0.996835	-0.018816	0.999416	-0.028507	0.997103	0.016656	-0.074214
37366		-0.075277	-0.026922	-0.996799	-0.022662	0.999423	-0.025282	0.996905	0.020687	-0.075844
37367		-0.076969	-0.024042	-0.996744	-0.024919	0.999443	-0.022183	0.996722	0.023130	-0.077526
37368		-0.079012	-0.021003	-0.996652	-0.026096	0.999479	-0.018994	0.996532	0.024508	-0.079519
37369		-0.081189	-0.017494	-0.996545	-0.027207	0.999512	-0.015330	0.996327	0.025868	-0.081626
37370		-0.083034	-0.013670	-0.996453	-0.028752	0.999523	-0.011316	0.996132	0.027710	-0.083387
37371		-0.084710	-0.009634	-0.996359	-0.031204	0.999488	-0.007011	0.995917	0.030497	-0.084967
37372		-0.086261	-0.005438	-0.996258	-0.034762	0.999393	-0.002445	0.995666	0.034421	-0.086398
37373		-0.087861	-0.000864	-0.996132	-0.038834	0.999242	0.002558	0.995376	0.038908	-0.087828
37374		-0.089346	0.004139	-0.995992	-0.043160	0.999036	0.008023	0.995065	0.043704	-0.089081
37375		-0.090912	0.009420	-0.995814	-0.046898	0.998805	0.013730	0.994754	0.047950	-0.090361
37376		-0.092274	0.014656	-0.995626	-0.051465	0.998485	0.019468	0.994403	0.053036	-0.091380
37377		-0.093754	0.020132	-0.995392	-0.055945	0.998109	0.025456	0.994022	0.058074	-0.092451
37378		-0.095295	0.025650	-0.995119	-0.059345	0.997744	0.031400	0.993679	0.062047	-0.093558
37379		-0.096808	0.031232	-0.994813	-0.061824	0.997389	0.037329	0.993381	0.065117	-0.094624
37380		-0.098600	0.036540	-0.994456	-0.063812	0.997037	0.042961	0.993079	0.067694	-0.095976
37381		-0.100385	0.041827	-0.994069	-0.065477	0.996672	0.048548	0.992792	0.069962	-0.097313
37382		-0.102159	0.047188	-0.993648	-0.067302	0.996258	0.054232	0.992489	0.072415	-0.098601
37383		-0.103767	0.052731	-0.993203	-0.069678	0.995755	0.060146	0.992158	0.075446	-0.099652
37384		-0.105420	0.058100	-0.992729	-0.072754	0.995166	0.065968	0.991763	0.079180	-0.100684
37385		-0.107036	0.063596	-0.992219	-0.076021	0.994507	0.071943	0.991345	0.083130	-0.101614
37386		-0.108671	0.069178	-0.991668	-0.079370	0.993787	0.078024	0.990904	0.087187	-0.102506
37387		-0.110042	0.075148	-0.991082	-0.083107	0.992950	0.084517	0.990446	0.091667	-0.103021
37388		-0.111626	0.081205	-0.990427	-0.086413	0.992087	0.091081	0.989986	0.095752	-0.103725
37389		-0.113283	0.087385	-0.989713	-0.088648	0.991263	0.097669	0.989600	0.098800	-0.104547
37390		-0.115090	0.093676	-0.988928	-0.090367	0.990428	0.104335	0.989236	0.101374	-0.105523
37391		-0.116790	0.100369	-0.988072	-0.091478	0.989564	0.111334	0.988935	0.103390	-0.106390
37392		-0.118681	0.107247	-0.987124	-0.092297	0.988654	0.118510	0.988633	0.105173	-0.107436
37393		-0.120452	0.114460	-0.986099	-0.092956	0.987666	0.125996	0.988358	0.106840	-0.108326
37394		-0.122269	0.121744	-0.985002	-0.093692	0.986600	0.133572	0.988065	0.108619	-0.109224
37395		-0.124023	0.129346	-0.983813	-0.094159	0.985460	0.141433	0.987802	0.110176	-0.110041
37396		-0.125796	0.137011	-0.982550	-0.094596	0.984248	0.149358	0.987536	0.111734	-0.110853
37397		-0.127771	0.144770	-0.981181	-0.095441	0.982904	0.157453	0.987201	0.113763	-0.111770
37398		-0.129626	0.152603	-0.979750	-0.096843	0.981414	0.165675	0.986822	0.116357	-0.112438
37399		-0.131083	0.160982	-0.978214	-0.098907	0.979681	0.174477	0.986425	0.119623	-0.112497
37400		-0.132329	0.169841	-0.976546	-0.099836	0.977917	0.183608	0.986165	0.121791	-0.112451
37401		-0.133690	0.179217	-0.974684	-0.099025	0.976174	0.193074	0.986063	0.122330	-0.112758
37402		-0.135499	0.188854	-0.972612	-0.099486	0.974111	0.203004	0.985770	0.124268	-0.113203
37403		-0.137060	0.198994	-0.970369	-0.098891	0.971971	0.213291	0.985614	0.125194	-0.113540
37404		-0.139264	0.209176	-0.967911	-0.096258	0.969947	0.223466	0.985566	0.124290	-0.114944
37405		-0.141890	0.219576	-0.965222	-0.092472	0.967883	0.233775	0.985554	0.122426	-0.117029
37406		-0.144455	0.230115	-0.962382	-0.089122	0.965605	0.244263	0.985490	0.121054	-0.118978
37407		-0.146826	0.241182	-0.959309	-0.085601	0.963083	0.255232	0.985451	0.119592	-0.120760
37408		-0.149440	0.252456	-0.955999	-0.082345	0.960320	0.266469	0.985336	0.118543	-0.122722
37409		-0.152216	0.264327	-0.952345	-0.078916	0.957246	0.278301	0.985192	0.117518	-0.124849
37410		-0.155667	0.276526	-0.948315	-0.075126	0.953923	0.290494	0.984949	0.116464	-0.127720
37411		-0.159274	0.289348	-0.943880	-0.069846	0.950386	0.303129	0.984760	0.114207	-0.131162
37412		-0.162876	0.302355	-0.939177	-0.064500	0.946589	0.315927	0.984536	0.112034	-0.134675
37413		-0.166558	0.315875	-0.934067	-0.059515	0.942352	0.329289	0.984234	0.110437	-0.138157
37414		-0.170328	0.329547	-0.928648	-0.054574	0.937818	0.342810	0.983875	0.109071	-0.141752
37415		-0.174205	0.343774	-0.922752	-0.048748	0.932921	0.356765	0.983502	0.107133	-0.145762
37416		-0.178271	0.358219	-0.916460	-0.043462	0.927604	0.371029	0.983021	0.105975	-0.149796
37417		-0.182528	0.373249	-0.909598	-0.038316	0.921737	0.385919	0.982454	0.105293	-0.153942
37418		-0.187246	0.388520	-0.902215	-0.034094	0.915336	0.401246	0.981721	0.105892	-0.158147
37419		-0.191994	0.404409	-0.894199	-0.030921	0.908205	0.417382	0.980909	0.107784	-0.161865
37420		-0.197504	0.420410	-0.885577	-0.029350	0.900431	0.434008	0.979863	0.111710	-0.165500
37421		-0.203539	0.436895	-0.876182	-0.029602	0.891760	0.451539	0.978619	0.117843	-0.168575
37422		-0.210778	0.453218	-0.866121	-0.032939	0.882231	0.469663	0.976979	0.127524	-0.171027
37423		-0.218291	0.469956	-0.855272	-0.040373	0.871308	0.489072	0.975048	0.141290	-0.171226
37424		-0.226475	0.486442	-0.843850	-0.051734	0.859131	0.509135	0.972642	0.158962	-0.169406
37425		-0.235271	0.503174	-0.831543	-0.063205	0.845827	0.529700	0.969873	0.177180	-0.167195
37426		-0.245968	0.519245	-0.818465	-0.072071	0.832272	0.549663	0.966595	0.194187	-0.167290
37427		-0.258428	0.535242	-0.804196	-0.075706	0.818693	0.569219	0.963059	0.207985	-0.171052
37428		-0.272081	0.550352	-0.789357	-0.077153	0.805186	0.587982	0.959176	0.220880	-0.176614
37429		-0.285007	0.564869	-0.774399	-0.077783	0.791612	0.606052	0.955364	0.232964	-0.181678
37430		-0.296243	0.578244	-0.760180	-0.077068	0.778839	0.622471	0.951998	0.242988	-0.186161
37431		-0.305471	0.590961	-0.746628	-0.072670	0.767351	0.637096	0.949424	0.248872	-0.191458
37432		-0.313248	0.602390	-0.734167	-0.066347	0.757305	0.649683	0.947351	0.252222	-0.197257
37433		-0.318680	0.613697	-0.722371	-0.062961	0.746716	0.662156	0.945769	0.256497	-0.199325
37434		-0.321739	0.624487	-0.711688	-0.062294	0.736065	0.674038	0.944777	0.261198	-0.197919
37435		-0.322171	0.635868	-0.701340	-0.063042	0.724785	0.686084	0.944580	0.265250	-0.193419
37436		-0.322074	0.645933	-0.692126	-0.068493	0.713268	0.697536	0.944234	0.272064	-0.185483
37437		-0.318537	0.655088	-0.685123	-0.074386	0.703268	0.707022	0.944987	0.276177	-0.175288
37438		-0.313747	0.661937	-0.680736	-0.087093	0.693852	0.714831	0.945504	0.283564	-0.160044
37439		-0.307957	0.666537	-0.678889	-0.099996	0.686940	0.719802	0.946131	0.289554	-0.144896
37440		-0.301851	0.667915	-0.680277	-0.112920	0.683490	0.721173	0.946644	0.294503	-0.130891
37441		-0.295280	0.666485	-0.684548	-0.125667	0.683178	0.719358	0.947110	0.298438	-0.117974
37442		-0.288959	0.661186	-0.692340	-0.136903	0.687219	0.713434	0.947502	0.300937	-0.108060
37443		-0.282269	0.652532	-0.703226	-0.144739	0.695676	0.703623	0.948354	0.300395	-0.101921
37444		-0.275846	0.639798	-0.717334	-0.149654	0.708601	0.689557	0.949480	0.297564	-0.099716
37445		-0.268458	0.624146	-0.733738	-0.150893	0.725049	0.671963	0.951400	0.291110	-0.100466
37446		-0.259983	0.605373	-0.752285	-0.150056	0.744281	0.650791	0.953883	0.282079	-0.102661
37447		-0.250142	0.584424	-0.771931	-0.149433	0.764420	0.627161	0.956608	0.272231	-0.103881
37448		-0.239669	0.560498	-0.792717	-0.150650	0.785154	0.600698	0.959095	0.263392	-0.103738
37449		-0.227680	0.534373	-0.814007	-0.153240	0.805882	0.571901	0.961603	0.254949	-0.101596
37450		-0.214699	0.505475	-0.835703	-0.157639	0.826503	0.540409	0.963875	0.247765	-0.097767
37451		-0.200013	0.475209	-0.856838	-0.164527	0.845802	0.507494	0.965881	0.242479	-0.090986
37452		-0.184684	0.442699	-0.877445	-0.173406	0.864118	0.472473	0.967379	0.239412	-0.082822
37453		-0.168098	0.408621	-0.897091	-0.181782	0.881584	0.435620	0.968865	0.236301	-0.073912
37454		-0.151133	0.372037	-0.915832	-0.189599	0.898362	0.396229	0.970160	0.233524	-0.065234
37455		-0.133798	0.333604	-0.933170	-0.195518	0.914243	0.354871	0.971530	0.229933	-0.057098
37456		-0.116905	0.292214	-0.949181	-0.199897	0.929251	0.310698	0.972818	0.226060	-0.050221
37457		-0.099642	0.248467	-0.963502	-0.202408	0.943013	0.264116	0.974219	0.221337	-0.043672
37458		-0.082628	0.202182	-0.975856	-0.203949	0.955050	0.215140	0.975488	0.216801	-0.037679
37459		-0.065420	0.154358	-0.985847	-0.202016	0.965456	0.164571	0.977195	0.209923	-0.031977
37461		-0.032937	0.055811	-0.997898	-0.193125	0.979267	0.061144	0.980621	0.194733	-0.021476
37462		-0.017754	0.007192	-0.999817	-0.183826	0.982904	0.010334	0.982798	0.183976	-0.016128
37463		-0.003180	-0.040697	-0.999166	-0.171602	0.984372	-0.039548	0.985161	0.171333	-0.010114
37464		0.010987	-0.087167	-0.996133	-0.155007	0.984003	-0.087816	0.987852	0.155373	-0.002701
37465		0.025532	-0.132408	-0.990866	-0.133950	0.981798	-0.134648	0.990659	0.136165	0.007331
37466		0.040804	-0.175351	-0.983660	-0.111113	0.977577	-0.178876	0.992970	0.116596	0.020405
37467		0.055758	-0.216008	-0.974798	-0.091023	0.971152	-0.220407	0.994287	0.101018	0.034487
37468		0.070884	-0.253615	-0.964704	-0.077072	0.962853	-0.258792	0.994503	0.092696	0.048704
37469		0.085794	-0.289630	-0.953286	-0.067584	0.952918	-0.295601	0.994018	0.089787	0.062181
37470		0.099387	-0.324415	-0.940679	-0.062011	0.941503	-0.331250	0.993115	0.091254	0.073455
37471		0.111305	-0.357605	-0.927216	-0.055000	0.929367	-0.365037	0.992263	0.091628	0.083775
37472		0.118032	-0.387134	-0.914437	-0.046618	0.917699	-0.394532	0.991915	0.089197	0.090270
37473		0.119689	-0.412650	-0.902992	-0.039218	0.906855	-0.419614	0.992037	0.085637	0.092357
37475		0.115912	-0.447899	-0.886539	-0.025300	0.890934	-0.453427	0.992937	0.074987	0.091938
37477		0.109672	-0.463768	-0.879143	-0.021403	0.883171	-0.468563	0.993737	0.070205	0.086933
37478		0.106644	-0.464989	-0.878870	-0.026156	0.882293	-0.469973	0.993953	0.073107	0.081929
37479		0.104014	-0.461770	-0.880880	-0.033469	0.883558	-0.467125	0.994013	0.078069	0.076447
37480		0.100545	-0.454026	-0.885297	-0.040389	0.887210	-0.459594	0.994112	0.081967	0.070867
37481		0.096666	-0.442436	-0.891575	-0.045378	0.892880	-0.448003	0.994282	0.083764	0.066234
37482		0.092763	-0.427168	-0.899401	-0.046406	0.900460	-0.432457	0.994606	0.081853	0.063707
37483		0.088976	-0.408899	-0.908231	-0.043832	0.909357	-0.413700	0.995069	0.076619	0.062988
37484		0.084728	-0.388074	-0.917725	-0.036690	0.919197	-0.392084	0.995728	0.066892	0.063644
37485		0.078523	-0.366299	-0.927178	-0.024680	0.929050	-0.369129	0.996607	0.051868	0.063912
37486		0.070544	-0.345031	-0.935936	-0.008583	0.938029	-0.346450	0.997472	0.032474	0.063211
37487		0.060988	-0.326140	-0.943352	0.004133	0.945186	-0.326507	0.998130	0.016014	0.058993
37488		0.049929	-0.311514	-0.948929	0.014603	0.950240	-0.311176	0.998646	0.001680	0.051994
37489		0.040262	-0.301455	-0.952630	0.014700	0.953479	-0.301102	0.999081	-0.001880	0.042820
37490		0.033365	-0.294065	-0.955203	0.006125	0.955777	-0.294028	0.999424	0.003960	0.033690
37491		0.028802	-0.286732	-0.957578	0.002673	0.957994	-0.286777	0.999582	0.005700	0.028358
37492		0.024826	-0.276642	-0.960652	0.007566	0.960973	-0.276539	0.999663	-0.000403	0.025950
37493		0.019685	-0.263744	-0.964392	0.018080	0.964515	-0.263408	0.999643	-0.012251	0.023755
37494		0.013242	-0.248789	-0.968467	0.031615	0.968172	-0.248281	0.999412	-0.027330	0.020686
37495		0.007113	-0.232840	-0.972489	0.043449	0.971667	-0.232325	0.999030	-0.040601	0.017028
37496		0.001023	-0.216278	-0.976331	0.052253	0.975010	-0.215930	0.998633	-0.050796	0.012299
37497		-0.005506	-0.199975	-0.979786	0.060282	0.977952	-0.199940	0.998166	-0.060164	0.006671
37498		-0.011719	-0.184386	-0.982784	0.066687	0.980519	-0.184756	0.997705	-0.067704	0.000806
37499		-0.016786	-0.170107	-0.985283	0.073313	0.982559	-0.170886	0.997168	-0.075102	-0.004022
37500		-0.021592	-0.156993	-0.987364	0.079920	0.984162	-0.158231	0.996567	-0.082327	-0.008703
37501		-0.027176	-0.145218	-0.989026	0.084735	0.985496	-0.147028	0.996033	-0.087800	-0.014477
37502		-0.032984	-0.134848	-0.990317	0.087503	0.986662	-0.137265	0.995618	-0.091183	-0.020745
37503		-0.038146	-0.125792	-0.991323	0.086534	0.987902	-0.128688	0.995518	-0.090693	-0.026799
37504		-0.042021	-0.117720	-0.992157	0.078708	0.989558	-0.120745	0.996012	-0.083165	-0.032316
37505		-0.044865	-0.110115	-0.992906	0.064144	0.991538	-0.112862	0.996932	-0.068753	-0.037422
37506		-0.046551	-0.102582	-0.993635	0.043500	0.993561	-0.104612	0.997968	-0.048093	-0.041789
37507		-0.046766	-0.095362	-0.994344	0.021113	0.995116	-0.096429	0.998683	-0.025503	-0.044524
37508		-0.047051	-0.088610	-0.994954	0.004264	0.996031	-0.088908	0.998883	-0.008425	-0.046486
37509		-0.048191	-0.082494	-0.995426	-0.005357	0.996591	-0.082331	0.998824	0.001365	-0.048468
37510		-0.050062	-0.076944	-0.995778	-0.008692	0.997024	-0.076603	0.998708	0.004820	-0.050582
37511		-0.052028	-0.071619	-0.996074	-0.006561	0.997428	-0.071373	0.998624	0.002821	-0.052364
37512		-0.053798	-0.066496	-0.996335	-0.002475	0.997786	-0.066459	0.998549	-0.001109	-0.053844
37513		-0.055636	-0.061606	-0.996549	0.001866	0.998086	-0.061806	0.998449	-0.005298	-0.055415
37514		-0.057792	-0.056984	-0.996701	0.004085	0.998348	-0.057315	0.998320	-0.007384	-0.057464
37515		-0.059829	-0.052489	-0.996828	0.003086	0.998602	-0.052768	0.998204	-0.006233	-0.059583
37516		-0.061617	-0.048101	-0.996940	-0.000883	0.998840	-0.048138	0.998099	-0.002086	-0.061588
37517		-0.063183	-0.043604	-0.997049	-0.007200	0.999039	-0.043235	0.997976	0.004447	-0.063436
37518		-0.064770	-0.039166	-0.997131	-0.014686	0.999159	-0.038292	0.997792	0.012164	-0.065291
37519		-0.066255	-0.034608	-0.997202	-0.022661	0.999193	-0.033171	0.997545	0.020399	-0.066986
37520		-0.067830	-0.030017	-0.997245	-0.030204	0.999151	-0.028020	0.997240	0.028220	-0.068679
37521		-0.069481	-0.025318	-0.997262	-0.036626	0.999069	-0.022812	0.996911	0.034941	-0.070344
37522		-0.071093	-0.020391	-0.997261	-0.042645	0.998939	-0.017386	0.996558	0.041292	-0.071887
37523		-0.072853	-0.015186	-0.997227	-0.047327	0.998810	-0.011753	0.996219	0.046339	-0.073485
37524		-0.074656	-0.009696	-0.997162	-0.050556	0.998704	-0.005926	0.995927	0.049970	-0.075050
37525		-0.076615	-0.003763	-0.997054	-0.053259	0.998581	0.000324	0.995637	0.053127	-0.076706
37526		-0.078666	0.002675	-0.996897	-0.055215	0.998450	0.007036	0.995371	0.055597	-0.078397
37527		-0.080732	0.009609	-0.996690	-0.056882	0.998279	0.014232	0.995111	0.057843	-0.080046
37528		-0.082558	0.017052	-0.996440	-0.058943	0.998020	0.021962	0.994842	0.060547	-0.081390
37529		-0.084203	0.024870	-0.996138	-0.060349	0.997726	0.030011	0.994619	0.062643	-0.082511
37530		-0.086081	0.032801	-0.995748	-0.060995	0.997410	0.038128	0.994419	0.064017	-0.083858
37531		-0.088046	0.040911	-0.995276	-0.061002	0.997059	0.046381	0.994247	0.064798	-0.085291
37532		-0.090147	0.049274	-0.994709	-0.060580	0.996655	0.054861	0.994084	0.065205	-0.086861
37533		-0.092230	0.058049	-0.994044	-0.059581	0.996189	0.063703	0.993954	0.065101	-0.088420
37534		-0.094060	0.067205	-0.993296	-0.058137	0.995646	0.072869	0.993868	0.064601	-0.089743
37535		-0.095954	0.076492	-0.992442	-0.056005	0.995049	0.082108	0.993809	0.063460	-0.091195
37536		-0.098014	0.085867	-0.991474	-0.053916	0.994349	0.091446	0.993723	0.062419	-0.092831
37537		-0.099959	0.095366	-0.990411	-0.052743	0.993489	0.100986	0.993593	0.062331	-0.094279
37538		-0.101564	0.105189	-0.989252	-0.052199	0.992461	0.110889	0.993459	0.062900	-0.095308
37539		-0.102736	0.115459	-0.987985	-0.052926	0.991199	0.121338	0.993300	0.064756	-0.095721
37540		-0.103934	0.126127	-0.986554	-0.054958	0.989683	0.132317	0.993065	0.067971	-0.095930
37541		-0.105092	0.137004	-0.984980	-0.057811	0.987948	0.143585	0.992781	0.072032	-0.095905
37542		-0.106155	0.148257	-0.983235	-0.059610	0.986095	0.155124	0.992561	0.075078	-0.095842
37543		-0.107288	0.159818	-0.981299	-0.059223	0.984216	0.166768	0.992463	0.076008	-0.096130
37544		-0.109110	0.171807	-0.979070	-0.056944	0.982252	0.178711	0.992397	0.075251	-0.097390
37545		-0.111043	0.184145	-0.976606	-0.053267	0.980168	0.190873	0.992387	0.073216	-0.099032
37546		-0.112603	0.196890	-0.973938	-0.049297	0.977858	0.203382	0.992416	0.070914	-0.100404
37547		-0.114012	0.209905	-0.971052	-0.045069	0.975326	0.216120	0.992457	0.068404	-0.101739
37548		-0.115494	0.223315	-0.967880	-0.040536	0.972529	0.229225	0.992481	0.065708	-0.103269
37549		-0.117086	0.237290	-0.964357	-0.036628	0.969343	0.242965	0.992446	0.063770	-0.104805
37550		-0.118831	0.251946	-0.960418	-0.031600	0.965822	0.257274	0.992412	0.060921	-0.106808
37551		-0.120886	0.267079	-0.956062	-0.025997	0.961944	0.272009	0.992326	0.057737	-0.109343
37552		-0.122848	0.282821	-0.951273	-0.019728	0.957648	0.287264	0.992229	0.054057	-0.112066
37554		-0.127146	0.315877	-0.940242	-0.008106	0.947573	0.319436	0.991851	0.048237	-0.117919
37555		-0.129824	0.333097	-0.933912	-0.001722	0.941806	0.336152	0.991536	0.045249	-0.121695
37556		-0.132690	0.350553	-0.927096	0.004253	0.935559	0.353144	0.991148	0.042916	-0.125630
37557		-0.135694	0.368429	-0.919700	0.010366	0.928763	0.370530	0.990697	0.040746	-0.129847
37558		-0.139308	0.386447	-0.911730	0.016615	0.921491	0.388045	0.990110	0.038910	-0.134792
37559		-0.142817	0.404993	-0.903097	0.021270	0.913495	0.406293	0.989521	0.038816	-0.139077
37561		-0.150804	0.442918	-0.883788	0.026520	0.895503	0.444264	0.988208	0.043559	-0.146792
37562		-0.155324	0.462269	-0.873030	0.025758	0.885350	0.464210	0.987528	0.049615	-0.149423
37563		-0.160163	0.481421	-0.861732	0.021104	0.874472	0.484616	0.986865	0.059432	-0.150218
37564		-0.165156	0.500640	-0.849755	0.012679	0.862593	0.505739	0.986186	0.072752	-0.148810
37565		-0.170518	0.519615	-0.837212	0.001180	0.849763	0.527164	0.985354	0.088903	-0.145513
37566		-0.177124	0.538398	-0.823866	-0.009208	0.836158	0.548411	0.984146	0.104723	-0.143146
37567		-0.186500	0.556392	-0.809720	-0.014223	0.822565	0.568494	0.982352	0.117540	-0.145495
37568		-0.198218	0.574122	-0.794414	-0.014130	0.808738	0.588000	0.980056	0.127777	-0.152194
37569		-0.211202	0.590711	-0.778752	-0.012141	0.795077	0.606387	0.977367	0.137525	-0.160750
37571		-0.235053	0.620736	-0.747956	-0.001004	0.769360	0.638815	0.971982	0.150906	-0.180217
37572		-0.244270	0.633258	-0.734382	0.006553	0.758384	0.651775	0.969685	0.154397	-0.189400
37573		-0.250243	0.644804	-0.722223	0.011829	0.747938	0.663664	0.968111	0.157534	-0.194793
37574		-0.254111	0.655033	-0.711590	0.012433	0.737892	0.674805	0.967095	0.162628	-0.195650
37575		-0.254235	0.665318	-0.701938	0.011524	0.727818	0.685674	0.967074	0.166233	-0.192704
37576		-0.252274	0.675357	-0.693001	0.007068	0.717432	0.696592	0.967630	0.170834	-0.185763
37577		-0.249609	0.684506	-0.684943	-0.000609	0.707221	0.706992	0.968347	0.176889	-0.176112
37578		-0.245273	0.691570	-0.679391	-0.010915	0.698783	0.715250	0.969393	0.182847	-0.163844
37579		-0.239058	0.696796	-0.676259	-0.026571	0.691498	0.721890	0.970642	0.190543	-0.146793
37580		-0.233123	0.698997	-0.676060	-0.043308	0.687062	0.725307	0.971482	0.198365	-0.129898
37581		-0.226982	0.698495	-0.678663	-0.060768	0.685336	0.725687	0.972001	0.205959	-0.113113
37582		-0.220624	0.694652	-0.684678	-0.078911	0.686962	0.722397	0.972162	0.213407	-0.096744
37583		-0.213495	0.687836	-0.693759	-0.096146	0.691891	0.715572	0.972201	0.219473	-0.081583
37584		-0.206539	0.677429	-0.705997	-0.109643	0.700986	0.704697	0.972276	0.222955	-0.070506
37586		-0.194059	0.646017	-0.738243	-0.118665	0.731564	0.671366	0.973786	0.217888	-0.065307
37587		-0.188755	0.624658	-0.757742	-0.114951	0.752254	0.648768	0.975273	0.209562	-0.070186
37588		-0.182085	0.600725	-0.778444	-0.109352	0.774396	0.623180	0.977183	0.198596	-0.075315
37589		-0.174320	0.573875	-0.800175	-0.105548	0.797046	0.594624	0.979016	0.188112	-0.078370
37590		-0.164586	0.544852	-0.822221	-0.103721	0.819407	0.563750	0.980894	0.178067	-0.078350
37591		-0.153794	0.513451	-0.844224	-0.104226	0.841193	0.530595	0.982591	0.169593	-0.075856
37592		-0.142194	0.480418	-0.865436	-0.106923	0.861749	0.495939	0.984047	0.163055	-0.071167
37593		-0.130630	0.445071	-0.885916	-0.109280	0.881664	0.459049	0.985390	0.156778	-0.066534
37594		-0.117928	0.407748	-0.905447	-0.110084	0.900821	0.420002	0.986901	0.149206	-0.061345
37595		-0.105047	0.368070	-0.923845	-0.108494	0.919198	0.378555	0.988531	0.139997	-0.056626
37597		-0.081692	0.283377	-0.955523	-0.097423	0.951865	0.290622	0.991885	0.116832	-0.050153
37598		-0.071232	0.238044	-0.968639	-0.088646	0.965752	0.243854	0.993513	0.103236	-0.047690
37599		-0.060155	0.191466	-0.979654	-0.078033	0.977526	0.195842	0.995134	0.088226	-0.043863
37600		-0.048792	0.143673	-0.988422	-0.067074	0.986895	0.146762	0.996554	0.073458	-0.038516
37601		-0.037596	0.095970	-0.994674	-0.055909	0.993617	0.097981	0.997728	0.059295	-0.031991
37602		-0.027337	0.048726	-0.998438	-0.046244	0.997680	0.049955	0.998556	0.047537	-0.025020
37603		-0.017813	0.002980	-0.999837	-0.036549	0.999325	0.003629	0.999173	0.036607	-0.017692
37604		-0.009256	-0.041568	-0.999093	-0.026020	0.998807	-0.041315	0.999619	0.025614	-0.010326
37605		-0.001517	-0.084209	-0.996447	-0.014791	0.996341	-0.084178	0.999889	0.014611	-0.002757
37606		0.005174	-0.125433	-0.992089	-0.003737	0.992092	-0.125453	0.999980	0.004357	0.004664
37607		0.010172	-0.165150	-0.986216	0.005784	0.986260	-0.165098	0.999932	-0.004025	0.010988
37608		0.015364	-0.204155	-0.978818	0.012180	0.978899	-0.203981	0.999808	-0.008788	0.017527
37609		0.022757	-0.241802	-0.970059	0.016811	0.970265	-0.241459	0.999600	-0.010813	0.026145
37610		0.030548	-0.277447	-0.960255	0.017125	0.960708	-0.277033	0.999387	-0.007982	0.034099
37611		0.039056	-0.310799	-0.949673	0.013626	0.950475	-0.310501	0.999144	-0.000813	0.041357
37612		0.046180	-0.342740	-0.938295	0.007834	0.939392	-0.342755	0.998902	0.008478	0.046066
37613		0.052340	-0.372255	-0.926654	0.003589	0.927990	-0.372589	0.998623	0.016176	0.049907
37614		0.055262	-0.398590	-0.915463	0.001811	0.916902	-0.399107	0.998470	0.020398	0.051392
37615		0.054694	-0.421538	-0.905160	0.000879	0.906537	-0.422126	0.998503	0.022293	0.049953
37616		0.052101	-0.441355	-0.895819	0.000035	0.897038	-0.441954	0.998642	0.022995	0.046753
37617		0.049112	-0.457677	-0.887761	-0.000331	0.888826	-0.458244	0.998793	0.022799	0.043500
37618		0.047821	-0.470527	-0.881089	-0.002231	0.882046	-0.471159	0.998853	0.024497	0.041130
37619		0.047083	-0.479897	-0.876061	-0.006499	0.876867	-0.480688	0.998870	0.028326	0.038167
37620		0.046322	-0.486160	-0.872641	-0.014731	0.873151	-0.487226	0.998818	0.035424	0.033285
37621		0.045468	-0.489172	-0.871002	-0.026488	0.871006	-0.490557	0.998615	0.045376	0.026645
37622		0.044684	-0.488911	-0.871189	-0.040927	0.870432	-0.490585	0.998162	0.057576	0.018885
37623		0.043629	-0.485143	-0.873346	-0.056022	0.871615	-0.486980	0.997476	0.070173	0.010849
37625		0.040372	-0.468310	-0.882641	-0.078344	0.879158	-0.470046	0.996109	0.088126	-0.001196
37626		0.037845	-0.456019	-0.889165	-0.084726	0.885134	-0.457558	0.995685	0.092651	-0.005139
37627		0.034412	-0.441604	-0.896550	-0.088455	0.892215	-0.442864	0.995486	0.094544	-0.008359
37628		0.029174	-0.425329	-0.904568	-0.088109	0.900337	-0.426181	0.995683	0.092134	-0.011209
37629		0.022802	-0.407374	-0.912977	-0.084011	0.909203	-0.407789	0.996204	0.085999	-0.013492
37630		0.015435	-0.387985	-0.921537	-0.078448	0.918335	-0.387951	0.996799	0.078281	-0.016262
37631		0.007060	-0.368447	-0.929622	-0.069954	0.927185	-0.368013	0.997525	0.067628	-0.019229
37632		-0.002307	-0.350709	-0.936482	-0.057007	0.935007	-0.350016	0.998371	0.052579	-0.022150
37633		-0.011472	-0.336838	-0.941493	-0.047015	0.940695	-0.335979	0.998828	0.040410	-0.026628
37634		-0.018533	-0.327937	-0.944518	-0.036410	0.944275	-0.327138	0.999165	0.028327	-0.029440
37635		-0.023144	-0.322773	-0.946193	-0.027107	0.946302	-0.322147	0.999365	0.018193	-0.030650
37636		-0.026519	-0.318798	-0.947452	-0.017217	0.947790	-0.318430	0.999500	0.007868	-0.030623
37637		-0.030578	-0.313485	-0.949101	-0.001432	0.949557	-0.313590	0.999531	-0.008230	-0.029485
37638		-0.035322	-0.304004	-0.952016	0.016626	0.952300	-0.304711	0.999238	-0.026591	-0.028582
37639		-0.039680	-0.291072	-0.955878	0.038602	0.955471	-0.292551	0.998467	-0.048507	-0.026677
37640		-0.042908	-0.276676	-0.960005	0.060432	0.958412	-0.278918	0.997250	-0.069983	-0.024404
37641		-0.046331	-0.261294	-0.964147	0.077825	0.961305	-0.264264	0.995890	-0.087278	-0.024203
37642		-0.052041	-0.244530	-0.968244	0.089886	0.964476	-0.248409	0.994592	-0.099959	-0.028212
37643		-0.059268	-0.227173	-0.972049	0.097924	0.967741	-0.232137	0.993427	-0.108945	-0.035111
37644		-0.065442	-0.210371	-0.975429	0.100912	0.971118	-0.216212	0.992741	-0.112582	-0.042323
37645		-0.070326	-0.194703	-0.978338	0.101902	0.974233	-0.201211	0.992306	-0.113844	-0.048673
37646		-0.074918	-0.180466	-0.980724	0.103593	0.976758	-0.187650	0.991794	-0.115654	-0.054482
37647		-0.079453	-0.167691	-0.982633	0.105884	0.978753	-0.175591	0.991199	-0.117996	-0.060009
37648		-0.083932	-0.156283	-0.984140	0.105132	0.980724	-0.164707	0.990910	-0.117288	-0.065884
37649		-0.088326	-0.145417	-0.985420	0.102993	0.982651	-0.154240	0.990753	-0.115114	-0.071816
37650		-0.092324	-0.134294	-0.986631	0.097656	0.984865	-0.143192	0.990929	-0.109570	-0.077813
37651		-0.095197	-0.122320	-0.987915	0.086642	0.987637	-0.130634	0.991681	-0.098031	-0.083422
37652		-0.097321	-0.109997	-0.989156	0.071674	0.990519	-0.117200	0.992669	-0.082302	-0.088514
37653		-0.099595	-0.098201	-0.990170	0.057366	0.992896	-0.104242	0.993373	-0.067184	-0.093254
37654		-0.102490	-0.087292	-0.990897	0.047151	0.994596	-0.092495	0.993616	-0.056202	-0.097820
37655		-0.105280	-0.077096	-0.991450	0.039967	0.995857	-0.081683	0.993639	-0.048225	-0.101762
37656		-0.108806	-0.067631	-0.991760	0.036080	0.996757	-0.071930	0.993408	-0.043609	-0.106013
37658		-0.116015	-0.050160	-0.991980	0.037299	0.997800	-0.054816	0.992547	-0.043359	-0.113889
37659		-0.119474	-0.042362	-0.991933	0.039607	0.998091	-0.047395	0.992047	-0.044950	-0.117568
37660		-0.122520	-0.035161	-0.991843	0.040061	0.998383	-0.040341	0.991657	-0.044677	-0.120913
37661		-0.125005	-0.028782	-0.991739	0.038997	0.998664	-0.033898	0.991389	-0.042913	-0.123715
37662		-0.127308	-0.022590	-0.991606	0.037886	0.998900	-0.027620	0.991139	-0.041084	-0.126312
37663		-0.130112	-0.016988	-0.991354	0.037274	0.999063	-0.022013	0.990798	-0.039816	-0.129357
37664		-0.133212	-0.011883	-0.991016	0.037574	0.999149	-0.017031	0.990375	-0.039505	-0.132652
37665		-0.135897	-0.007129	-0.990697	0.037302	0.999228	-0.012307	0.990020	-0.038627	-0.135527
37666		-0.138635	-0.002466	-0.990340	0.038183	0.999240	-0.007834	0.989607	-0.038900	-0.138436
37667		-0.141211	0.001849	-0.989978	0.039046	0.999231	-0.003703	0.989209	-0.039177	-0.141174
37668		-0.143724	0.006003	-0.989600	0.040113	0.999195	0.000235	0.988804	-0.039662	-0.143849
37669		-0.146067	0.009825	-0.989226	0.041829	0.999118	0.003747	0.988390	-0.040831	-0.146349
37670		-0.147868	0.013421	-0.988916	0.042830	0.999057	0.007155	0.988079	-0.041297	-0.148303
37671		-0.149892	0.016815	-0.988559	0.043884	0.998983	0.010338	0.987728	-0.041832	-0.150477
37672		-0.152340	0.020089	-0.988124	0.045787	0.998863	0.013248	0.987267	-0.043225	-0.153086
37673		-0.154863	0.023255	-0.987662	0.046646	0.998780	0.016203	0.986834	-0.043562	-0.155759
37674		-0.157922	0.026512	-0.987096	0.048732	0.998631	0.019026	0.986248	-0.045099	-0.158998
37675		-0.161096	0.029726	-0.986491	0.051168	0.998454	0.021731	0.985611	-0.046976	-0.162368
37676		-0.164186	0.033194	-0.985871	0.054920	0.998191	0.024463	0.984899	-0.050127	-0.165712
37677		-0.167142	0.036705	-0.985249	0.059730	0.997848	0.027042	0.984122	-0.054329	-0.168974
37678		-0.170381	0.040543	-0.984544	0.065571	0.997405	0.029725	0.983194	-0.059493	-0.172598
37679		-0.173684	0.044537	-0.983794	0.072288	0.996858	0.032367	0.982145	-0.065495	-0.176358
37680		-0.176854	0.048824	-0.983025	0.079011	0.996250	0.035266	0.981061	-0.071433	-0.180048
37681		-0.179909	0.053075	-0.982250	0.084958	0.995651	0.038238	0.980008	-0.076571	-0.183636
37682		-0.182761	0.057683	-0.981464	0.088826	0.995164	0.041947	0.979137	-0.079513	-0.187000
37683		-0.185810	0.062422	-0.980601	0.091476	0.994745	0.045989	0.978318	-0.081157	-0.190544
37684		-0.188461	0.067103	-0.979785	0.092753	0.994420	0.050265	0.977691	-0.081405	-0.193633
37685		-0.190908	0.071565	-0.978996	0.093310	0.994146	0.054477	0.977163	-0.080951	-0.196468
37686		-0.192773	0.076004	-0.978295	0.093747	0.993862	0.058740	0.976755	-0.080389	-0.198715
37687		-0.194961	0.080267	-0.977521	0.094397	0.993555	0.062757	0.976258	-0.080040	-0.201281
37688		-0.196828	0.084673	-0.976775	0.094382	0.993273	0.067085	0.975885	-0.078985	-0.203495
37689		-0.198752	0.089016	-0.975999	0.093675	0.993033	0.071494	0.975563	-0.077217	-0.205706
37690		-0.200687	0.093434	-0.975190	0.093023	0.992761	0.075974	0.975229	-0.075468	-0.207925
37691		-0.202483	0.097825	-0.974388	0.091468	0.992538	0.080639	0.975005	-0.072797	-0.209920
37692		-0.204148	0.102282	-0.973582	0.090647	0.992229	0.085233	0.974734	-0.070853	-0.211833
37693		-0.205764	0.106627	-0.972775	0.089478	0.991932	0.089800	0.974502	-0.068564	-0.213645
37694		-0.207392	0.111193	-0.971918	0.088844	0.991554	0.094482	0.974215	-0.066754	-0.215519
37695		-0.209023	0.115939	-0.971014	0.087195	0.991202	0.099580	0.974016	-0.063853	-0.217293
37696		-0.210515	0.121131	-0.970057	0.084523	0.990833	0.105383	0.973930	-0.059808	-0.218823
37697		-0.211951	0.126621	-0.969043	0.080653	0.990455	0.111778	0.973947	-0.054464	-0.220140
37698		-0.213345	0.132491	-0.967951	0.075706	0.990025	0.118826	0.974039	-0.047929	-0.221248
37699		-0.214834	0.138482	-0.966783	0.069827	0.989541	0.126225	0.974151	-0.040390	-0.222257
37700		-0.216570	0.144835	-0.965464	0.064268	0.988904	0.133935	0.974149	-0.033042	-0.223476
37701		-0.218565	0.151356	-0.964013	0.057894	0.988169	0.142023	0.974103	-0.024770	-0.224742
37702		-0.220694	0.158189	-0.962429	0.050619	0.987288	0.150668	0.974029	-0.015465	-0.225896
37703		-0.223087	0.165173	-0.960703	0.042290	0.986252	0.159745	0.973881	-0.004991	-0.227005
37704		-0.225676	0.172619	-0.958787	0.032790	0.984965	0.169614	0.973650	0.006839	-0.227943
37705		-0.228604	0.180262	-0.956685	0.022156	0.983416	0.180004	0.973267	0.019953	-0.228807
37706		-0.232025	0.187997	-0.954370	0.011136	0.981595	0.190652	0.972646	0.033609	-0.229848
37707		-0.235669	0.195669	-0.951932	-0.000544	0.979495	0.201469	0.971833	0.047998	-0.230730
37708		-0.239628	0.203309	-0.949339	-0.012846	0.977078	0.212493	0.970780	0.063115	-0.231523
37709		-0.243854	0.210785	-0.946628	-0.025879	0.974333	0.223620	0.969467	0.079028	-0.232140
37710		-0.247950	0.218611	-0.943785	-0.039239	0.971141	0.235256	0.967978	0.095365	-0.232216
37711		-0.252198	0.226658	-0.940756	-0.051944	0.967609	0.247053	0.966281	0.111172	-0.232255
37712		-0.256700	0.235029	-0.937479	-0.063336	0.963806	0.258972	0.964414	0.125854	-0.232524
37713		-0.261991	0.243443	-0.933861	-0.073553	0.959809	0.270843	0.962263	0.139647	-0.233556
37714		-0.268009	0.251848	-0.929916	-0.082338	0.955708	0.282564	0.959891	0.152297	-0.235402
37715		-0.274830	0.259962	-0.925683	-0.091094	0.951385	0.294226	0.957168	0.165186	-0.237788
37716		-0.282074	0.268047	-0.921187	-0.101073	0.946531	0.306371	0.954054	0.179526	-0.239900
37717		-0.289987	0.275870	-0.916408	-0.112903	0.941005	0.319002	0.950347	0.195972	-0.241733
37718		-0.298116	0.283254	-0.911534	-0.127261	0.934636	0.332053	0.946008	0.214993	-0.242583
37719		-0.306818	0.289690	-0.906611	-0.144049	0.927447	0.345097	0.940804	0.236478	-0.242828
37720		-0.315943	0.295349	-0.901637	-0.163711	0.919089	0.358432	0.934547	0.260852	-0.242028
37721		-0.325978	0.299896	-0.896549	-0.186331	0.909366	0.371932	0.926833	0.288297	-0.240553
37722		-0.336698	0.303265	-0.891440	-0.210762	0.898424	0.385246	0.917722	0.317593	-0.238581
37723		-0.348660	0.305164	-0.886178	-0.237305	0.885957	0.398454	0.906709	0.349220	-0.236481
37724		-0.361244	0.305942	-0.880853	-0.266675	0.871293	0.411987	0.893525	0.383730	-0.233162
37725		-0.374728	0.305310	-0.875422	-0.299401	0.853784	0.425924	0.877461	0.421708	-0.228527
37726		-0.388733	0.303408	-0.869960	-0.335194	0.832947	0.440278	0.858214	0.462756	-0.222094
37727		-0.403179	0.300006	-0.864548	-0.373823	0.808325	0.454827	0.835287	0.506564	-0.213750
37728		-0.417830	0.295280	-0.859202	-0.414113	0.779858	0.469395	0.808658	0.551934	-0.203569
37729		-0.432466	0.288949	-0.854097	-0.455351	0.747596	0.483483	0.778222	0.598003	-0.191737
