// Start Time: Unknown
// Update Rate: 100.0Hz
// Filter Profile: human (46.1)
// Option Flags: AHS Disabled ICC Disabled 
// Firmware Version: 4.0.2
PacketCounter	SampleTimeFine	Mat[1][1]	Mat[2][1]	Mat[3][1]	Mat[1][2]	Mat[2][2]	Mat[3][2]	Mat[1][3]	Mat[2][3]	Mat[3][3]
52533		0.194345	-0.009838	-0.980884	-0.635027	-0.763399	-0.118163	-0.747643	0.645853	-0.154610
52534		0.194099	-0.009841	-0.980933	-0.635565	-0.762960	-0.118106	-0.747250	0.646371	-0.154344
52535		0.193911	-0.009860	-0.980970	-0.636215	-0.762419	-0.118099	-0.746746	0.647008	-0.154114
52536		0.193710	-0.009941	-0.981008	-0.636982	-0.761785	-0.118059	-0.746143	0.647754	-0.153898
52537		0.193503	-0.010056	-0.981048	-0.637829	-0.761084	-0.118005	-0.745473	0.648576	-0.153686
52538		0.193155	-0.010180	-0.981115	-0.638301	-0.760725	-0.117771	-0.745160	0.648995	-0.153436
52539		0.192841	-0.010395	-0.981175	-0.638620	-0.760505	-0.117458	-0.744967	0.649249	-0.153295
52540		0.192403	-0.010621	-0.981259	-0.638901	-0.760333	-0.117045	-0.744840	0.649447	-0.153076
52541		0.191857	-0.010913	-0.981362	-0.639352	-0.760031	-0.116542	-0.744594	0.649795	-0.152794
52542		0.191187	-0.011246	-0.981489	-0.639994	-0.759579	-0.115963	-0.744215	0.650318	-0.152418
52543		0.190584	-0.011813	-0.981600	-0.641103	-0.758738	-0.115343	-0.743415	0.651289	-0.152177
52544		0.189865	-0.012476	-0.981731	-0.642314	-0.757827	-0.114592	-0.742553	0.652336	-0.151899
52545		0.189017	-0.013258	-0.981884	-0.643736	-0.756754	-0.113704	-0.741537	0.653566	-0.151574
52546		0.188188	-0.014187	-0.982031	-0.645349	-0.755521	-0.112755	-0.740345	0.654971	-0.151335
52548		0.186327	-0.016487	-0.982349	-0.649540	-0.752243	-0.110576	-0.737143	0.658679	-0.150872
52549		0.185109	-0.017709	-0.982558	-0.652040	-0.750262	-0.109319	-0.735240	0.660904	-0.150427
52550		0.183821	-0.019062	-0.982775	-0.654723	-0.748121	-0.107951	-0.733176	0.663289	-0.150000
52551		0.182312	-0.020523	-0.983027	-0.657070	-0.746300	-0.106279	-0.731452	0.665293	-0.149544
52552		0.180614	-0.022112	-0.983305	-0.659266	-0.744634	-0.104350	-0.729895	0.667107	-0.149069
52553		0.178657	-0.023696	-0.983626	-0.661541	-0.742904	-0.102260	-0.728317	0.668978	-0.148401
52554		0.176518	-0.025414	-0.983969	-0.664157	-0.740873	-0.100011	-0.726455	0.671164	-0.147657
52556		0.171847	-0.029223	-0.984690	-0.670165	-0.736093	-0.095111	-0.722044	0.676249	-0.146080
52557		0.169450	-0.031788	-0.985026	-0.673965	-0.732976	-0.092285	-0.719067	0.679511	-0.145626
52558		0.166869	-0.034402	-0.985379	-0.677680	-0.729917	-0.089279	-0.716173	0.682670	-0.145114
52559		0.164057	-0.037336	-0.985744	-0.681681	-0.726586	-0.085931	-0.713019	0.686061	-0.144653
52560		0.160708	-0.040239	-0.986181	-0.685274	-0.723637	-0.082146	-0.710332	0.689006	-0.143869
52561		0.156791	-0.043263	-0.986684	-0.688756	-0.720802	-0.077844	-0.707836	0.691790	-0.142813
52562		0.152160	-0.046214	-0.987275	-0.691575	-0.718611	-0.072948	-0.706096	0.693875	-0.141304
52563		0.146676	-0.049221	-0.987959	-0.693972	-0.716848	-0.067316	-0.704903	0.695490	-0.139303
52564		0.140430	-0.052182	-0.988715	-0.695788	-0.715647	-0.061055	-0.704385	0.696510	-0.136806
52565		0.133347	-0.055351	-0.989522	-0.697310	-0.714734	-0.053989	-0.704257	0.697203	-0.133905
52566		0.125464	-0.058656	-0.990363	-0.698194	-0.714420	-0.046137	-0.704829	0.697254	-0.130588
52567		0.117004	-0.062270	-0.991177	-0.698888	-0.714240	-0.037629	-0.705595	0.697125	-0.127089
52568		0.107660	-0.065798	-0.992008	-0.698914	-0.714640	-0.028451	-0.707056	0.696391	-0.122926
52569		0.097331	-0.069809	-0.992801	-0.699224	-0.714669	-0.018297	-0.708247	0.695971	-0.118371
52570		0.086581	-0.074309	-0.993470	-0.699957	-0.714145	-0.007585	-0.708918	0.696043	-0.113844
52571		0.075455	-0.079215	-0.993998	-0.701411	-0.712749	0.003557	-0.708752	0.696932	-0.109343
52572		0.064101	-0.083789	-0.994420	-0.703560	-0.710488	0.014513	-0.707739	0.698704	-0.104494
52573		0.052485	-0.088023	-0.994735	-0.706112	-0.707646	0.025362	-0.706152	0.701063	-0.099295
52574		0.041541	-0.091787	-0.994912	-0.709326	-0.703995	0.035332	-0.703656	0.704249	-0.094352
52575		0.031302	-0.095294	-0.994957	-0.713625	-0.699113	0.044508	-0.699828	0.708633	-0.089888
52576		0.022156	-0.098240	-0.994916	-0.718891	-0.693143	0.052433	-0.694770	0.714074	-0.085981
52577		0.013728	-0.100569	-0.994835	-0.724746	-0.686451	0.059393	-0.688879	0.720188	-0.082310
52578		0.006085	-0.102030	-0.994763	-0.730257	-0.680046	0.065283	-0.683145	0.726036	-0.078646
52579		-0.000945	-0.102866	-0.994695	-0.735069	-0.674324	0.070434	-0.677992	0.731236	-0.074977
52580		-0.006722	-0.103177	-0.994640	-0.739261	-0.669293	0.074424	-0.673385	0.735799	-0.071776
52581		-0.011379	-0.103390	-0.994576	-0.742837	-0.664957	0.077624	-0.669375	0.739691	-0.069235
52582		-0.014798	-0.103237	-0.994547	-0.745435	-0.661786	0.079787	-0.666414	0.742550	-0.067164
52583		-0.017666	-0.102699	-0.994556	-0.746684	-0.660176	0.081433	-0.664945	0.744057	-0.065021
52584		-0.019868	-0.101509	-0.994636	-0.746697	-0.660056	0.082278	-0.664868	0.744327	-0.062682
52585		-0.022157	-0.099508	-0.994790	-0.745269	-0.661605	0.082779	-0.666395	0.743221	-0.059502
52586		-0.024331	-0.096575	-0.995028	-0.742507	-0.664716	0.082672	-0.669396	0.740827	-0.055535
52587		-0.026652	-0.092968	-0.995312	-0.738505	-0.669209	0.082283	-0.673721	0.737236	-0.050821
52588		-0.028634	-0.088668	-0.995650	-0.734031	-0.674250	0.081155	-0.678512	0.733161	-0.045778
52589		-0.030668	-0.083848	-0.996007	-0.728706	-0.680173	0.079698	-0.684139	0.728240	-0.040241
52590		-0.032117	-0.078682	-0.996382	-0.722877	-0.686614	0.077521	-0.690230	0.722752	-0.034825
52591		-0.033366	-0.073349	-0.996748	-0.716095	-0.693958	0.075039	-0.697205	0.716270	-0.029370
52592		-0.034009	-0.067926	-0.997111	-0.708988	-0.701538	0.071973	-0.704400	0.709387	-0.024300
52593		-0.034574	-0.062402	-0.997452	-0.700760	-0.710080	0.068714	-0.712559	0.701350	-0.019178
52594		-0.034243	-0.057037	-0.997785	-0.692492	-0.718506	0.064838	-0.720612	0.693178	-0.014894
52595		-0.033569	-0.051892	-0.998088	-0.683367	-0.727538	0.060810	-0.729303	0.684102	-0.011039
52596		-0.032472	-0.046669	-0.998382	-0.674091	-0.736495	0.056352	-0.737934	0.674831	-0.007544
52597		-0.031733	-0.041271	-0.998644	-0.663571	-0.746309	0.051928	-0.747440	0.664319	-0.003704
52598		-0.030571	-0.036026	-0.998883	-0.653773	-0.755214	0.047247	-0.756073	0.654487	-0.000465
52599		-0.028981	-0.031337	-0.999089	-0.644852	-0.763117	0.042641	-0.763758	0.645500	0.001908
52600		-0.025801	-0.027772	-0.999281	-0.638671	-0.768548	0.037849	-0.769047	0.639189	0.002092
52601		-0.021665	-0.025272	-0.999446	-0.634418	-0.772274	0.033280	-0.772687	0.634787	0.000698
52602		-0.016966	-0.023326	-0.999584	-0.631994	-0.774438	0.028799	-0.774787	0.632220	-0.001603
52603		-0.012674	-0.021585	-0.999687	-0.629974	-0.776222	0.024747	-0.776512	0.630091	-0.003760
52604		-0.008092	-0.020276	-0.999762	-0.628605	-0.777445	0.020855	-0.777683	0.628624	-0.006455
52606		0.001373	-0.019719	-0.999805	-0.625272	-0.780271	0.014530	-0.780406	0.625130	-0.013401
52607		0.005509	-0.019962	-0.999786	-0.624523	-0.780912	0.012151	-0.780987	0.624322	-0.016768
52608		0.009535	-0.020658	-0.999741	-0.624566	-0.780905	0.010180	-0.780913	0.624308	-0.020348
52609		0.013738	-0.021950	-0.999665	-0.625554	-0.780135	0.008533	-0.780060	0.625227	-0.024448
52610		0.018234	-0.023568	-0.999556	-0.628145	-0.778066	0.006887	-0.777883	0.627740	-0.028992
52611		0.024438	-0.026206	-0.999358	-0.633160	-0.774006	0.004814	-0.773635	0.632635	-0.035508
52612		0.031963	-0.029555	-0.999052	-0.639813	-0.768527	0.002266	-0.767866	0.639134	-0.043474
52613		0.039378	-0.032662	-0.998690	-0.647654	-0.761934	-0.000618	-0.760916	0.646831	-0.051157
52614		0.046389	-0.035288	-0.998300	-0.655683	-0.755027	-0.003780	-0.753610	0.654743	-0.058163
52615		0.053065	-0.037942	-0.997870	-0.662845	-0.748726	-0.006780	-0.746874	0.661793	-0.064880
52616		0.058549	-0.039972	-0.997484	-0.667295	-0.744735	-0.009325	-0.742489	0.666162	-0.070277
52617		0.062998	-0.041081	-0.997168	-0.667416	-0.744596	-0.011489	-0.742015	0.666250	-0.074327
52618		0.067057	-0.041327	-0.996893	-0.664674	-0.747007	-0.013743	-0.744118	0.663531	-0.077561
52619		0.071147	-0.040628	-0.996638	-0.660137	-0.750964	-0.016512	-0.747768	0.659092	-0.080249
52620		0.075765	-0.039048	-0.996361	-0.655226	-0.755162	-0.020229	-0.751624	0.654374	-0.082800
52621		0.081352	-0.037243	-0.995989	-0.650910	-0.758750	-0.024794	-0.754783	0.650317	-0.085967
52622		0.087592	-0.035502	-0.995524	-0.647112	-0.761813	-0.029769	-0.757346	0.646823	-0.089703
52623		0.094218	-0.033836	-0.994976	-0.642805	-0.765237	-0.034846	-0.760214	0.642859	-0.093849
52624		0.100770	-0.031951	-0.994397	-0.637486	-0.769429	-0.039879	-0.763844	0.637932	-0.097904
52625		0.106794	-0.029791	-0.993835	-0.631313	-0.774243	-0.044630	-0.768140	0.632187	-0.101492
52626		0.111883	-0.027341	-0.993345	-0.624290	-0.779663	-0.048856	-0.773139	0.625602	-0.104300
52627		0.116322	-0.024899	-0.992899	-0.617102	-0.785123	-0.052607	-0.778238	0.618839	-0.106692
52628		0.120056	-0.022215	-0.992519	-0.610022	-0.790396	-0.056098	-0.783237	0.612193	-0.108444
52629		0.123159	-0.019239	-0.992200	-0.602718	-0.795741	-0.059384	-0.788392	0.605331	-0.109599
52630		0.126211	-0.016491	-0.991866	-0.595453	-0.800959	-0.062452	-0.793414	0.598492	-0.110909
52631		0.129384	-0.014019	-0.991495	-0.588371	-0.805944	-0.065383	-0.798173	0.591826	-0.112525
52632		0.132634	-0.011536	-0.991098	-0.582196	-0.810159	-0.068483	-0.802157	0.586096	-0.114171
52633		0.136283	-0.009358	-0.990626	-0.577069	-0.813542	-0.071703	-0.805245	0.581431	-0.116272
52634		0.140224	-0.007273	-0.990093	-0.573066	-0.816055	-0.075167	-0.807423	0.577929	-0.118598
52635		0.144153	-0.005068	-0.989542	-0.570096	-0.817784	-0.078861	-0.808833	0.575502	-0.120775
52636		0.147969	-0.002710	-0.988988	-0.567980	-0.818873	-0.082736	-0.809632	0.573968	-0.122707
52637		0.151729	-0.000307	-0.988422	-0.566656	-0.819377	-0.086731	-0.809864	0.573255	-0.124497
52638		0.155400	0.002186	-0.987849	-0.566142	-0.819283	-0.090873	-0.809527	0.573385	-0.126079
52639		0.158902	0.004717	-0.987283	-0.567246	-0.818027	-0.095206	-0.808073	0.575161	-0.127310
52640		0.162015	0.007479	-0.986760	-0.568692	-0.816503	-0.099561	-0.806437	0.577293	-0.128032
52641		0.164844	0.010444	-0.986264	-0.569388	-0.815489	-0.103803	-0.805372	0.578678	-0.128482
52642		0.167129	0.013902	-0.985837	-0.568848	-0.815330	-0.107934	-0.805283	0.578830	-0.128357
52643		0.169361	0.017511	-0.985399	-0.567914	-0.815419	-0.112098	-0.805475	0.578607	-0.128155
52644		0.171796	0.021109	-0.984906	-0.566457	-0.815845	-0.116291	-0.805986	0.577885	-0.128201
52645		0.174212	0.024762	-0.984397	-0.564605	-0.816524	-0.120459	-0.806766	0.576780	-0.128268
52646		0.176779	0.028389	-0.983841	-0.561641	-0.817957	-0.124519	-0.808275	0.574578	-0.128653
52647		0.179308	0.032014	-0.983272	-0.557334	-0.820309	-0.128343	-0.810696	0.571024	-0.129245
52648		0.181733	0.035684	-0.982700	-0.552072	-0.823283	-0.131991	-0.813750	0.566509	-0.129918
52650		0.185936	0.043314	-0.981607	-0.540602	-0.829714	-0.139013	-0.820474	0.556506	-0.130858
52651		0.187250	0.047412	-0.981167	-0.534512	-0.833101	-0.142265	-0.824157	0.551085	-0.130656
52652		0.188371	0.051385	-0.980753	-0.528431	-0.836447	-0.145319	-0.827815	0.545634	-0.130408
52653		0.189452	0.055035	-0.980346	-0.522398	-0.839743	-0.148095	-0.831390	0.540188	-0.130341
52654		0.190070	0.058455	-0.980029	-0.515094	-0.843865	-0.150232	-0.835794	0.533362	-0.130284
52655		0.190638	0.061421	-0.979737	-0.507083	-0.848414	-0.151857	-0.840550	0.525758	-0.130595
52656		0.191127	0.064000	-0.979477	-0.499456	-0.852690	-0.153175	-0.844994	0.518481	-0.131007
52659		0.191771	0.070157	-0.978929	-0.480999	-0.862720	-0.156056	-0.855490	0.500791	-0.131699
52660		0.191296	0.071580	-0.978919	-0.475143	-0.865939	-0.156169	-0.858863	0.495001	-0.131639
52661		0.190466	0.072437	-0.979018	-0.468980	-0.869400	-0.155566	-0.862427	0.488770	-0.131620
52662		0.189267	0.072725	-0.979229	-0.462930	-0.872861	-0.154301	-0.865952	0.482519	-0.131537
52663		0.187668	0.072559	-0.979549	-0.457518	-0.876018	-0.152544	-0.869171	0.476788	-0.131204
52664		0.185486	0.072139	-0.979995	-0.453349	-0.878539	-0.150477	-0.871820	0.472192	-0.130253
52665		0.182591	0.071503	-0.980585	-0.450219	-0.880560	-0.148043	-0.874050	0.468509	-0.128591
52666		0.178507	0.070794	-0.981389	-0.446679	-0.882877	-0.144935	-0.876706	0.464238	-0.125978
52667		0.173531	0.069688	-0.982360	-0.442539	-0.885596	-0.140997	-0.879799	0.459199	-0.122838
52668		0.168167	0.067854	-0.983420	-0.438361	-0.888410	-0.136259	-0.882926	0.454008	-0.119657
52669		0.162501	0.065158	-0.984555	-0.434257	-0.891263	-0.130658	-0.886010	0.448782	-0.116536
52670		0.156309	0.061613	-0.985785	-0.430763	-0.893882	-0.124172	-0.888825	0.444049	-0.113181
52671		0.149002	0.057245	-0.987178	-0.427662	-0.896396	-0.116531	-0.891574	0.439542	-0.109083
52672		0.140377	0.051984	-0.988733	-0.424914	-0.898818	-0.107585	-0.894283	0.435229	-0.104084
52673		0.130747	0.045521	-0.990370	-0.422443	-0.901164	-0.097191	-0.896910	0.431082	-0.098595
52674		0.120250	0.037794	-0.992024	-0.420084	-0.903463	-0.085341	-0.899483	0.426996	-0.092764
52675		0.108899	0.028856	-0.993634	-0.417724	-0.905710	-0.072084	-0.902024	0.422914	-0.086577
52676		0.097148	0.019088	-0.995087	-0.415080	-0.907938	-0.057939	-0.904583	0.418670	-0.080281
52677		0.084521	0.008622	-0.996384	-0.412714	-0.909850	-0.042883	-0.906931	0.414847	-0.073343
52678		0.071811	-0.002980	-0.997414	-0.409952	-0.911714	-0.026792	-0.909276	0.410815	-0.066693
52679		0.059449	-0.015402	-0.998113	-0.406490	-0.913599	-0.010113	-0.911719	0.406324	-0.060573
52680		0.046626	-0.027912	-0.998522	-0.402769	-0.915276	0.006777	-0.914113	0.401858	-0.053918
52681		0.033855	-0.040586	-0.998602	-0.397520	-0.917285	0.023804	-0.916969	0.396158	-0.047188
52682		0.021562	-0.053149	-0.998354	-0.390840	-0.919566	0.040514	-0.920206	0.389323	-0.040601
52683		0.010126	-0.065320	-0.997813	-0.383407	-0.921852	0.056456	-0.923524	0.381997	-0.034378
52684		0.000267	-0.076932	-0.997036	-0.376054	-0.923859	0.071185	-0.926598	0.374921	-0.029178
52685		-0.007611	-0.087862	-0.996104	-0.369730	-0.925294	0.084441	-0.929108	0.368932	-0.025443
52686		-0.013011	-0.098372	-0.995065	-0.364081	-0.926371	0.096342	-0.931277	0.363537	-0.023762
52687		-0.016566	-0.108477	-0.993961	-0.356892	-0.927972	0.107223	-0.933999	0.356513	-0.023342
52688		-0.019163	-0.117753	-0.992858	-0.346129	-0.930853	0.117080	-0.937991	0.345901	-0.022920
52689		-0.021543	-0.126126	-0.991780	-0.330613	-0.935301	0.126125	-0.943521	0.330612	-0.021550
52690		-0.023554	-0.133670	-0.990746	-0.310890	-0.940904	0.134337	-0.950154	0.311177	-0.019395
52691		-0.024774	-0.140768	-0.989733	-0.288533	-0.946897	0.141898	-0.957150	0.289085	-0.017158
52692		-0.024686	-0.147293	-0.988785	-0.264458	-0.952888	0.148549	-0.964081	0.265159	-0.015430
52693		-0.023934	-0.153292	-0.987891	-0.238621	-0.958736	0.154550	-0.970818	0.239431	-0.013632
52694		-0.022928	-0.158762	-0.987051	-0.211403	-0.964214	0.159999	-0.977130	0.212334	-0.011455
52695		-0.021656	-0.163836	-0.986250	-0.182976	-0.969169	0.165016	-0.982879	0.184034	-0.008990
52697		-0.017710	-0.172829	-0.984793	-0.124204	-0.976938	0.173684	-0.992099	0.125391	-0.004165
52698		-0.014946	-0.176809	-0.984132	-0.094402	-0.979596	0.177428	-0.995422	0.095556	-0.002050
52699		-0.011798	-0.180189	-0.983561	-0.064757	-0.981427	0.180575	-0.997831	0.065823	-0.000089
52700		-0.007993	-0.182947	-0.983090	-0.035611	-0.982446	0.183117	-0.999334	0.036472	0.001338
52701		-0.003530	-0.184995	-0.982733	-0.007549	-0.982706	0.185017	-0.999965	0.008071	0.002073
52702		0.001475	-0.186462	-0.982461	0.019242	-0.982275	0.186456	-0.999814	-0.019180	0.002139
52703		0.006663	-0.187320	-0.982276	0.045569	-0.981221	0.187428	-0.998939	-0.046010	0.001998
52704		0.012050	-0.187819	-0.982130	0.071998	-0.979489	0.188197	-0.997332	-0.072979	0.001720
52705		0.017837	-0.187988	-0.982009	0.098397	-0.977068	0.188829	-0.994987	-0.099995	0.001070
52706		0.024527	-0.187992	-0.981864	0.124325	-0.973961	0.189585	-0.991938	-0.126720	-0.000517
52707		0.032200	-0.187771	-0.981685	0.149729	-0.970204	0.190487	-0.988203	-0.153120	-0.003126
52708		0.040510	-0.187594	-0.981411	0.174310	-0.965828	0.191810	-0.983857	-0.178840	-0.006426
52709		0.049012	-0.187484	-0.981044	0.197650	-0.960980	0.193524	-0.979047	-0.203388	-0.010044
52710		0.057629	-0.187541	-0.980565	0.219553	-0.955770	0.195702	-0.973897	-0.226564	-0.013905
52711		0.066432	-0.187550	-0.980006	0.240210	-0.950283	0.198144	-0.968445	-0.248570	-0.018078
52713		0.084799	-0.187080	-0.978678	0.281435	-0.937724	0.203637	-0.955826	-0.292702	-0.026867
52714		0.094677	-0.186428	-0.977896	0.303057	-0.930287	0.206693	-0.948258	-0.315927	-0.031578
52715		0.104971	-0.185252	-0.977068	0.325064	-0.922136	0.209760	-0.939848	-0.339629	-0.036579
52716		0.115652	-0.183305	-0.976229	0.346497	-0.913641	0.212601	-0.930895	-0.362848	-0.042150
52717		0.126754	-0.180764	-0.975324	0.367402	-0.904767	0.215435	-0.921384	-0.385643	-0.048269
52718		0.138076	-0.177569	-0.974374	0.388734	-0.895136	0.218216	-0.910945	-0.408902	-0.054570
52719		0.149987	-0.173482	-0.973349	0.410749	-0.884570	0.220953	-0.899327	-0.432942	-0.061417
52720		0.162463	-0.168199	-0.972273	0.433810	-0.872847	0.223486	-0.886236	-0.458090	-0.068839
52721		0.175429	-0.161706	-0.971121	0.458448	-0.859521	0.225940	-0.871235	-0.484845	-0.076651
52722		0.188310	-0.154021	-0.969957	0.484835	-0.844311	0.228197	-0.854092	-0.513241	-0.084317
52723		0.200546	-0.145494	-0.968820	0.512882	-0.826975	0.230359	-0.834706	-0.543088	-0.091225
52724		0.211446	-0.136589	-0.967799	0.542564	-0.807208	0.232464	-0.812967	-0.574246	-0.096572
52725		0.221338	-0.127328	-0.966849	0.573634	-0.784776	0.234671	-0.788640	-0.606559	-0.100661
52726		0.230230	-0.117650	-0.965998	0.606435	-0.759000	0.236973	-0.761072	-0.640373	-0.103397
52727		0.238705	-0.107225	-0.965154	0.639589	-0.730507	0.239342	-0.730716	-0.674434	-0.105796
52728		0.247053	-0.095456	-0.964289	0.671758	-0.700322	0.241432	-0.698359	-0.707416	-0.108894
52729		0.255557	-0.081870	-0.963321	0.702406	-0.668942	0.243191	-0.664316	-0.738792	-0.113447
52730		0.263719	-0.066601	-0.962298	0.731563	-0.636411	0.244532	-0.628703	-0.768469	-0.119111
52731		0.271043	-0.050257	-0.961254	0.759594	-0.602217	0.245667	-0.591230	-0.796749	-0.125051
52732		0.277062	-0.033104	-0.960282	0.786996	-0.565549	0.246562	-0.551248	-0.824050	-0.130640
52733		0.281754	-0.015486	-0.959362	0.813760	-0.525879	0.247481	-0.508340	-0.850418	-0.135567
52735		0.285984	0.019125	-0.958043	0.864733	-0.435915	0.249428	-0.412855	-0.899785	-0.141203
52736		0.286032	0.036222	-0.957535	0.887760	-0.386122	0.250583	-0.360649	-0.921736	-0.142599
52737		0.284653	0.053406	-0.957142	0.908482	-0.333732	0.251560	-0.305995	-0.941154	-0.143516
52738		0.282167	0.070523	-0.956770	0.926270	-0.279715	0.252554	-0.249812	-0.957489	-0.144249
52739		0.278470	0.087615	-0.956440	0.940906	-0.224731	0.253361	-0.192744	-0.970474	-0.145019
52740		0.273866	0.104897	-0.956030	0.952194	-0.169481	0.254171	-0.135368	-0.979935	-0.146298
52741		0.268186	0.122465	-0.955551	0.960258	-0.113604	0.254948	-0.077333	-0.985949	-0.148065
52742		0.261474	0.140030	-0.954999	0.965023	-0.057442	0.255796	-0.019038	-0.988480	-0.150152
52743		0.253382	0.157544	-0.954451	0.966545	-0.000581	0.256497	0.039855	-0.987512	-0.152420
52744		0.243941	0.175016	-0.953867	0.964723	0.056619	0.257106	0.099004	-0.982936	-0.155031
52745		0.232851	0.191961	-0.953379	0.959464	0.114706	0.257433	0.158776	-0.974676	-0.157470
52746		0.220433	0.208053	-0.952955	0.950756	0.172404	0.257564	0.217881	-0.962804	-0.159804
52747		0.206597	0.222841	-0.952712	0.938934	0.228697	0.257101	0.275175	-0.947650	-0.161985
52748		0.191922	0.236067	-0.952595	0.924082	0.283417	0.256413	0.330512	-0.929487	-0.163751
52749		0.176310	0.247708	-0.952657	0.906461	0.336426	0.255237	0.383723	-0.908547	-0.165222
52750		0.160177	0.257557	-0.952894	0.885826	0.388401	0.253884	0.435494	-0.884765	-0.165938
52751		0.143343	0.265614	-0.953363	0.862124	0.439541	0.252084	0.485999	-0.858052	-0.165987
52752		0.126008	0.272051	-0.953997	0.835350	0.489604	0.249957	0.535082	-0.828418	-0.165564
52753		0.107563	0.277252	-0.954757	0.805303	0.538865	0.247207	0.583024	-0.795459	-0.165310
52754		0.088099	0.281339	-0.955556	0.771607	0.587405	0.244086	0.629970	-0.758817	-0.165333
52755		0.067487	0.283849	-0.956491	0.733741	0.635493	0.240360	0.676070	-0.718038	-0.165384
52756		0.046458	0.284479	-0.957556	0.692011	0.682140	0.236230	0.720390	-0.673614	-0.165172
52757		0.025427	0.282811	-0.958839	0.646615	0.726831	0.231527	0.762392	-0.625887	-0.164389
52758		0.004961	0.279254	-0.960205	0.597920	0.768833	0.226687	0.801540	-0.575250	-0.163157
52759		-0.013821	0.273572	-0.961752	0.545322	0.808273	0.222078	0.838113	-0.521396	-0.160356
52760		-0.030461	0.266440	-0.963370	0.488948	0.844600	0.218131	0.871781	-0.464393	-0.156003
52761		-0.045753	0.258321	-0.964975	0.428973	0.877467	0.214556	0.902158	-0.404131	-0.150960
52762		-0.060608	0.249709	-0.966422	0.365885	0.906368	0.211246	0.928685	-0.340796	-0.146298
52763		-0.075433	0.240194	-0.967790	0.299648	0.931157	0.207747	0.951063	-0.274325	-0.142214
52764		-0.090603	0.229921	-0.968983	0.230508	0.951404	0.204196	0.968843	-0.204858	-0.139199
52765		-0.105626	0.218206	-0.970170	0.159096	0.966768	0.200120	0.981596	-0.133212	-0.136832
52766		-0.119548	0.205377	-0.971354	0.086466	0.976807	0.195889	0.989056	-0.060571	-0.134533
52767		-0.131414	0.191501	-0.972655	0.013266	0.981416	0.191434	0.991239	0.012254	-0.131512
52768		-0.141034	0.177233	-0.974011	-0.059490	0.980550	0.187037	0.988216	0.084323	-0.127747
52769		-0.148329	0.162912	-0.975427	-0.131642	0.974308	0.182743	0.980137	0.155513	-0.123072
52770		-0.153483	0.149306	-0.976806	-0.202603	0.962763	0.178994	0.967158	0.225376	-0.117518
52771		-0.156821	0.136397	-0.978163	-0.271496	0.946307	0.175481	0.949577	0.293086	-0.111369
52772		-0.159629	0.124148	-0.979339	-0.337709	0.925337	0.172348	0.927616	0.358243	-0.105785
52773		-0.162633	0.111791	-0.980333	-0.400870	0.900379	0.169176	0.901584	0.420500	-0.101618
52774		-0.165539	0.099420	-0.981179	-0.460867	0.871789	0.166091	0.871894	0.479687	-0.098496
52775		-0.167875	0.086759	-0.981983	-0.517497	0.840077	0.162690	0.839056	0.535485	-0.096131
52776		-0.169795	0.073770	-0.982714	-0.570775	0.805547	0.159090	0.803359	0.587922	-0.094671
52777		-0.170642	0.060477	-0.983475	-0.620674	0.768604	0.154957	0.765274	0.636860	-0.093619
52778		-0.170185	0.047516	-0.984266	-0.667629	0.729096	0.150634	0.724782	0.682760	-0.092359
52779		-0.168123	0.035091	-0.985141	-0.711972	0.686869	0.145970	0.681785	0.725934	-0.090494
52780		-0.164898	0.023650	-0.986027	-0.753850	0.641638	0.141459	0.636018	0.766643	-0.087976
52781		-0.160521	0.013237	-0.986944	-0.793456	0.593007	0.137005	0.587078	0.805088	-0.084687
52782		-0.155694	0.003991	-0.987797	-0.830484	0.540911	0.133084	0.534842	0.841070	-0.080902
52783		-0.150564	-0.004440	-0.988590	-0.864112	0.486376	0.129421	0.480252	0.873738	-0.077067
52784		-0.145557	-0.012138	-0.989275	-0.893928	0.430063	0.126251	0.423918	0.902717	-0.073449
52785		-0.140461	-0.018993	-0.989904	-0.919786	0.372525	0.123364	0.366421	0.927828	-0.069795
52786		-0.135511	-0.024801	-0.990465	-0.941741	0.313827	0.120986	0.307834	0.949156	-0.065883
52787		-0.130453	-0.029602	-0.991012	-0.959796	0.254345	0.118746	0.248544	0.966660	-0.061592
52788		-0.125608	-0.033670	-0.991508	-0.973948	0.194388	0.116782	0.188806	0.980347	-0.057210
52789		-0.120679	-0.037164	-0.991996	-0.984183	0.135039	0.114670	0.129696	0.990143	-0.052872
52790		-0.115903	-0.040516	-0.992434	-0.990680	0.076698	0.112567	0.071557	0.996231	-0.049028
52791		-0.110841	-0.043767	-0.992874	-0.993721	0.020232	0.110044	0.015272	0.998837	-0.045735
52792		-0.105648	-0.046944	-0.993295	-0.993630	-0.034412	0.107310	-0.039219	0.998305	-0.043009
52793		-0.099867	-0.049864	-0.993751	-0.990755	-0.087180	0.103940	-0.091818	0.994944	-0.040696
52794		-0.093703	-0.052050	-0.994239	-0.985230	-0.138909	0.100127	-0.143321	0.988936	-0.038265
52795		-0.086914	-0.053505	-0.994778	-0.977321	-0.188980	0.095553	-0.193105	0.980522	-0.035867
52796		-0.079662	-0.054497	-0.995331	-0.967097	-0.237797	0.090422	-0.241615	0.969785	-0.033760
52797		-0.071891	-0.055095	-0.995890	-0.954733	-0.285153	0.084695	-0.288647	0.956897	-0.032101
52798		-0.063887	-0.055116	-0.996434	-0.940369	-0.330951	0.078599	-0.334103	0.942037	-0.030686
52799		-0.055762	-0.054383	-0.996962	-0.924273	-0.374854	0.072144	-0.377638	0.925488	-0.029362
52802		-0.031655	-0.049882	-0.998253	-0.870552	-0.489315	0.052056	-0.491057	0.870679	-0.027936
52803		-0.024297	-0.047070	-0.998596	-0.851635	-0.522170	0.045334	-0.523571	0.851541	-0.027400
52804		-0.017709	-0.043572	-0.998893	-0.831827	-0.553670	0.038898	-0.554752	0.831595	-0.026439
52805		-0.011820	-0.039692	-0.999142	-0.811288	-0.583727	0.032787	-0.584528	0.810979	-0.025302
52806		-0.006238	-0.036122	-0.999328	-0.791078	-0.611118	0.027027	-0.611684	0.790715	-0.024763
52807		-0.000627	-0.033239	-0.999447	-0.771707	-0.635611	0.021623	-0.635978	0.771294	-0.025252
52808		0.005013	-0.031356	-0.999496	-0.753305	-0.657456	0.016848	-0.657653	0.752840	-0.026916
52809		0.010943	-0.030471	-0.999476	-0.736108	-0.676747	0.012573	-0.676776	0.735584	-0.029836
52810		0.016671	-0.030356	-0.999400	-0.719976	-0.693940	0.009068	-0.693799	0.719393	-0.033424
52811		0.021990	-0.030812	-0.999283	-0.704614	-0.709562	0.006373	-0.709250	0.703969	-0.037314
52812		0.027095	-0.031913	-0.999123	-0.690200	-0.723605	0.004395	-0.723111	0.689476	-0.041632
52813		0.032802	-0.033997	-0.998884	-0.677391	-0.735618	0.002792	-0.734892	0.676543	-0.047158
52814		0.038931	-0.037003	-0.998557	-0.666847	-0.745193	0.001616	-0.744177	0.665822	-0.053686
52815		0.044950	-0.040608	-0.998164	-0.657573	-0.753390	0.001037	-0.752048	0.656319	-0.060568
52816		0.051115	-0.044778	-0.997688	-0.649922	-0.760001	0.000813	-0.758281	0.648378	-0.067949
52817		0.058077	-0.050063	-0.997056	-0.647110	-0.762397	0.000588	-0.760182	0.645170	-0.076674
52818		0.065447	-0.056102	-0.996278	-0.650927	-0.759141	-0.000012	-0.756314	0.648504	-0.086202
52819		0.073854	-0.063510	-0.995245	-0.663192	-0.748448	-0.001453	-0.744797	0.660145	-0.097395
52820		0.082580	-0.072928	-0.993913	-0.687206	-0.726453	-0.003794	-0.721754	0.683336	-0.110107
52821		0.088246	-0.082802	-0.992651	-0.713516	-0.700621	-0.004989	-0.695059	0.708713	-0.120908
52823		0.078528	-0.106638	-0.991192	-0.678695	-0.733988	0.025197	-0.730210	0.670738	-0.130013
52824		0.062797	-0.113832	-0.991513	-0.645771	-0.762108	0.046595	-0.760945	0.637364	-0.121368
52825		0.049457	-0.119647	-0.991584	-0.624000	-0.778892	0.062859	-0.779858	0.615639	-0.113181
52826		0.041743	-0.125085	-0.991268	-0.610294	-0.788728	0.073827	-0.791075	0.601883	-0.109263
52827		0.039499	-0.129126	-0.990841	-0.597438	-0.797898	0.080165	-0.800942	0.588800	-0.108661
52828		0.040446	-0.129669	-0.990732	-0.591733	-0.802073	0.080820	-0.805119	0.582980	-0.109170
52829		0.045234	-0.128915	-0.990623	-0.591697	-0.802435	0.077406	-0.804890	0.582648	-0.112576
52830		0.052695	-0.126570	-0.990557	-0.592133	-0.802701	0.071066	-0.804116	0.582797	-0.117245
52831		0.062264	-0.123382	-0.990404	-0.593507	-0.802387	0.062648	-0.802417	0.583911	-0.123188
52832		0.071960	-0.119772	-0.990190	-0.595178	-0.801795	0.053731	-0.800365	0.585473	-0.128983
52833		0.079473	-0.115560	-0.990116	-0.592543	-0.804207	0.046300	-0.801609	0.583007	-0.132387
52834		0.086765	-0.112464	-0.989860	-0.587477	-0.808235	0.040333	-0.804576	0.578020	-0.136197
52835		0.093065	-0.109478	-0.989623	-0.580841	-0.813250	0.035344	-0.808680	0.571524	-0.139275
52836		0.098739	-0.106118	-0.989439	-0.571900	-0.819743	0.030847	-0.814359	0.562814	-0.141629
52837		0.104696	-0.102318	-0.989227	-0.561265	-0.827223	0.026159	-0.820987	0.552480	-0.144034
52838		0.110852	-0.097858	-0.989007	-0.549714	-0.835088	0.021014	-0.827965	0.541342	-0.146365
52839		0.117324	-0.092615	-0.988766	-0.538002	-0.842808	0.015106	-0.834739	0.530185	-0.148709
52840		0.123665	-0.086655	-0.988533	-0.526607	-0.850065	0.008638	-0.841066	0.519500	-0.150756
52841		0.129865	-0.080589	-0.988251	-0.517482	-0.855693	0.001777	-0.845782	0.511171	-0.152828
52842		0.135384	-0.074743	-0.987970	-0.511580	-0.859221	-0.005100	-0.848503	0.506116	-0.154562
52843		0.139880	-0.069048	-0.987758	-0.508726	-0.860847	-0.011866	-0.849489	0.504158	-0.155541
52844		0.143182	-0.063615	-0.987650	-0.508564	-0.860830	-0.018281	-0.849036	0.504900	-0.155608
52845		0.145817	-0.058778	-0.987564	-0.511464	-0.858958	-0.024396	-0.846842	0.508661	-0.155313
52846		0.148201	-0.054992	-0.987427	-0.517365	-0.855238	-0.030021	-0.842834	0.515310	-0.155198
52847		0.150215	-0.052351	-0.987266	-0.526027	-0.849748	-0.034978	-0.837097	0.524583	-0.155182
52848		0.151336	-0.050794	-0.987176	-0.536748	-0.842844	-0.038917	-0.830059	0.535755	-0.154816
52849		0.151955	-0.050385	-0.987102	-0.549150	-0.834671	-0.041932	-0.821793	0.548439	-0.154501
52850		0.151759	-0.051220	-0.987089	-0.562513	-0.825636	-0.043641	-0.812741	0.561874	-0.154110
52851		0.150950	-0.053039	-0.987117	-0.577326	-0.815302	-0.044478	-0.802439	0.576602	-0.153690
52852		0.149873	-0.055824	-0.987128	-0.593665	-0.803470	-0.044697	-0.790633	0.592722	-0.153559
52853		0.149068	-0.059324	-0.987046	-0.611282	-0.790142	-0.044829	-0.777247	0.610046	-0.154049
52854		0.147420	-0.063262	-0.987049	-0.628236	-0.776775	-0.044044	-0.763929	0.626592	-0.154256
52855		0.144084	-0.067279	-0.987276	-0.642229	-0.765385	-0.041570	-0.752849	0.640047	-0.153488
52856		0.139671	-0.071834	-0.987589	-0.653990	-0.755572	-0.037534	-0.743498	0.651115	-0.152511
52857		0.135576	-0.077606	-0.987723	-0.666517	-0.744760	-0.032971	-0.733058	0.662804	-0.152697
52858		0.130663	-0.084545	-0.987815	-0.681787	-0.731029	-0.027616	-0.719787	0.677088	-0.153160
52859		0.124235	-0.092327	-0.987948	-0.700435	-0.713395	-0.021411	-0.702821	0.694653	-0.153298
52860		0.116576	-0.100803	-0.988053	-0.720842	-0.692950	-0.014353	-0.683225	0.713904	-0.153444
52861		0.107827	-0.109374	-0.988135	-0.739575	-0.673045	-0.006206	-0.664381	0.731469	-0.153463
52862		0.097067	-0.117012	-0.988376	-0.754726	-0.656031	0.003545	-0.648819	0.745609	-0.151991
52863		0.083790	-0.123525	-0.988798	-0.763987	-0.645037	0.015841	-0.639768	0.754101	-0.148419
52864		0.069555	-0.130387	-0.989020	-0.767499	-0.640327	0.030442	-0.637265	0.756955	-0.144610
52865		0.056937	-0.139873	-0.988531	-0.768377	-0.638337	0.046065	-0.637460	0.756942	-0.143820
52866		0.044838	-0.149004	-0.987820	-0.769034	-0.636283	0.061071	-0.637633	0.756929	-0.143119
52867		0.034274	-0.158268	-0.986801	-0.769952	-0.633691	0.074893	-0.637180	0.757223	-0.143578
52868		0.025642	-0.168273	-0.985407	-0.773787	-0.627441	0.087010	-0.632927	0.760264	-0.146296
52869		0.019849	-0.180247	-0.983421	-0.780041	-0.618079	0.097541	-0.625413	0.765173	-0.152869
52870		0.013713	-0.190258	-0.981638	-0.782412	-0.613334	0.107944	-0.622610	0.766566	-0.157271
52871		0.005978	-0.198301	-0.980123	-0.779008	-0.615469	0.119772	-0.626986	0.762807	-0.158158
52872		-0.001779	-0.206748	-0.978393	-0.771892	-0.621732	0.132784	-0.635751	0.755450	-0.158481
52873		-0.009831	-0.215566	-0.976440	-0.759375	-0.633703	0.147546	-0.650579	0.742934	-0.157465
52874		-0.019171	-0.221870	-0.974888	-0.744005	-0.648200	0.162152	-0.667899	0.728430	-0.152646
52875		-0.026551	-0.227910	-0.973320	-0.731337	-0.659356	0.174344	-0.681499	0.716454	-0.149172
52876		-0.031206	-0.231585	-0.972314	-0.717752	-0.671808	0.183047	-0.695599	0.703592	-0.145256
52877		-0.032513	-0.233182	-0.971890	-0.700938	-0.687865	0.188485	-0.712480	0.687363	-0.141082
52878		-0.030230	-0.232937	-0.972022	-0.685671	-0.702749	0.189732	-0.727284	0.672223	-0.138474
52879		-0.025950	-0.230277	-0.972779	-0.669139	-0.718953	0.188041	-0.742684	0.655804	-0.135431
52880		-0.019683	-0.224597	-0.974253	-0.651441	-0.736322	0.182907	-0.758444	0.638268	-0.131819
52881		-0.011235	-0.216273	-0.976268	-0.635154	-0.752527	0.174017	-0.772304	0.622036	-0.128912
52882		-0.001681	-0.204522	-0.978861	-0.616691	-0.770353	0.162016	-0.787204	0.603926	-0.124832
52883		0.007788	-0.189277	-0.981893	-0.595366	-0.789795	0.147525	-0.803417	0.583436	-0.118840
52884		0.018801	-0.172090	-0.984902	-0.574036	-0.808397	0.130292	-0.818614	0.562920	-0.113985
52885		0.031442	-0.153236	-0.987689	-0.549879	-0.827845	0.110932	-0.834652	0.539622	-0.110290
52886		0.046005	-0.132698	-0.990088	-0.522012	-0.848237	0.089430	-0.851696	0.512724	-0.108293
52887		0.062210	-0.110956	-0.991876	-0.485159	-0.871847	0.067100	-0.872210	0.477044	-0.108069
52888		0.077755	-0.087191	-0.993153	-0.436013	-0.898826	0.044774	-0.896575	0.429546	-0.107904
52889		0.093335	-0.062741	-0.993656	-0.375818	-0.926403	0.023194	-0.921981	0.371269	-0.110045
52891		0.121578	-0.014877	-0.992470	-0.234525	-0.972007	-0.014159	-0.964478	0.234480	-0.121663
52892		0.129981	0.006022	-0.991498	-0.148938	-0.988517	-0.025529	-0.980266	0.150990	-0.127592
52893		0.136249	0.024689	-0.990367	-0.055868	-0.997907	-0.032563	-0.989098	0.059766	-0.134584
52894		0.139859	0.040735	-0.989333	0.041142	-0.998530	-0.035297	-0.989316	-0.035766	-0.141330
52895		0.138211	0.055133	-0.988867	0.141663	-0.989283	-0.035356	-0.980219	-0.135199	-0.144540
52896		0.132341	0.066183	-0.988992	0.246831	-0.968537	-0.031784	-0.959979	-0.239908	-0.144513
52898		0.122977	0.084345	-0.988819	0.452299	-0.891646	-0.019805	-0.883347	-0.444807	-0.147801
52899		0.122263	0.095398	-0.987902	0.539958	-0.841568	-0.014441	-0.832765	-0.531660	-0.154404
52900		0.122714	0.109946	-0.986333	0.622748	-0.782362	-0.009731	-0.772739	-0.613043	-0.164476
52901		0.122535	0.126237	-0.984403	0.704136	-0.710057	-0.003407	-0.699412	-0.692736	-0.175895
52902		0.119342	0.143909	-0.982368	0.777283	-0.629147	0.002263	-0.617728	-0.763849	-0.186942
52903		0.114394	0.161408	-0.980235	0.837256	-0.546758	0.007678	-0.534712	-0.821586	-0.197686
52904		0.107127	0.176987	-0.978366	0.885802	-0.463880	0.013076	-0.451530	-0.868039	-0.206469
52905		0.099721	0.188835	-0.976933	0.925786	-0.377434	0.021544	-0.364660	-0.906579	-0.212459
52906		0.090295	0.199262	-0.975777	0.957818	-0.285777	0.030275	-0.272822	-0.937351	-0.216661
52907		0.078460	0.207301	-0.975126	0.981423	-0.187844	0.039033	-0.175080	-0.960073	-0.218189
52908		0.063332	0.212916	-0.975016	0.995257	-0.085766	0.045918	-0.073846	-0.973299	-0.217338
52909		0.046507	0.216329	-0.975212	0.998518	0.017541	0.051510	0.028250	-0.976163	-0.215193
52911		0.007686	0.211726	-0.977299	0.971354	0.230552	0.057587	0.237511	-0.949746	-0.203889
52912		-0.010954	0.203619	-0.978989	0.939302	0.337848	0.059759	0.342917	-0.918911	-0.194960
52913		-0.028009	0.190967	-0.981197	0.892965	0.445932	0.061300	0.449254	-0.874458	-0.183017
52914		-0.041197	0.176367	-0.983462	0.830934	0.552643	0.064300	0.554843	-0.814543	-0.169317
52915		-0.049907	0.161355	-0.985634	0.753556	0.653766	0.068870	0.655486	-0.739293	-0.154217
52916		-0.052644	0.148489	-0.987512	0.665025	0.742918	0.076258	0.744964	-0.652705	-0.137859
52917		-0.053142	0.138554	-0.988928	0.573508	0.814948	0.083360	0.817475	-0.562728	-0.122770
52918		-0.051719	0.132062	-0.989891	0.479670	0.872679	0.091363	0.875923	-0.470096	-0.108480
52919		-0.050213	0.128181	-0.990479	0.389125	0.915872	0.098799	0.919816	-0.380459	-0.095867
52920		-0.049882	0.127520	-0.990581	0.307442	0.945616	0.106250	0.950258	-0.299246	-0.086374
52921		-0.052690	0.128809	-0.990269	0.235693	0.965234	0.113012	0.970398	-0.227445	-0.081217
52922		-0.059764	0.131660	-0.989492	0.167559	0.978522	0.120080	0.984049	-0.158622	-0.080541
52923		-0.066879	0.133325	-0.988813	0.094802	0.987398	0.126722	0.993247	-0.085267	-0.078675
52924		-0.072959	0.135349	-0.988108	0.034881	0.990489	0.133100	0.996725	-0.024755	-0.076986
52925		-0.080735	0.139996	-0.986855	-0.021889	0.989599	0.142176	0.996495	0.033080	-0.076831
52926		-0.087414	0.146429	-0.985351	-0.093465	0.983569	0.154456	0.991778	0.105597	-0.072292
52927		-0.099165	0.151933	-0.983404	-0.157600	0.973403	0.166280	0.982511	0.171474	-0.072583
52928		-0.123092	0.151587	-0.980750	-0.210714	0.961739	0.175095	0.969767	0.228211	-0.086441
52929		-0.152459	0.145332	-0.977566	-0.243163	0.953207	0.179634	0.957929	0.265095	-0.109986
52931		-0.169500	0.161095	-0.972275	-0.279288	0.938255	0.204148	0.945128	0.306148	-0.114042
52932		-0.176356	0.172536	-0.969087	-0.302959	0.927212	0.220213	0.936544	0.332429	-0.111248
52933		-0.180046	0.184972	-0.966110	-0.337198	0.911044	0.237269	0.924057	0.368490	-0.101657
52934		-0.181147	0.193417	-0.964249	-0.362951	0.898107	0.248335	0.914031	0.394960	-0.092489
52935		-0.179200	0.198085	-0.963665	-0.383518	0.887963	0.253842	0.905981	0.415071	-0.083154
52936		-0.176576	0.196844	-0.964403	-0.397076	0.882287	0.252785	0.900640	0.427577	-0.077629
52937		-0.173580	0.192319	-0.965859	-0.403982	0.880528	0.247930	0.898147	0.433225	-0.075148
52938		-0.169880	0.185368	-0.967874	-0.409639	0.879992	0.240436	0.896291	0.437324	-0.073559
52939		-0.165610	0.176077	-0.970345	-0.415566	0.879851	0.230581	0.894359	0.441429	-0.072540
52940		-0.160747	0.164918	-0.973120	-0.421504	0.880042	0.218771	0.892465	0.445341	-0.071950
52941		-0.154926	0.152975	-0.976010	-0.429765	0.879126	0.206008	0.889551	0.451371	-0.070457
52942		-0.148135	0.141464	-0.978797	-0.441333	0.876246	0.193435	0.885032	0.460630	-0.067371
52943		-0.142497	0.129527	-0.981283	-0.451732	0.873618	0.180914	0.880700	0.469057	-0.065977
52944		-0.137069	0.117164	-0.983608	-0.463565	0.869947	0.168225	0.875397	0.479025	-0.064929
52945		-0.131922	0.102564	-0.985940	-0.478170	0.864673	0.153930	0.868303	0.491754	-0.065026
52946		-0.127130	0.085130	-0.988226	-0.494483	0.858235	0.137545	0.859840	0.506147	-0.067012
52947		-0.122338	0.064582	-0.990385	-0.513496	0.849822	0.118846	0.849326	0.523098	-0.070803
52948		-0.116230	0.042035	-0.992332	-0.536087	0.838419	0.098306	0.836123	0.543402	-0.074916
52949		-0.109463	0.017854	-0.993830	-0.559545	0.825266	0.076456	0.821540	0.564462	-0.080346
52950		-0.102109	-0.006205	-0.994754	-0.582397	0.811061	0.054722	0.806466	0.584929	-0.086431
52951		-0.095236	-0.029722	-0.995011	-0.603878	0.796351	0.034012	0.791367	0.604104	-0.093790
52952		-0.088587	-0.051966	-0.994712	-0.624476	0.780903	0.014819	0.776004	0.622486	-0.101629
52953		-0.082346	-0.072651	-0.993952	-0.644218	0.764837	-0.002533	0.760396	0.640114	-0.109785
52954		-0.076590	-0.090909	-0.992910	-0.662819	0.748577	-0.017411	0.744852	0.656786	-0.117589
52955		-0.072256	-0.107635	-0.991561	-0.679936	0.732658	-0.029983	0.729703	0.672032	-0.126124
52956		-0.068391	-0.122193	-0.990147	-0.696511	0.716413	-0.040303	0.714279	0.686892	-0.134104
52957		-0.065780	-0.134656	-0.988707	-0.711711	0.700824	-0.048097	0.699386	0.700509	-0.141937
52958		-0.064413	-0.145099	-0.987318	-0.723245	0.688477	-0.053996	0.687581	0.710595	-0.149289
52959		-0.064479	-0.152089	-0.986261	-0.735249	0.675472	-0.056094	0.674723	0.721531	-0.155377
52960		-0.065102	-0.153907	-0.985938	-0.750474	0.658749	-0.053278	0.657686	0.736453	-0.158389
52961		-0.067125	-0.149966	-0.986410	-0.768918	0.637787	-0.044639	0.635814	0.755472	-0.158123
52962		-0.070746	-0.141587	-0.987395	-0.787319	0.615721	-0.031880	0.612473	0.775140	-0.155034
52963		-0.077631	-0.130026	-0.988467	-0.804001	0.594437	-0.015051	0.589539	0.793560	-0.150688
52964		-0.087121	-0.115838	-0.989440	-0.818538	0.574432	0.004822	0.567807	0.810315	-0.144863
52965		-0.099447	-0.098947	-0.990111	-0.828412	0.559453	0.027297	0.551220	0.822935	-0.137605
52966		-0.114299	-0.082983	-0.989975	-0.832639	0.551564	0.049900	0.541893	0.829995	-0.132138
52967		-0.132921	-0.072408	-0.988478	-0.829920	0.553338	0.071066	0.541816	0.829804	-0.133643
52968		-0.151323	-0.065762	-0.986294	-0.821580	0.563182	0.088501	0.549643	0.823712	-0.139252
52969		-0.169495	-0.062477	-0.983549	-0.808313	0.579768	0.102469	0.563828	0.812383	-0.148769
52970		-0.186884	-0.062585	-0.980386	-0.795359	0.595397	0.113605	0.576609	0.800990	-0.161048
52971		-0.201502	-0.061082	-0.977582	-0.791043	0.598719	0.125643	0.577622	0.798627	-0.168961
